0.0714286,0.0625
0,0
0,0
0.047619,0.0666667
0,0
0.0555556,0.0416667
0,0
0.111111,0.0909091
0.0714286,0.0714286
0.0769231,0.0909091
0.111111,0.0740741
0,0
0,0
0.0625,0.047619
0,0
0,0
0,0
0.0384615,0.047619
0.05,0.0454545
0.0416667,0.037037
0,0
0,0
0.0384615,0.037037
0,0
0,0
0.0416667,0.04
0.0555556,0.0526316
0,0
0,0
0,0
0.047619,0.0625
0,0
0,0
0,0
0,0
0,0
0,0
0.0714286,0.0666667
0.333333,0.333333
0.0769231,0.111111
0.0384615,0.0344828
0.0833333,0.1
0,0
0,0
0,0
0.238095,0.217391
0.04,0.0588235
0,0
0.222222,0.173913
0,0
0,0
0,0
0,0
0,0
0,0
0.047619,0.0434783
0,0
0,0
0,0
0.037037,0.0384615
0.111111,0.0769231
0,0
0,0
0,0
0.0588235,0.047619
0.0769231,0.0454545
0,0
0,0
0.0434783,0.04
0,0
0.0333333,0.0434783
0,0
0,0
0,0
0,0
0.047619,0.047619
0,0
0.0555556,0.0454545
0,0
0.0769231,0.0689655
0,0
0,0
0.0833333,0.0952381
0,0
0,0
0,0
0,0
0,0
0,0
0,0
0,0
0,0
0,0
0.0526316,0.05
0.0588235,0.0714286
0,0
0.0714286,0.0714286
0,0
0.0625,0.0769231
0.037037,0.0416667
0,0
0,0
0.0769231,0.0740741
0.0434783,0.05
0.05,0.0625
0,0
0,0
0,0
0.0909091,0.0909091
0.04,0.0416667
0.05,0.047619
0.0416667,0.0434783
0.0416667,0.04
0,0
0,0
0,0
0.05,0.0666667
0,0
0,0
0,0
0.0740741,0.0769231
0.04,0.04
0.0357143,0.0434783
0,0
0,0
0.0416667,0.0454545
0.0357143,0.05
0.0384615,0.047619
0,0
0,0
0,0
0,0
0.0666667,0.0769231
0.0454545,0.037037
0.0526316,0.0588235
0.0434783,0.0526316
0,0
0,0
0,0
0,0
0,0
0.0454545,0.0434783
0.0434783,0.0454545
0,0
0.0526316,0.0588235
0,0
0.0666667,0.0909091
0.04,0.047619
0.0454545,0.05
0.05,0.0416667
0.0416667,0.0357143
0.1,0.0952381
0.0555556,0.0714286
0,0
0,0
0.0588235,0.0555556
0,0
0,0
0,0
0,0
0,0
0.0833333,0.1
0,0
0.0714286,0.05
0,0
0.0555556,0.05
0.0666667,0.0588235
0.1,0.0666667
0,0
0,0
0.047619,0.0434783
0,0
0,0
0,0
0,0
0,0
0,0
0,0
0,0
0,0
0,0
0.047619,0.0416667
0,0
0,0
0.0384615,0.04
0,0
0,0
0,0
0.0588235,0.0434783
0,0
0.0769231,0.0833333
0,0
0,0
0,0
0,0
0.0588235,0.0555556
0,0
0.0666667,0.0714286
0.0454545,0.047619
0,0
0.0416667,0.047619
0,0
0,0
0.0384615,0.0384615
0,0
0.0357143,0.0555556
0.0434783,0.0526316
0,0
0.0555556,0.0769231
0.0588235,0.0666667
0.0357143,0.0434783
0,0
0.0769231,0.0625
0.05,0.0416667
0,0
0,0
0.0833333,0.0666667
0.0384615,0.0416667
0,0
0,0
0.0625,0.0833333
0.0555556,0.0625
0.0769231,0.0588235
0,0
0.0714286,0.0555556
0,0
0.047619,0.0526316
0,0
0,0
0,0
0.0357143,0.037037
0.0833333,0.0555556
0.0714286,0.0588235
0.0833333,0.117647
0,0
0.0666667,0.0526316
0,0
0.0588235,0.0526316
0.111111,0.142857
0,0
0,0
0,0
0,0
0.037037,0.04
0.0833333,0.125
0.047619,0.0666667
0,0
0,0
0.0434783,0.0588235
0.0909091,0.0740741
0.0714286,0.0833333
0.037037,0.0384615
0.0588235,0.0833333
0,0
0,0
0.0588235,0.0666667
0.1,0.142857
0,0
0,0
0.0714286,0.0588235
0.0588235,0.0555556
0.12,0.12
0,0
0.0454545,0.05
0,0
0,0
0.0454545,0.05
0,0
0.0555556,0.047619
0.0434783,0.0555556
0.0344828,0.0384615
0,0
0,0
0,0
0,0
0.181818,0.133333
0,0
0.0769231,0.0588235
0.047619,0.0555556
0,0
0.142857,0.15
0,0
0,0
0,0
0,0
0.04,0.0344828
0,0
0,0
0,0
0.117647,0.142857
0.0416667,0.0416667
0.0588235,0.0454545
0,0
0,0
0.0434783,0.0588235
0,0
0,0
0.0384615,0.04
0.0588235,0.0434783
0,0
0,0
0.047619,0.0434783
0.05,0.0434783
0.0625,0.0714286
0,0
0,0
0.0588235,0.0416667
0.0588235,0.0588235
0,0
0,0
0.0588235,0.0666667
0.05,0.05
0.0454545,0.047619
0,0
0,0
0,0
0.05,0.0625
0.0434783,0.04
0,0
0,0
0.0714286,0.0714286
0.0909091,0.0625
0.0625,0.0909091
0.047619,0.0454545
0.0416667,0.047619
0.0588235,0.0769231
0.0666667,0.0526316
0.05,0.0526316
0,0
0,0
0,0
0.047619,0.05
0,0
0,0
0,0
0.0384615,0.047619
0,0
0.04,0.0555556
0,0
0,0
0,0
0.0344828,0.0416667
0.0526316,0.0454545
0,0
0,0
0,0
0,0
0.047619,0.0625
0,0
0,0
0.0434783,0.04
0.0434783,0.0434783
0,0
0.105263,0.133333
0.0909091,0.0833333
0,0
0.047619,0.0555556
0.117647,0.117647
0.0769231,0.0909091
0,0
0.0454545,0.0357143
0,0
0.0588235,0.05
0,0
0.0555556,0.0714286
0.05,0.047619
0,0
0,0
0,0
0,0
0.0454545,0.0434783
0.0588235,0.0555556
0.0769231,0.0526316
0.0588235,0.0434783
0,0
0,0
0,0
0,0
0,0
0.0454545,0.047619
0.047619,0.0526316
0,0
0,0
0,0
0.0384615,0.0416667
0.08,0.0869565
0,0
0.0588235,0.0833333
0,0
0,0
0,0
0,0
0,0
0.047619,0.0454545
0,0
0,0
0,0
0,0
0.0416667,0.0526316
0,0
0,0
0,0
0,0
0,0
0,0
0,0
0,0
0,0
0.0588235,0.0588235
0,0
0.166667,0.125
0,0
0.0714286,0.0714286
0,0
0.0909091,0.0666667
0.0434783,0.0588235
0.0555556,0.0714286
0,0
0.0384615,0.0357143
0,0
0,0
0,0
0,0
0.0909091,0.0909091
0.0588235,0.0588235
0.0526316,0.0384615
0,0
0.142857,0.1
0,0
0,0
0.0909091,0.0909091
0,0
0,0
0.0588235,0.0588235
0.0454545,0.0357143
0.0588235,0.0526316
0.0555556,0.0625
0.105263,0.0714286
0,0
0,0
0,0
0,0
0,0
0,0
0.142857,0.117647
0.0625,0.0555556
0.047619,0.04
0,0
0.0769231,0.0714286
0,0
0,0
0,0
0.04,0.04
0.0588235,0.0666667
0.047619,0.0384615
0.04,0.047619
0,0
0,0
0.0357143,0.0454545
0,0
0.0588235,0.05
0.0666667,0.0555556
0.0357143,0.04
0.047619,0.0555556
0.111111,0.1
0,0
0,0
0,0
0,0
0.04,0.037037
0,0
0.04,0.04
0,0
0,0
0,0
0.0833333,0.0555556
0,0
0.0357143,0.0384615
0,0
0,0
0,0
0,0
0,0
0,0
0,0
0,0
0.04,0.037037
0.0434783,0.047619
0,0
0.05,0.0434783
0.0714286,0.0625
0,0
0,0
0,0
0,0
0.0526316,0.0714286
0.0384615,0.0384615
0.0588235,0.0714286
0.0666667,0.0909091
0,0
0,0
0.0588235,0.05
0.037037,0.0357143
0,0
0,0
0,0
0,0
0.0434783,0.0454545
0,0
0,0
0.0909091,0.0714286
0.0740741,0.0714286
0,0
0.0769231,0.0769231
0.05,0.0588235
0.105263,0.1
0,0
0,0
0.0666667,0.0588235
0,0
0,0
0,0
0.04,0.04
0.0526316,0.0588235
0,0
0,0
0,0
0,0
0,0
0.0625,0.0625
0.0625,0.0555556
0,0
0,0
0.05,0.0454545
0.0333333,0.0384615
0.037037,0.0434783
0.0555556,0.0666667
0,0
0,0
0,0
0.0526316,0.0384615
0,0
0,0
0,0
0.0769231,0.0588235
0,0
0,0
0,0
0.0666667,0.0666667
0.04,0.04
0.117647,0.105263
0.037037,0.0357143
0.0555556,0.047619
0,0
0,0
0,0
0,0
0.0454545,0.0555556
0,0
0.0526316,0.0625
0,0
0.0588235,0.047619
0,0
0,0
0,0
0,0
0,0
0.0384615,0.0384615
0,0
0.047619,0.0714286
0,0
0.0454545,0.047619
0,0
0,0
0,0
0,0
0.125,0.125
0,0
0,0
0.0769231,0.0666667
0,0
0,0
0,0
0,0
0,0
0,0
0,0
0,0
0,0
0.047619,0.0384615
0.0434783,0.0454545
0.0666667,0.0714286
0,0
0.05,0.0434783
0.0740741,0.0740741
0.0357143,0.04
0.0588235,0.0555556
0.0588235,0.0769231
0,0
0,0
0,0
0.0454545,0.0526316
0.0416667,0.05
0,0
0,0
0,0
0,0
0.117647,0.1
0.0909091,0.0833333
0.1,0.111111
0,0
0,0
0.0588235,0.0588235
0,0
0.037037,0.0416667
0.037037,0.04
0.0588235,0.0555556
0,0
0,0
0.0357143,0.0384615
0.0833333,0.0909091
0,0
0,0
0,0
0,0
0,0
0,0
0,0
0,0
0.0526316,0.0588235
0,0
0.0384615,0.047619
0.1,0.0666667
0,0
0,0
0.0454545,0.0555556
0.0625,0.0625
0,0
0.0666667,0.047619
0,0
0,0
0,0
0,0
0.04,0.04
0,0
0,0
0.0625,0.0769231
0,0
0,0
0,0
0,0
0,0
0,0
0,0
0.0555556,0.0625
0,0
0.04,0.05
0,0
0,0
0.0714286,0.0714286
0,0
0,0
0.0434783,0.0416667
0.0434783,0.05
0.0384615,0.0357143
0.0344828,0.047619
0,0
0,0
0.0833333,0.0833333
0,0
0,0
0.0714286,0.0769231
0,0
0.037037,0.047619
0,0
0,0
0.0625,0.0714286
0,0
0.0416667,0.0526316
0.142857,0.115385
0.0526316,0.0555556
0,0
0,0
0,0
0,0
0,0
0.0833333,0.0909091
0.0909091,0.0666667
0.0714286,0.047619
0,0
0.04,0.0555556
0.0869565,0.0909091
0,0
0.0454545,0.0344828
0,0
0.0357143,0.037037
0.0384615,0.0555556
0,0
0,0
0.0625,0.0625
0,0
0,0
0.0588235,0.047619
0.0769231,0.0769231
0,0
0,0
0,0
0,0
0.0416667,0.0588235
0,0
0,0
0,0
0,0
0,0
0,0
0,0
0.0454545,0.05
0.0555556,0.0833333
0,0
0,0
0,0
0.047619,0.0454545
0.0666667,0.0526316
0,0
0,0
0.0625,0.0625
0,0
0.0384615,0.0357143
0,0
0,0
0.0416667,0.0416667
0.12,0.15
0,0
0.0769231,0.1
0,0
0.0526316,0.0625
0,0
0,0
0,0
0,0
0,0
0,0
0,0
0,0
0,0
0.0526316,0.0625
0.0666667,0.0555556
0.0434783,0.0588235
0,0
0.0625,0.0625
0.0833333,0.0909091
0.0416667,0.0357143
0,0
0.04,0.037037
0.05,0.0416667
0,0
0,0
0,0
0,0
0.12,0.15
0.0909091,0.0909091
0,0
0.0434783,0.0454545
0.0666667,0.0952381
0,0
0,0
0,0
0.0526316,0.0384615
0,0
0.0555556,0.0588235
0.0714286,0.0625
0,0
0.047619,0.0588235
0,0
0,0
0,0
0,0
0.0384615,0.0454545
0.0769231,0.0625
0,0
0,0
0,0
0,0
0,0
0,0
0,0
0,0
0,0
0,0
0,0
0.047619,0.0526316
0,0
0.0714286,0.04
0.0526316,0.0769231
0,0
0.0416667,0.0384615
0,0
0,0
0.0384615,0.05
0.0454545,0.0454545
0.1,0.08
0.05,0.037037
0,0
0,0
0,0
0,0
0,0
0,0
0.0909091,0.1
0,0
0,0
0,0
0.1,0.0714286
0,0
0.111111,0.133333
0,0
0,0
0,0
0.142857,0.142857
0.0344828,0.0357143
0,0
0.0434783,0.047619
0,0
0,0
0.285714,0.222222
0.0384615,0.047619
0,0
0,0
0.0555556,0.0769231
0,0
0,0
0,0
0,0
0.0869565,0.125
0,0
0.05,0.037037
0,0
0,0
0.047619,0.0625
0,0
0,0
0,0
0.133333,0.1
0.0769231,0.0714286
0,0
0,0
0.0909091,0.0833333
0,0
0,0
0.0555556,0.0384615
0,0
0.0769231,0.0769231
0.0526316,0.0666667
0,0
0,0
0,0
0.0625,0.0434783
0.0526316,0.05
0,0
0.0454545,0.047619
0,0
0.0344828,0.0333333
0,0
0,0
0,0
0,0
0.0909091,0.0769231
0.0344828,0.0416667
0,0
0.04,0.0416667
0.05,0.0588235
0,0
0,0
0.05,0.0666667
0,0
0.0416667,0.04
0.1,0.0714286
0.0555556,0.0714286
0,0
0.0434783,0.0434783
0.0454545,0.0454545
0,0
0,0
0,0
0,0
0,0
0,0
0,0
0.1,0.0769231
0,0
0,0
0,0
0,0
0.117647,0.166667
0,0
0.0434783,0.0434783
0,0
0,0
0,0
0.0625,0.0625
0,0
0,0
0.0625,0.0714286
0,0
0.0384615,0.05
0,0
0,0
0,0
0,0
0.04,0.0625
0.0714286,0.0909091
0.0588235,0.0555556
0,0
0,0
0,0
0.0740741,0.0714286
0.0384615,0.0434783
0.0625,0.0588235
0,0
0,0
0.0588235,0.0666667
0,0
0.037037,0.0526316
0,0
0,0
0,0
0.0714286,0.0555556
0,0
0.0357143,0.0344828
0,0
0,0
0.0588235,0.05
0,0
0,0
0,0
0,0
0,0
0,0
0,0
0,0
0,0
0,0
0,0
0,0
0,0
0.0625,0.0909091
0,0
0,0
0,0
0,0
0,0
0.0526316,0.0434783
0,0
0,0
0.047619,0.05
0,0
0,0
0.0555556,0.0416667
0,0
0,0
0,0
0,0
0,0
0,0
0.0555556,0.0526316
0,0
0,0
0.125,0.0909091
0.047619,0.0666667
0.0588235,0.0833333
0.04,0.0416667
0,0
0,0
0,0
0,0
0.0666667,0.0769231
0,0
0.05,0.0625
0.0434783,0.0526316
0.0384615,0.0384615
0,0
0.0588235,0.0526316
0,0
0.0666667,0.0952381
0.047619,0.0434783
0,0
0.047619,0.05
0.0454545,0.0588235
0.05,0.0454545
0.0833333,0.111111
0,0
0,0
0.0434783,0.0416667
0,0
0.0344828,0.0344828
0,0
0.047619,0.0384615
0,0
0.0833333,0.0769231
0,0
0,0
0,0
0.0357143,0.0434783
0.05,0.04
0,0
0.037037,0.0555556
0,0
0.0454545,0.0666667
0.0416667,0.0384615
0,0
0.111111,0.105263
0.0588235,0.0555556
0,0
0,0
0.0625,0.0625
0.153846,0.133333
0.125,0.111111
0.0555556,0.0625
0,0
0.047619,0.04
0,0
0,0
0.0384615,0.047619
0,0
0,0
0.0555556,0.0526316
0,0
0.0384615,0.0555556
0,0
0.0909091,0.0625
0,0
0,0
0,0
0.0625,0.0909091
0.0666667,0.0588235
0.0833333,0.0714286
0,0
0.047619,0.0666667
0,0
0,0
0,0
0,0
0.037037,0.04
0,0
0,0
0.0454545,0.0454545
0,0
0,0
0,0
0,0
0,0
0.037037,0.037037
0,0
0,0
0,0
0,0
0,0
0,0
0.0714286,0.047619
0,0
0,0
0,0
0,0
0,0
0.0384615,0.0555556
0,0
0.0555556,0.0555556
0,0
0,0
0,0
0,0
0,0
0,0
0,0
0.0769231,0.111111
0.0555556,0.0526316
0.0833333,0.0952381
0.0714286,0.0625
0.0416667,0.0357143
0,0
0.0384615,0.0384615
0.04,0.0357143
0.04,0.0357143
0.047619,0.05
0.0344828,0.0416667
0,0
0.0769231,0.0588235
0,0
0,0
0.0357143,0.047619
0.0357143,0.037037
0,0
0,0
0.0434783,0.0666667
0.0416667,0.0384615
0,0
0.0588235,0.0666667
0,0
0.0384615,0.0526316
0,0
0,0
0.0454545,0.0384615
0.05,0.0666667
0,0
0,0
0,0
0,0
0,0
0.0555556,0.047619
0.0833333,0.105263
0,0
0.0909091,0.1
0.0666667,0.0909091
0,0
0.0909091,0.111111
0,0
0.04,0.037037
0,0
0,0
0.0714286,0.0769231
0,0
0,0
0.0357143,0.0454545
0.0714286,0.0769231
0,0
0.0588235,0.0625
0,0
0.047619,0.0434783
0,0
0,0
0,0
0.0416667,0.0588235
0.0416667,0.0416667
0,0
0,0
0.0555556,0.0588235
0,0
0,0
0.04,0.0588235
0.05,0.0434783
0.037037,0.05
0,0
0,0
0,0
0,0
0.0434783,0.05
0,0
0.0526316,0.0555556
0,0
0,0
0,0
0.0625,0.0625
0,0
0.0434783,0.04
0.0588235,0.0769231
0,0
0.05,0.0625
0,0
0,0
0,0
0.0588235,0.05
0,0
0,0
0.0689655,0.0689655
0.0625,0.047619
0.0526316,0.037037
0.0454545,0.0434783
0,0
0.0714286,0.0833333
0.0588235,0.0555556
0,0
0,0
0.105263,0.125
0.130435,0.103448
0.047619,0.0526316
0.0666667,0.0833333
0,0
0.0909091,0.0769231
0.0714286,0.0714286
0.0833333,0.111111
0.0769231,0.0666667
0.0714286,0.1
0,0
0,0
0,0
0,0
0,0
0,0
0,0
0,0
0,0
0.0434783,0.05
0,0
0,0
0.1,0.0909091
0,0
0,0
0,0
0.142857,0.153846
0,0
0.133333,0.0952381
0.0714286,0.0526316
0.0714286,0.0625
0,0
0,0
0.105263,0.0952381
0,0
0.0526316,0.04
0.1,0.0666667
0,0
0.037037,0.0416667
0,0
0.0666667,0.0769231
0,0
0,0
0.0909091,0.142857
0.0769231,0.0714286
0.047619,0.037037
0.0333333,0.0344828
0,0
0,0
0.0454545,0.0454545
0.0555556,0.0625
0.0588235,0.0588235
0,0
0.0666667,0.047619
0.0344828,0.0416667
0,0
0,0
0.105263,0.133333
0.0555556,0.0666667
0.0625,0.0434783
0,0
0,0
0.08,0.0869565
0.0434783,0.047619
0.0833333,0.105263
0,0
0,0
0.047619,0.0526316
0.0714286,0.0555556
0.0909091,0.08
0.0416667,0.037037
0.0344828,0.0333333
0.0555556,0.0666667
0,0
0.047619,0.037037
0,0
0,0
0,0
0.0588235,0.05
0.05,0.0526316
0.0434783,0.0434783
0.0526316,0.0454545
0,0
0,0
0,0
0,0
0,0
0,0
0.15,0.214286
0,0
0.1,0.0769231
0.0909091,0.125
0.0416667,0.0666667
0,0
0.0588235,0.0416667
0,0
0.1875,0.15
0.0555556,0.0625
0,0
0.047619,0.0555556
0.1,0.125
0,0
0.0909091,0.0909091
0.0416667,0.0416667
0,0
0.0384615,0.0384615
0,0
0.0666667,0.0909091
0.0555556,0.0625
0.0357143,0.0357143
0,0
0.0434783,0.037037
0.0434783,0.047619
0.05,0.05
0.0769231,0.105263
0.0588235,0.0666667
0,0
0,0
0.1,0.0625
0.0625,0.0526316
0,0
0,0
0.0526316,0.037037
0,0
0,0
0.166667,0.230769
0,0
0,0
0,0
0.04,0.0416667
0,0
0.0454545,0.0526316
0,0
0,0
0,0
0,0
0,0
0,0
0.0416667,0.047619
0,0
0.0454545,0.0454545
0.1,0.0769231
0,0
0,0
0,0
0,0
0,0
0.0555556,0.0769231
0.0555556,0.0588235
0.0588235,0.05
0,0
0.0769231,0.0625
0.0454545,0.0588235
0,0
0,0
0,0
0,0
0,0
0,0
0.0454545,0.0454545
0.1,0.0666667
0.0416667,0.0434783
0,0
0,0
0,0
0.0416667,0.037037
0,0
0,0
0.0588235,0.0555556
0,0
0,0
0,0
0,0
0.115385,0.125
0,0
0.0769231,0.0666667
0.0416667,0.0434783
0.047619,0.0416667
0.0740741,0.0952381
0,0
0.0666667,0.0666667
0,0
0.047619,0.0555556
0,0
0.0526316,0.04
0.0833333,0.08
0.0384615,0.047619
0,0
0,0
0.0384615,0.0357143
0.0416667,0.037037
0,0
0,0
0,0
0.0909091,0.111111
0.0416667,0.05
0,0
0,0
0,0
0,0
0,0
0,0
0,0
0,0
0.0434783,0.037037
0.047619,0.0384615
0,0
0,0
0.0869565,0.0833333
0.0434783,0.0357143
0,0
0.0869565,0.0769231
0,0
0,0
0,0
0.153846,0.133333
0.04,0.047619
0.0588235,0.04
0.111111,0.0769231
0,0
0,0
0.142857,0.153846
0.0833333,0.0869565
0,0
0,0
0,0
0,0
0.0869565,0.0769231
0.05,0.0555556
0.1,0.0666667
0.0769231,0.0588235
0,0
0.0454545,0.05
0.0416667,0.0416667
0.0454545,0.0555556
0,0
0.04,0.04
0.04,0.04
0.0769231,0.0833333
0.037037,0.0416667
0,0
0,0
0.037037,0.037037
0,0
0.1,0.0769231
0,0
0.0714286,0.0714286
0.0714286,0.0625
0,0
0,0
0,0
0.0909091,0.0625
0.0625,0.0666667
0,0
0.0833333,0.0833333
0.0588235,0.05
0,0
0,0
0.04,0.05
0,0
0,0
0.0344828,0.037037
0,0
0.05,0.0357143
0.0434783,0.04
0.0625,0.0434783
0,0
0,0
0.0357143,0.037037
0,0
0,0
0,0
0,0
0,0
0,0
0,0
0.0526316,0.0526316
0.0588235,0.0416667
0.0625,0.0666667
0.0416667,0.047619
0,0
0.0555556,0.0434783
0,0
0.0833333,0.0714286
0,0
0,0
0.0384615,0.04
0.04,0.0454545
0.0625,0.0625
0,0
0,0
0.0714286,0.0555556
0.0588235,0.0588235
0.0434783,0.0555556
0,0
0,0
0,0
0.0952381,0.117647
0.037037,0.0384615
0,0
0,0
0,0
0.0625,0.0714286
0.0909091,0.0625
0.0434783,0.0434783
0,0
0.0454545,0.037037
0,0
0,0
0,0
0.0625,0.0416667
0,0
0.0769231,0.0625
0,0
0.0384615,0.04
0.0714286,0.0769231
0.0625,0.0666667
0.05,0.037037
0.0666667,0.0588235
0.047619,0.047619
0,0
0,0
0.0434783,0.0416667
0,0
0.0588235,0.0454545
0.0833333,0.0714286
0,0
0,0
0,0
0.105263,0.142857
0,0
0,0
0.0357143,0.0357143
0.08,0.0740741
0.0434783,0.0384615
0.0454545,0.0416667
0.0526316,0.0384615
0,0
0.047619,0.037037
0,0
0,0
0,0
0.04,0.0384615
0.0526316,0.0416667
0.111111,0.0769231
0,0
0.04,0.0526316
0.0625,0.0526316
0,0
0.0625,0.0833333
0.117647,0.0952381
0.05,0.0714286
0,0
0,0
0.0769231,0.0555556
0,0
0.0434783,0.0588235
0,0
0,0
0,0
0,0
0,0
0,0
0,0
0.0588235,0.0588235
0.0416667,0.0555556
0.0666667,0.0833333
0,0
0,0
0,0
0,0
0,0
0,0
0,0
0.0625,0.0588235
0,0
0,0
0,0
0,0
0,0
0.0526316,0.047619
0,0
0,0
0.0434783,0.0588235
0,0
0,0
0,0
0,0
0,0
0,0
0,0
0.0909091,0.105263
0.0952381,0.125
0.0357143,0.037037
0,0
0.111111,0.0769231
0.05,0.0526316
0,0
0.0625,0.0666667
0.0454545,0.0588235
0.047619,0.0454545
0,0
0.105263,0.111111
0.0740741,0.0909091
0.0555556,0.0454545
0,0
0,0
0,0
0,0
0,0
0,0
0,0
0.04,0.0333333
0.0555556,0.0714286
0,0
0,0
0,0
0,0
0,0
0,0
0.037037,0.037037
0,0
0,0
0,0
0,0
0.0555556,0.05
0,0
0.0555556,0.0555556
0,0
0,0
0.0526316,0.05
0,0
0.0666667,0.05
0,0
0,0
0,0
0,0
0,0
0.0714286,0.0588235
0,0
0,0
0.0333333,0.0333333
0,0
0,0
0.0769231,0.0909091
0.047619,0.0454545
0.0769231,0.0588235
0.0588235,0.05
0.0416667,0.04
0,0
0.047619,0.04
0,0
0,0
0.0833333,0.1
0.037037,0.0416667
0.0434783,0.05
0.1,0.0833333
0,0
0.0833333,0.0769231
0,0
0,0
0.05,0.0454545
0,0
0,0
0,0
0,0
0,0
0,0
0.0769231,0.05
0,0
0.047619,0.0526316
0,0
0.05,0.0666667
0,0
0.107143,0.142857
0,0
0,0
0,0
0,0
0,0
0.0769231,0.0714286
0.0454545,0.0434783
0,0
0,0
0,0
0.0714286,0.0714286
0.0625,0.0454545
0,0
0.047619,0.0434783
0,0
0.0416667,0.0526316
0.0625,0.0454545
0.0588235,0.0769231
0,0
0,0
0,0
0,0
0.0434783,0.04
0.0526316,0.0416667
0,0
0,0
0,0
0,0
0.117647,0.0909091
0.0555556,0.04
0.08,0.0833333
0,0
0,0
0,0
0,0
0,0
0.05,0.0434783
0.0714286,0.0769231
0,0
0,0
0.05,0.0625
0,0
0.125,0.111111
0,0
0.0526316,0.0625
0.0434783,0.05
0.047619,0.0384615
0,0
0,0
0.0769231,0.0714286
0.0555556,0.0769231
0,0
0,0
0,0
0.0434783,0.0454545
0.0416667,0.04
0.047619,0.04
0,0
0,0
0,0
0,0
0.047619,0.0434783
0,0
0,0
0,0
0,0
0.05,0.0555556
0,0
0.04,0.0434783
0,0
0.0416667,0.0434783
0,0
0,0
0.047619,0.0434783
0,0
0,0
0,0
0.0434783,0.0625
0.0833333,0.0526316
0,0
0.04,0.0434783
0.214286,0.176471
0.0714286,0.0666667
0,0
0,0
0.0666667,0.0526316
0.0833333,0.0740741
0,0
0,0
0,0
0,0
0,0
0,0
0,0
0,0
0,0
0,0
0,0
0.117647,0.111111
0,0
0.037037,0.0416667
0,0
0.05,0.0625
0,0
0,0
0.0625,0.0434783
0.0869565,0.0909091
0,0
0.0434783,0.0666667
0,0
0.0344828,0.0344828
0.0357143,0.0454545
0.04,0.0526316
0,0
0,0
0,0
0,0
0.0434783,0.0434783
0,0
0,0
0.05,0.05
0,0
0.0416667,0.0454545
0,0
0,0
0,0
0,0
0,0
0,0
0,0
0.0555556,0.0384615
0,0
0.157895,0.125
0.047619,0.0434783
0.0714286,0.05
0,0
0.0454545,0.04
0.0434783,0.0454545
0.0740741,0.08
0,0
0.04,0.0625
0,0
0.0588235,0.0833333
0.0909091,0.0909091
0,0
0,0
0.0384615,0.0357143
0.047619,0.0714286
0.0588235,0.0714286
0,0
0,0
0,0
0,0
0,0
0,0
0,0
0,0
0,0
0,0
0,0
0.0555556,0.0555556
0.0416667,0.0434783
0,0
0,0
0.0769231,0.0555556
0,0
0.153846,0.1
0.0384615,0.0357143
0,0
0,0
0,0
0,0
0.0625,0.0769231
0,0
0,0
0.047619,0.0625
0,0
0,0
0,0
0,0
0,0
0.047619,0.0434783
0,0
0,0
0,0
0,0
0,0
0,0
0,0
0.136364,0.107143
0,0
0,0
0,0
0.0588235,0.0434783
0.0833333,0.0769231
0.0666667,0.0909091
0.0526316,0.0526316
0,0
0.0714286,0.0454545
0,0
0,0
0.047619,0.047619
0.0625,0.0714286
0,0
0,0
0,0
0,0
0.0714286,0.0833333
0,0
0,0
0,0
0.111111,0.0740741
0.0416667,0.0625
0,0
0.0434783,0.0434783
0.047619,0.0454545
0.0769231,0.0833333
0,0
0,0
0,0
0.0454545,0.0625
0.05,0.037037
0,0
0.037037,0.0434783
0,0
0,0
0.0666667,0.0666667
0.0526316,0.0769231
0,0
0.0588235,0.0526316
0.0666667,0.0526316
0.0333333,0.037037
0,0
0,0
0.0769231,0.0666667
0.0625,0.047619
0.0434783,0.0454545
0,0
0,0
0,0
0.0416667,0.05
0.0434783,0.0526316
0.0833333,0.0769231
0.0869565,0.0909091
0,0
0.0769231,0.0625
0,0
0,0
0,0
0,0
0.0454545,0.05
0,0
0,0
0,0
0,0
0.0714286,0.0555556
0.0625,0.0666667
0,0
0,0
0,0
0,0
0.0555556,0.0526316
0,0
0,0
0.0714286,0.047619
0,0
0.0666667,0.0833333
0,0
0.04,0.037037
0,0
0,0
0,0
0.0714286,0.0526316
0,0
0,0
0,0
0,0
0,0
0,0
0.0714286,0.0833333
0.0434783,0.0434783
0,0
0,0
0,0
0,0
0.2,0.181818
0.0526316,0.04
0,0
0,0
0,0
0,0
0.1,0.0769231
0.0666667,0.0625
0,0
0.0625,0.0833333
0.0526316,0.0526316
0.05,0.0344828
0,0
0,0
0,0
0.142857,0.1
0.0909091,0.0769231
0,0
0,0
0,0
0,0
0,0
0.0384615,0.0434783
0.0357143,0.0555556
0.05,0.037037
0.0555556,0.0434783
0,0
0.0526316,0.0588235
0.047619,0.0434783
0,0
0,0
0,0
0,0
0,0
0.0833333,0.0714286
0.037037,0.0416667
0,0
0,0
0,0
0,0
0.0357143,0.04
0,0
0,0
0,0
0.0555556,0.05
0.0769231,0.0833333
0.04,0.0454545
0.04,0.0526316
0.0434783,0.04
0.0434783,0.047619
0.0454545,0.0625
0.0666667,0.0588235
0,0
0,0
0,0
0.0714286,0.0714286
0,0
0,0
0.0833333,0.111111
0,0
0,0
0,0
0,0
0.0625,0.0714286
0.0357143,0.04
0,0
0,0
0,0
0.0434783,0.05
0.0526316,0.0434783
0,0
0.047619,0.0625
0,0
0.04,0.0454545
0.0740741,0.0909091
0.1,0.142857
0.0357143,0.0384615
0,0
0,0
0.117647,0.0909091
0.0344828,0.0384615
0,0
0,0
0.0526316,0.0555556
0,0
0,0
0.0416667,0.05
0.0454545,0.05
0,0
0,0
0,0
0,0
0.0526316,0.0454545
0.0588235,0.0666667
0,0
0.05,0.0454545
0.047619,0.0454545
0.047619,0.0714286
0,0
0.08,0.0689655
0,0
0.0666667,0.0555556
0,0
0.0588235,0.0833333
0,0
0,0
0,0
0.0714286,0.0625
0,0
0,0
0.0588235,0.0714286
0.0909091,0.0833333
0,0
0,0
0.0384615,0.0526316
0,0
0,0
0.0909091,0.0909091
0.0416667,0.037037
0,0
0.153846,0.117647
0,0
0,0
0.0434783,0.0588235
0,0
0.0833333,0.0833333
0,0
0.0384615,0.0454545
0,0
0,0
0.0666667,0.05
0,0
0.0333333,0.0416667
0,0
0,0
0,0
0,0
0,0
0,0
0,0
0.0526316,0.0625
0,0
0.0416667,0.0434783
0,0
0,0
0,0
0,0
0,0
0,0
0,0
0,0
0.0416667,0.037037
0.0555556,0.0625
0,0
0,0
0.0384615,0.0434783
0,0
0.0689655,0.0952381
0,0
0.0434783,0.0434783
0,0
0,0
0.142857,0.142857
0,0
0,0
0.181818,0.117647
0.0714286,0.05
0,0
0.0714286,0.05
0.1,0.0833333
0.05,0.05
0,0
0,0
0.0689655,0.0689655
0.0666667,0.0666667
0.0666667,0.0625
0.0869565,0.0714286
0.0526316,0.0588235
0.111111,0.0833333
0,0
0,0
0,0
0,0
0.0625,0.0666667
0,0
0,0
0,0
0,0
0,0
0.0526316,0.0434783
0,0
0,0
0.047619,0.0416667
0,0
0.0588235,0.0666667
0.0769231,0.0526316
0,0
0.0333333,0.0333333
0.0454545,0.05
0.05,0.0588235
0.0555556,0.0666667
0,0
0,0
0.0454545,0.0454545
0,0
0,0
0.0833333,0.0714286
0,0
0.05,0.0384615
0,0
0.0357143,0.0344828
0.0454545,0.0416667
0.1,0.0740741
0.0333333,0.0333333
0.0555556,0.05
0.0625,0.05
0,0
0,0
0,0
0,0
0,0
0,0
0,0
0,0
0.0416667,0.05
0,0
0,0
0.105263,0.0869565
0.047619,0.047619
0,0
0,0
0,0
0.0833333,0.0625
0.047619,0.0588235
0.05,0.0526316
0,0
0.0588235,0.0625
0,0
0,0
0.0344828,0.0384615
0,0
0,0
0,0
0,0
0.05,0.0714286
0.0526316,0.0416667
0,0
0,0
0.0555556,0.0384615
0,0
0.0357143,0.0344828
0,0
0.04,0.0434783
0,0
0,0
0,0
0,0
0.0666667,0.0769231
0.0666667,0.047619
0,0
0,0
0,0
0,0
0.0416667,0.0357143
0.05,0.0526316
0,0
0,0
0.0588235,0.047619
0.0555556,0.0434783
0,0
0.0357143,0.0344828
0,0
0.037037,0.0526316
0,0
0.0714286,0.0666667
0,0
0,0
0,0
0.05,0.0434783
0,0
0,0
0,0
0.105263,0.0952381
0,0
0,0
0.037037,0.0434783
0.037037,0.0555556
0.0666667,0.0666667
0,0
0,0
0.0416667,0.0588235
0,0
0.0714286,0.0588235
0.047619,0.0526316
0,0
0.0555556,0.0769231
0,0
0.0454545,0.0526316
0.0714286,0.1
0,0
0,0
0,0
0.0909091,0.0666667
0,0
0,0
0.05,0.0588235
0.0434783,0.0454545
0.0769231,0.0769231
0.0740741,0.0909091
0,0
0.04,0.0384615
0.117647,0.08
0,0
0,0
0,0
0.047619,0.05
0.0740741,0.0714286
0.0454545,0.05
0,0
0,0
0.05,0.05
0,0
0,0
0.0714286,0.0555556
0,0
0,0
0,0
0,0
0,0
0.0526316,0.037037
0.0434783,0.0434783
0.0526316,0.0434783
0.0526316,0.0434783
0.04,0.04
0,0
0,0
0,0
0.0555556,0.0588235
0.0588235,0.0714286
0,0
0,0
0.037037,0.04
0.0357143,0.0434783
0.0625,0.0769231
0,0
0,0
0,0
0.0526316,0.0555556
0.0526316,0.047619
0.0588235,0.0416667
0.0666667,0.0454545
0,0
0,0
0.0526316,0.0434783
0,0
0,0
0.0833333,0.0909091
0,0
0.0952381,0.0769231
0,0
0.136364,0.12
0,0
0,0
0,0
0.047619,0.0434783
0,0
0.117647,0.0909091
0.05,0.0588235
0,0
0.04,0.037037
0.0833333,0.0714286
0,0
0,0
0,0
0.0588235,0.0588235
0.0625,0.0625
0.0666667,0.0666667
0,0
0.142857,0.137931
0,0
0,0
0,0
0,0
0,0
0,0
0,0
0,0
0,0
0.0588235,0.05
0.0714286,0.0588235
0.0454545,0.0434783
0,0
0.0357143,0.0357143
0,0
0.0357143,0.0416667
0.037037,0.0357143
0,0
0.0526316,0.0454545
0,0
0,0
0.04,0.0357143
0,0
0,0
0,0
0,0
0,0
0,0
0,0
0,0
0,0
0,0
0.037037,0.0357143
0,0
0,0
0.0714286,0.047619
0,0
0.0588235,0.0588235
0.0526316,0.0625
0,0
0.0454545,0.037037
0.0526316,0.0454545
0,0
0,0
0,0
0.0625,0.0909091
0,0
0,0
0,0
0,0
0,0
0,0
0,0
0.0625,0.0588235
0,0
0,0
0,0
0,0
0,0
0.037037,0.04
0.047619,0.0588235
0,0
0,0
0.0344828,0.0454545
0,0
0,0
0.0357143,0.0454545
0,0
0.0454545,0.0434783
0.0416667,0.0454545
0,0
0,0
0,0
0,0
0,0
0.0357143,0.0384615
0,0
0,0
0.0666667,0.0833333
0.0625,0.0666667
0,0
0,0
0,0
0.05,0.0555556
0,0
0.0625,0.0526316
0.0384615,0.04
0,0
0,0
0,0
0,0
0,0
0.0526316,0.0526316
0,0
0,0
0,0
0,0
0.047619,0.0416667
0,0
0,0
0.0357143,0.0384615
0,0
0,0
0.0909091,0.0625
0,0
0,0
0,0
0.0416667,0.0454545
0.0666667,0.0526316
0.0625,0.0526316
0,0
0,0
0.0384615,0.0384615
0,0
0,0
0,0
0,0
0,0
0,0
0.0666667,0.0666667
0,0
0,0
0,0
0,0
0.0588235,0.047619
0,0
0,0
0,0
0,0
0,0
0,0
0.0454545,0.04
0.05,0.0555556
0,0
0,0
0.0833333,0.0666667
0,0
0,0
0,0
0,0
0,0
0,0
0.05,0.047619
0.0625,0.0434783
0,0
0.0625,0.0434783
0.0625,0.0526316
0.0434783,0.0454545
0,0
0,0
0.047619,0.0555556
0,0
0,0
0.037037,0.0357143
0,0
0.0625,0.0555556
0.0769231,0.0555556
0,0
0,0
0,0
0.0434783,0.0384615
0,0
0.0833333,0.111111
0,0
0.0434783,0.0588235
0.04,0.037037
0,0
0,0
0,0
0,0
0,0
0.0769231,0.0666667
0,0
0.0384615,0.0384615
0,0
0.0384615,0.04
0,0
0,0
0.0416667,0.0384615
0.125,0.107143
0,0
0.037037,0.0526316
0.0625,0.0666667
0.0714286,0.0666667
0,0
0.0952381,0.0869565
0.0769231,0.0625
0,0
0,0
0.04,0.0526316
0,0
0.037037,0.047619
0,0
0.0666667,0.05
0,0
0.04,0.0416667
0,0
0,0
0.047619,0.05
0,0
0,0
0.05,0.05
0.0625,0.0555556
0.0555556,0.0526316
0,0
0.047619,0.0416667
0,0
0,0
0,0
0,0
0,0
0,0
0,0
0,0
0,0
0.0416667,0.0434783
0,0
0.0344828,0.05
0.0769231,0.0588235
0,0
0,0
0,0
0,0
0,0
0,0
0,0
0,0
0.0769231,0.0714286
0.047619,0.0454545
0,0
0,0
0,0
0.0714286,0.0909091
0.0526316,0.05
0,0
0,0
0,0
0,0
0.0714286,0.0833333
0,0
0.0454545,0.0625
0,0
0,0
0,0
0,0
0,0
0,0
0.0434783,0.037037
0,0
0,0
0,0
0.037037,0.04
0,0
0,0
0.0769231,0.0555556
0.05,0.047619
0,0
0.0625,0.0666667
0.0416667,0.0384615
0,0
0.0666667,0.0769231
0.0588235,0.05
0.1,0.111111
0.117647,0.105263
0.047619,0.05
0.04,0.047619
0,0
0,0
0,0
0.04,0.0416667
0,0
0.0454545,0.0416667
0.0416667,0.0454545
0,0
0,0
0,0
0.0454545,0.0625
0.0526316,0.0625
0.047619,0.037037
0,0
0,0
0,0
0.0588235,0.047619
0,0
0,0
0,0
0,0
0.0526316,0.0769231
0,0
0,0
0,0
0,0
0,0
0.037037,0.04
0,0
0.0357143,0.0555556
0,0
0,0
0,0
0.0625,0.0714286
0.0833333,0.111111
0.0384615,0.0384615
0.0416667,0.0416667
0,0
0,0
0,0
0,0
0,0
0,0
0,0
0.037037,0.0384615
0.0666667,0.0588235
0.0555556,0.0769231
0,0
0.105263,0.0869565
0.0625,0.0625
0,0
0.0416667,0.047619
0.0416667,0.04
0,0
0,0
0,0
0,0
0,0
0,0
0,0
0,0
0,0
0.0909091,0.1
0.0666667,0.0555556
0,0
0,0
0.0714286,0.0714286
0,0
0,0
0,0
0,0
0,0
0,0
0,0
0,0
0.0555556,0.0714286
0,0
0,0
0.0769231,0.0714286
0.1,0.0769231
0,0
0,0
0,0
0,0
0,0
0.0833333,0.0625
0.0416667,0.0588235
0.1,0.0769231
0,0
0,0
0,0
0.037037,0.04
0,0
0.0714286,0.0833333
0,0
0,0
0.0714286,0.0555556
0.0344828,0.0454545
0,0
0,0
0,0
0.0714286,0.0740741
0.0769231,0.0769231
0,0
0,0
0.153846,0.133333
0,0
0,0
0.0526316,0.0555556
0,0
0.0434783,0.04
0,0
0.047619,0.0666667
0,0
0,0
0,0
0.0769231,0.0588235
0.05,0.0526316
0,0
0,0
0,0
0,0
0.0833333,0.0625
0.0454545,0.0434783
0,0
0.0454545,0.0416667
0,0
0,0
0,0
0,0
0,0
0,0
0.0454545,0.0416667
0.0625,0.0625
0,0
0.0555556,0.0625
0,0
0.04,0.0588235
0,0
0,0
0.0555556,0.047619
0.0714286,0.0666667
0.0454545,0.0588235
0,0
0.0526316,0.0526316
0,0
0,0
0.047619,0.0526316
0,0
0.04,0.0416667
0.0357143,0.0434783
0,0
0,0
0.0526316,0.0434783
0.0666667,0.0714286
0.0555556,0.0625
0,0
0,0
0.047619,0.0416667
0.037037,0.0357143
0,0
0,0
0.0625,0.05
0,0
0.0434783,0.0666667
0,0
0.0588235,0.0434783
0,0
0.0588235,0.05
0.0384615,0.037037
0,0
0,0
0.25,0.416667
0,0
0,0
0,0
0.0625,0.0625
0,0
0.0454545,0.0384615
0,0
0,0
0.0714286,0.0769231
0,0
0,0
0,0
0.0384615,0.04
0.0909091,0.0714286
0.04,0.0357143
0.0416667,0.05
0,0
0,0
0,0
0.0555556,0.037037
0.105263,0.0769231
0.0526316,0.0384615
0,0
0.105263,0.0740741
0,0
0,0
0,0
0,0
0,0
0.05,0.047619
0.0714286,0.0588235
0.0454545,0.0555556
0,0
0,0
0.0625,0.0833333
0,0
0,0
0,0
0.0526316,0.047619
0.0416667,0.0357143
0,0
0,0
0,0
0,0
0.0416667,0.05
0,0
0,0
0.0555556,0.0434783
0,0
0,0
0.0666667,0.0625
0.111111,0.166667
0.0714286,0.0833333
0,0
0.0434783,0.0526316
0.0588235,0.0434783
0,0
0.0333333,0.047619
0.0833333,0.1
0.04,0.0344828
0.047619,0.037037
0,0
0,0
0,0
0.0588235,0.0526316
0.0434783,0.0555556
0.0666667,0.0909091
0,0
0,0
0,0
0,0
0,0
0.0434783,0.0526316
0.0384615,0.0357143
0.0769231,0.0666667
0.0555556,0.0588235
0.047619,0.0434783
0,0
0,0
0,0
0,0
0,0
0,0
0,0
0,0
0.0454545,0.0416667
0.166667,0.148148
0.0416667,0.047619
0.1,0.0869565
0,0
0,0
0,0
0.0526316,0.0434783
0.0769231,0.0588235
0,0
0,0
0,0
0,0
0.0434783,0.0434783
0.0416667,0.0555556
0,0
0.0555556,0.0769231
0.04,0.0344828
0.0555556,0.0555556
0,0
0.0526316,0.0625
0,0
0.0416667,0.05
0.0416667,0.047619
0.0588235,0.0588235
0.0714286,0.0952381
0,0
0,0
0,0
0,0
0.0666667,0.0454545
0,0
0.04,0.0526316
0,0
0,0
0.0357143,0.04
0,0
0,0
0,0
0.0384615,0.0357143
0,0
0.037037,0.0434783
0,0
0,0
0,0
0,0
0,0
0,0
0,0
0.0357143,0.0384615
0,0
0.0526316,0.0666667
0.0526316,0.047619
0,0
0,0
0,0
0.047619,0.0555556
0,0
0.0526316,0.0666667
0,0
0.05,0.0434783
0,0
0.0357143,0.037037
0,0
0.0454545,0.04
0,0
0.047619,0.04
0,0
0,0
0,0
0.125,0.0909091
0.0833333,0.0625
0,0
0.0769231,0.0555556
0,0
0.0588235,0.0666667
0.0555556,0.0357143
0,0
0.137931,0.142857
0.0416667,0.0625
0,0
0,0
0.0666667,0.0625
0.0434783,0.0416667
0.0666667,0.0625
0.0909091,0.0869565
0,0
0.0625,0.0555556
0,0
0,0
0,0
0,0
0.0416667,0.05
0,0
0,0
0.0555556,0.05
0.04,0.0588235
0,0
0.0384615,0.037037
0,0
0,0
0,0
0,0
0,0
0,0
0,0
0,0
0,0
0.0416667,0.0526316
0,0
0,0
0,0
0.0416667,0.037037
0,0
0.0769231,0.0588235
0,0
0,0
0,0
0.0526316,0.0555556
0,0
0.0416667,0.0454545
0.0526316,0.047619
0,0
0,0
0.0357143,0.037037
0.0909091,0.125
0.0384615,0.0454545
0,0
0.0666667,0.0769231
0,0
0,0
0,0
0.117647,0.1
0,0
0.05,0.0526316
0,0
0,0
0,0
0.0416667,0.037037
0,0
0,0
0.0666667,0.0833333
0.05,0.0769231
0.0625,0.0833333
0,0
0.0869565,0.0869565
0.05,0.05
0,0
0.0833333,0.0666667
0.08,0.0833333
0.05,0.0555556
0,0
0.0454545,0.05
0.0952381,0.0769231
0,0
0,0
0.0769231,0.08
0.0833333,0.0625
0,0
0,0
0.0384615,0.0416667
0.0454545,0.04
0.0714286,0.0769231
0.0769231,0.0909091
0,0
0,0
0,0
0,0
0.05,0.05
0.047619,0.05
0.047619,0.0454545
0.0588235,0.04
0,0
0,0
0,0
0.0357143,0.04
0,0
0.04,0.0357143
0.0454545,0.0666667
0,0
0.0952381,0.0833333
0.0714286,0.0625
0.0625,0.0555556
0,0
0.0833333,0.0555556
0.105263,0.117647
0,0
0,0
0,0
0,0
0.0666667,0.0588235
0,0
0,0
0.0416667,0.047619
0.0625,0.0454545
0.0666667,0.0588235
0.125,0.166667
0.1,0.125
0,0
0,0
0.0526316,0.0526316
0,0
0,0
0,0
0.04,0.0526316
0,0
0.0833333,0.0666667
0.05,0.0588235
0.0526316,0.047619
0,0
0,0
0,0
0.111111,0.1
0,0
0.0588235,0.0555556
0.037037,0.0384615
0,0
0.0833333,0.0625
0,0
0,0
0.0344828,0.0344828
0,0
0,0
0.0526316,0.0666667
0,0
0.0666667,0.05
0.047619,0.0416667
0.0454545,0.05
0.115385,0.115385
0,0
0,0
0.0344828,0.0357143
0.0555556,0.0434783
0.04,0.0416667
0.0555556,0.0526316
0.0714286,0.0666667
0.0909091,0.0714286
0.05,0.05
0.047619,0.0588235
0,0
0,0
0,0
0.0416667,0.0625
0.0526316,0.037037
0,0
0.05,0.0526316
0,0
0,0
0.0344828,0.04
0.0526316,0.0555556
0,0
0,0
0,0
0,0
0,0
0,0
0,0
0.0384615,0.0357143
0,0
0.0666667,0.0625
0.0588235,0.0714286
0,0
0,0
0,0
0,0
0,0
0.0526316,0.0434783
0.0769231,0.1
0.12,0.12
0.0625,0.0526316
0,0
0,0
0.0625,0.0666667
0,0
0,0
0,0
0.0909091,0.0714286
0.0454545,0.05
0,0
0,0
0.0588235,0.0714286
0,0
0.0454545,0.0526316
0,0
0,0
0,0
0,0
0,0
0.0357143,0.05
0.0384615,0.0434783
0,0
0,0
0,0
0.0666667,0.05
0,0
0,0
0.105263,0.125
0,0
0.0384615,0.04
0,0
0.037037,0.0344828
0,0
0,0
0,0
0.0714286,0.0909091
0,0
0,0
0,0
0,0
0,0
0.0526316,0.047619
0,0
0.125,0.133333
0,0
0.0555556,0.0714286
0,0
0.0555556,0.0555556
0,0
0.04,0.0434783
0,0
0,0
0,0
0.0416667,0.0454545
0,0
0.0434783,0.0384615
0.0434783,0.0625
0,0
0,0
0,0
0,0
0,0
0,0
0,0
0,0
0.0555556,0.0588235
0.0833333,0.1
0,0
0.0526316,0.0588235
0,0
0.0833333,0.0714286
0.0416667,0.0344828
0.04,0.0357143
0.0555556,0.0454545
0.0526316,0.0666667
0,0
0,0
0.0333333,0.04
0,0
0.0714286,0.0588235
0.0555556,0.0555556
0.0714286,0.0526316
0.037037,0.0384615
0.0526316,0.05
0.0714286,0.0666667
0,0
0,0
0,0
0,0
0,0
0.0666667,0.0666667
0,0
0,0
0,0
0,0
0.0526316,0.05
0.0357143,0.0416667
0.047619,0.0454545
0.0833333,0.0714286
0.0769231,0.0666667
0,0
0.05,0.0384615
0,0
0,0
0,0
0,0
0,0
0,0
0.0416667,0.0588235
0,0
0.0526316,0.04
0,0
0.047619,0.0588235
0.0769231,0.0909091
0,0
0,0
0,0
0,0
0,0
0.25,0.2
0.05,0.05
0.0344828,0.0416667
0.04,0.04
0,0
0,0
0,0
0,0
0.04,0.0416667
0,0
0.0714286,0.1
0,0
0.08,0.0769231
0,0
0.0666667,0.047619
0,0
0,0
0.0588235,0.0833333
0,0
0,0
0.0714286,0.0909091
0.0625,0.0555556
0,0
0.0769231,0.105263
0.0454545,0.05
0,0
0.08,0.105263
0.05,0.0434783
0,0
0,0
0,0
0.222222,0.181818
0.0714286,0.05
0,0
0.0555556,0.0526316
0,0
0.04,0.0588235
0,0
0,0
0,0
0,0
0,0
0.0714286,0.0555556
0.0416667,0.0384615
0,0
0,0
0,0
0,0
0,0
0,0
0,0
0.1,0.0769231
0.0833333,0.0625
0,0
0,0
0.0588235,0.0625
0.0833333,0.0740741
0,0
0.0434783,0.0588235
0.0384615,0.0454545
0,0
0.0714286,0.05
0.0555556,0.0555556
0.0625,0.0526316
0,0
0,0
0.04,0.04
0,0
0,0
0.0344828,0.0454545
0.05,0.0454545
0,0
0,0
0,0
0.0909091,0.0666667
0,0
0,0
0.133333,0.153846
0,0
0.0952381,0.0769231
0.05,0.05
0,0
0.0588235,0.0526316
0,0
0.0833333,0.0833333
0,0
0.0666667,0.0714286
0.0384615,0.0357143
0.0833333,0.0869565
0.0344828,0.0454545
0.037037,0.0357143
0,0
0.0526316,0.0454545
0.0454545,0.04
0.0434783,0.04
0,0
0,0
0,0
0,0
0,0
0,0
0,0
0,0
0.0625,0.0625
0.08,0.0714286
0,0
0.047619,0.0454545
0,0
0.0454545,0.0454545
0.05,0.047619
0,0
0,0
0,0
0,0
0.0909091,0.0909091
0.0588235,0.05
0.0555556,0.0588235
0,0
0.0416667,0.0416667
0,0
0,0
0.05,0.04
0,0
0,0
0,0
0,0
0.0625,0.047619
0,0
0.05,0.0588235
0.05,0.0434783
0.0833333,0.0714286
0,0
0,0
0.0384615,0.0588235
0,0
0,0
0.037037,0.0416667
0.0526316,0.0588235
0,0
0.0714286,0.0909091
0,0
0,0
0.153846,0.111111
0,0
0.08,0.0909091
0,0
0.0384615,0.0344828
0,0
0,0
0,0
0,0
0.0434783,0.04
0,0
0.0384615,0.0454545
0.0588235,0.0833333
0,0
0.047619,0.0434783
0.0869565,0.0833333
0,0
0,0
0,0
0,0
0,0
0,0
0.04,0.0434783
0.1,0.0909091
0,0
0,0
0,0
0,0
0,0
0.0625,0.0454545
0,0
0,0
0.037037,0.0384615
0.047619,0.0588235
0,0
0,0
0,0
0,0
0,0
0,0
0.037037,0.0454545
0.05,0.0526316
0.0909091,0.0714286
0,0
0,0
0,0
0,0
0,0
0.125,0.0833333
0,0
0.0357143,0.0333333
0.0769231,0.0588235
0.0666667,0.0833333
0.047619,0.0526316
0.05,0.0357143
0,0
0.111111,0.0833333
0.0909091,0.0625
0,0
0.0555556,0.0526316
0,0
0.0416667,0.047619
0.0769231,0.0555556
0.0769231,0.0666667
0,0
0.0416667,0.0357143
0,0
0.0769231,0.0909091
0.0555556,0.047619
0,0
0,0
0,0
0.0769231,0.05
0,0
0,0
0,0
0.0344828,0.0344828
0,0
0,0
0.0714286,0.0625
0,0
0.0625,0.0714286
0,0
0.05,0.0526316
0.08,0.0689655
0.1,0.111111
0,0
0,0
0,0
0.0384615,0.0384615
0,0
0.0555556,0.0416667
0,0
0,0
0.1,0.08
0,0
0.0454545,0.0322581
0,0
0,0
0,0
0.0526316,0.037037
0,0
0,0
0.0909091,0.08
0,0
0.0434783,0.05
0,0
0.047619,0.0555556
0.0454545,0.047619
0,0
0,0
0.0666667,0.0714286
0.0588235,0.0714286
0,0
0,0
0,0
0,0
0,0
0,0
0.0769231,0.0714286
0,0
0,0
0,0
0.0666667,0.047619
0,0
0,0
0,0
0,0
0,0
0.0454545,0.0454545
0,0
0,0
0.0740741,0.0769231
0.0555556,0.0357143
0,0
0.0909091,0.0833333
0,0
0.0526316,0.0526316
0,0
0,0
0.0952381,0.0869565
0,0
0.0666667,0.0555556
0.0625,0.0666667
0,0
0.0526316,0.0625
0.117647,0.105263
0.111111,0.117647
0.0526316,0.0666667
0,0
0.05,0.0555556
0,0
0.0416667,0.0416667
0,0
0,0
0.0740741,0.1
0.0833333,0.111111
0.0357143,0.0357143
0.0384615,0.04
0.0588235,0.0434783
0,0
0,0
0,0
0,0
0.0833333,0.0833333
0,0
0,0
0.0769231,0.0769231
0.0714286,0.0714286
0.04,0.05
0,0
0.0555556,0.0625
0.08,0.0740741
0.0625,0.0588235
0.0526316,0.0769231
0,0
0,0
0.0588235,0.0588235
0.0909091,0.125
0,0
0.0666667,0.0833333
0,0
0,0
0.0416667,0.0357143
0,0
0.0555556,0.0434783
0.05,0.0666667
0.0526316,0.0769231
0,0
0,0
0,0
0,0
0.05,0.0625
0,0
0,0
0,0
0,0
0,0
0,0
0.037037,0.0434783
0,0
0,0
0,0
0.04,0.04
0,0
0.0555556,0.0588235
0.0434783,0.047619
0,0
0.1,0.0952381
0.0384615,0.0434783
0,0
0,0
0.047619,0.0357143
0,0
0,0
0,0
0,0
0,0
0,0
0,0
0.166667,0.142857
0,0
0,0
0,0
0,0
0,0
0,0
0.0588235,0.0555556
0.0434783,0.0416667
0.125,0.1
0.1,0.0769231
0.037037,0.037037
0.0416667,0.0416667
0,0
0.125,0.111111
0,0
0.037037,0.0416667
0,0
0,0
0,0
0,0
0,0
0.0555556,0.0526316
0,0
0,0
0,0
0,0
0,0
0.0526316,0.0384615
0,0
0,0
0.0909091,0.125
0,0
0.153846,0.142857
0,0
0,0
0.05,0.04
0.05,0.0714286
0.0714286,0.05
0,0
0,0
0,0
0.0526316,0.0666667
0.0588235,0.0833333
0.0434783,0.0625
0,0
0.0555556,0.0434783
0,0
0,0
0,0
0,0
0.0416667,0.047619
0.0384615,0.0384615
0.05,0.0555556
0.0740741,0.0909091
0,0
0,0
0,0
0.0454545,0.0555556
0.0434783,0.0526316
0,0
0.0769231,0.0833333
0,0
0.04,0.0344828
0.0625,0.0526316
0.037037,0.0344828
0,0
0.047619,0.0526316
0.0833333,0.111111
0.0555556,0.0833333
0,0
0,0
0.0454545,0.05
0,0
0,0
0,0
0.0833333,0.0952381
0,0
0,0
0.037037,0.0357143
0,0
0,0
0,0
0.047619,0.0434783
0,0
0.0416667,0.0333333
0,0
0,0
0.0625,0.0666667
0,0
0,0
0,0
0.2,0.2
0,0
0,0
0,0
0,0
0,0
0,0
0.0555556,0.0714286
0,0
0.0434783,0.0666667
0,0
0,0
0,0
0,0
0,0
0.0357143,0.0344828
0,0
0.0666667,0.0666667
0,0
0,0
0.04,0.0555556
0,0
0,0
0,0
0.05,0.0416667
0,0
0,0
0.2,0.190476
0,0
0.0952381,0.125
0.117647,0.117647
0.0588235,0.0555556
0.0769231,0.0769231
0,0
0.0454545,0.0454545
0,0
0.0714286,0.0555556
0.047619,0.0625
0,0
0,0
0.04,0.0333333
0,0
0.0344828,0.0333333
0.0344828,0.05
0.05,0.0555556
0.04,0.047619
0,0
0.125,0.0909091
0,0
0.047619,0.0625
0.0416667,0.047619
0,0
0,0
0,0
0,0
0.0526316,0.0384615
0,0
0,0
0,0
0,0
0.0588235,0.0625
0,0
0.047619,0.047619
0,0
0.0588235,0.0666667
0,0
0,0
0,0
0.0588235,0.0434783
0.0555556,0.0588235
0,0
0.3,0.230769
0.0952381,0.0952381
0,0
0.0588235,0.0555556
0.047619,0.0588235
0.0555556,0.0454545
0,0
0.0555556,0.0769231
0.0416667,0.0416667
0,0
0,0
0,0
0.037037,0.0357143
0.0625,0.0416667
0.133333,0.1
0.0434783,0.0416667
0.047619,0.037037
0.05,0.0434783
0.0714286,0.0625
0,0
0,0
0,0
0,0
0,0
0.0555556,0.037037
0.0416667,0.0526316
0,0
0,0
0,0
0.0555556,0.0526316
0,0
0.0555556,0.0588235
0.0769231,0.0909091
0.047619,0.0555556
0.0384615,0.0357143
0.0714286,0.1
0,0
0.0588235,0.047619
0.0833333,0.111111
0,0
0,0
0.0416667,0.0416667
0.0454545,0.047619
0,0
0,0
0.0666667,0.0625
0,0
0,0
0.0588235,0.0555556
0.0833333,0.0666667
0,0
0.037037,0.0416667
0.0384615,0.0434783
0,0
0,0
0,0
0,0
0,0
0.0666667,0.0625
0,0
0.0454545,0.0357143
0,0
0,0
0.0434783,0.0434783
0,0
0.0454545,0.0555556
0,0
0.0555556,0.05
0,0
0.0588235,0.0526316
0,0
0,0
0.1,0.1
0,0
0.0344828,0.05
0,0
0,0
0,0
0,0
0,0
0,0
0.111111,0.142857
0,0
0.0555556,0.0555556
0,0
0.0454545,0.0357143
0.0357143,0.0416667
0,0
0,0
0.0833333,0.1
0,0
0,0
0,0
0.0526316,0.0714286
0.0384615,0.0357143
0,0
0.04,0.0526316
0.0357143,0.05
0,0
0,0
0,0
0.0588235,0.0588235
0.125,0.0909091
0,0
0,0
0.0952381,0.105263
0.0416667,0.0333333
0,0
0,0
0.0454545,0.047619
0,0
0.05,0.0555556
0.0434783,0.037037
0.0769231,0.0666667
0.0625,0.0625
0,0
0.0384615,0.037037
0,0
0.0625,0.0555556
0.0714286,0.0666667
0.0625,0.0769231
0.0869565,0.111111
0,0
0.05,0.0625
0.0344828,0.037037
0,0
0.037037,0.047619
0,0
0,0
0,0
0,0
0.0454545,0.0454545
0,0
0,0
0,0
0,0
0,0
0.0769231,0.0555556
0,0
0.04,0.0384615
0,0
0.0869565,0.0769231
0,0
0.0434783,0.0555556
0.047619,0.0384615
0,0
0.0526316,0.0384615
0.0555556,0.0666667
0.0588235,0.0666667
0.05,0.0357143
0,0
0,0
0,0
0,0
0.0588235,0.0555556
0.1,0.0952381
0.1,0.125
0.111111,0.153846
0,0
0,0
0,0
0,0
0.037037,0.04
0,0
0.0526316,0.0769231
0.047619,0.0588235
0,0
0,0
0,0
0,0
0,0
0,0
0,0
0.05,0.0384615
0,0
0,0
0.0740741,0.0833333
0,0
0.0625,0.0454545
0,0
0,0
0.0384615,0.0454545
0,0
0.0526316,0.0434783
0.0416667,0.0357143
0,0
0.0434783,0.04
0.0666667,0.08
0.05,0.04
0.0833333,0.0588235
0,0
0.0869565,0.0714286
0,0
0.037037,0.047619
0.05,0.0588235
0.0526316,0.047619
0,0
0,0
0,0
0.05,0.047619
0,0
0.0526316,0.0769231
0.0833333,0.0666667
0.04,0.037037
0,0
0,0
0.125,0.0909091
0.0625,0.0625
0,0
0.04,0.05
0,0
0,0
0.0434783,0.0416667
0.0384615,0.037037
0,0
0,0
0,0
0,0
0,0
0,0
0.0416667,0.0454545
0,0
0,0
0.0454545,0.0555556
0.047619,0.0416667
0,0
0.05,0.04
0,0
0.0714286,0.0833333
0,0
0,0
0,0
0,0
0,0
0,0
0,0
0,0
0,0
0.0625,0.0666667
0,0
0,0
0.0454545,0.0588235
0.0357143,0.0344828
0.037037,0.04
0.037037,0.047619
0.05,0.04
0,0
0.0357143,0.0344828
0,0
0.0434783,0.0454545
0,0
0.0625,0.0454545
0.0555556,0.0434783
0.0588235,0.0526316
0,0
0,0
0.0344828,0.0333333
0,0
0.0344828,0.0384615
0.0555556,0.0454545
0,0
0.047619,0.0454545
0.142857,0.2
0,0
0,0
0,0
0.0416667,0.0416667
0.142857,0.133333
0,0
0.0434783,0.0454545
0.0833333,0.0833333
0.037037,0.0357143
0.1,0.125
0,0
0,0
0,0
0.0833333,0.0833333
0.2,0.16
0.0769231,0.0588235
0,0
0,0
0.0526316,0.0588235
0,0
0.0833333,0.08
0,0
0.0526316,0.0588235
0,0
0,0
0,0
0.266667,0.266667
0,0
0,0
0.16,0.222222
0,0
0,0
0,0
0,0
0,0
0,0
0.0526316,0.0625
0,0
0.111111,0.105263
0.12,0.115385
0.105263,0.1
0,0
0,0
0,0
0.0555556,0.0625
0.05,0.05
0.04,0.0416667
0,0
0,0
0,0
0,0
0,0
0,0
0,0
0,0
0,0
0,0
0.0416667,0.0454545
0,0
0.08,0.0909091
0,0
0,0
0,0
0,0
0,0
0.0526316,0.0588235
0,0
0,0
0.0384615,0.0357143
0,0
0.0555556,0.05
0,0
0,0
0.0526316,0.0357143
0,0
0,0
0.1,0.0714286
0.0588235,0.05
0.0769231,0.0625
0.0714286,0.08
0.0666667,0.1
0.0454545,0.0384615
0,0
0,0
0.05,0.05
0,0
0,0
0,0
0.037037,0.0357143
0,0
0.0625,0.0526316
0,0
0.0526316,0.04
0.0344828,0.05
0,0
0.0769231,0.0625
0,0
0,0
0,0
0.0625,0.0434783
0,0
0,0
0,0
0,0
0.0526316,0.0666667
0,0
0,0
0.0714286,0.0526316
0,0
0.0625,0.0714286
0.0625,0.05
0,0
0.0526316,0.0625
0,0
0,0
0,0
0,0
0.0434783,0.0555556
0.0769231,0.0714286
0,0
0.047619,0.047619
0.0384615,0.0454545
0,0
0,0
0.0357143,0.0416667
0,0
0,0
0,0
0.0434783,0.0416667
0,0
0,0
0.0769231,0.0588235
0,0
0,0
0,0
0.0333333,0.05
0.0833333,0.0833333
0.0454545,0.0555556
0.037037,0.0357143
0,0
0,0
0.0416667,0.0434783
0,0
0.0769231,0.0526316
0,0
0,0
0,0
0.04,0.0384615
0,0
0.0666667,0.0555556
0,0
0,0
0,0
0.1,0.125
0.0625,0.0454545
0,0
0,0
0,0
0.0666667,0.05
0,0
0.0909091,0.111111
0,0
0.0454545,0.037037
0.0833333,0.111111
0,0
0.111111,0.0769231
0.0714286,0.0625
0.0555556,0.0454545
0,0
0.0416667,0.047619
0,0
0,0
0.0454545,0.0416667
0.0666667,0.0526316
0.0588235,0.0769231
0,0
0.0625,0.0588235
0,0
0.0909091,0.0909091
0.0666667,0.05
0.0833333,0.105263
0,0
0,0
0,0
0.111111,0.0833333
0.0454545,0.05
0,0
0,0
0,0
0,0
0,0
0,0
0.047619,0.05
0,0
0.047619,0.0588235
0,0
0.0454545,0.0555556
0,0
0,0
0,0
0,0
0,0
0.0909091,0.0714286
0.1,0.142857
0.105263,0.125
0.0384615,0.04
0.0588235,0.0526316
0,0
0,0
0.0454545,0.047619
0,0
0,0
0.0434783,0.0416667
0.0526316,0.0588235
0,0
0,0
0,0
0,0
0,0
0,0
0,0
0,0
0.111111,0.105263
0,0
0.0526316,0.0588235
0.0526316,0.0666667
0,0
0.0344828,0.0357143
0.04,0.0434783
0,0
0.05,0.0416667
0.0714286,0.0526316
0.0625,0.0434783
0.111111,0.105263
0.125,0.107143
0.0714286,0.0740741
0,0
0.0526316,0.047619
0.037037,0.0357143
0,0
0.047619,0.0526316
0,0
0,0
0,0
0.0454545,0.0625
0,0
0,0
0.0833333,0.0666667
0,0
0,0
0.0625,0.0909091
0,0
0.0344828,0.05
0,0
0.04,0.0384615
0,0
0,0
0.0434783,0.037037
0.0384615,0.0454545
0,0
0,0
0,0
0.04,0.037037
0.037037,0.047619
0,0
0.05,0.0416667
0,0
0.0434783,0.0555556
0,0
0.0769231,0.0588235
0,0
0,0
0,0
0.0714286,0.0714286
0.0555556,0.0555556
0,0
0.0454545,0.0357143
0,0
0.0625,0.047619
0.125,0.125
0,0
0,0
0.272727,0.1875
0.0555556,0.0526316
0,0
0.0666667,0.0454545
0,0
0,0
0.04,0.0588235
0,0
0.047619,0.047619
0.0666667,0.0714286
0,0
0,0
0,0
0.0416667,0.0416667
0,0
0,0
0,0
0.0555556,0.0625
0,0
0.0416667,0.0344828
0.0454545,0.05
0,0
0.04,0.0555556
0.130435,0.111111
0,0
0,0
0.0555556,0.0666667
0,0
0,0
0.0384615,0.037037
0,0
0.0357143,0.0384615
0,0
0,0
0,0
0,0
0,0
0.0416667,0.05
0.0555556,0.0384615
0.0416667,0.04
0.117647,0.0869565
0,0
0.0416667,0.037037
0,0
0.0588235,0.0588235
0,0
0,0
0,0
0.0344828,0.0416667
0,0
0,0
0.047619,0.0714286
0.047619,0.05
0,0
0.111111,0.0833333
0,0
0.0714286,0.0666667
0.0714286,0.0555556
0,0
0.0555556,0.047619
0,0
0.0666667,0.0625
0.0344828,0.0344828
0.0357143,0.0454545
0.05,0.0714286
0,0
0.136364,0.130435
0,0
0.1,0.0769231
0.0434783,0.0454545
0.0714286,0.0625
0,0
0,0
0,0
0,0
0.0555556,0.0526316
0.0526316,0.037037
0,0
0.0769231,0.0625
0,0
0,0
0,0
0,0
0,0
0.0769231,0.0769231
0,0
0,0
0,0
0,0
0,0
0.0769231,0.125
0,0
0.0555556,0.0555556
0,0
0.047619,0.0357143
0,0
0.0625,0.0625
0,0
0.0434783,0.0454545
0,0
0,0
0,0
0,0
0.0952381,0.105263
0.0869565,0.0769231
0.0526316,0.0454545
0.0714286,0.0909091
0.0769231,0.1
0.0666667,0.0625
0.0625,0.0625
0,0
0.0909091,0.0714286
0,0
0.0357143,0.0434783
0.08,0.0769231
0,0
0.0384615,0.0555556
0,0
0,0
0,0
0.0689655,0.0952381
0,0
0.04,0.0555556
0,0
0,0
0.0384615,0.04
0,0
0,0
0.0714286,0.0625
0.0769231,0.0909091
0,0
0.0526316,0.0769231
0.0434783,0.0434783
0,0
0.0555556,0.0833333
0.0384615,0.0588235
0.0344828,0.0384615
0.0625,0.0833333
0,0
0.037037,0.0588235
0.04,0.0625
0.04,0.047619
0,0
0,0
0,0
0,0
0.0555556,0.0454545
0,0
0,0
0,0
0.0833333,0.0588235
0.0434783,0.0526316
0,0
0,0
0.047619,0.037037
0,0
0,0
0.0416667,0.05
0.0833333,0.0714286
0,0
0,0
0,0
0,0
0,0
0,0
0,0
0.05,0.05
0,0
0,0
0.0625,0.0555556
0.05,0.0714286
0.047619,0.0416667
0.0625,0.0666667
0.05,0.0625
0,0
0.0833333,0.0740741
0.05,0.0454545
0,0
0.2,0.2
0.047619,0.04
0,0
0,0
0,0
0,0
0,0
0,0
0.0344828,0.0344828
0.0714286,0.1
0.047619,0.0714286
0.037037,0.037037
0,0
0.0384615,0.0555556
0,0
0,0
0,0
0,0
0,0
0,0
0,0
0.0833333,0.0588235
0,0
0,0
0,0
0,0
0,0
0,0
0.037037,0.0454545
0,0
0.047619,0.0344828
0,0
0.04,0.0555556
0,0
0.0454545,0.0357143
0,0
0,0
0.04,0.05
0,0
0.0625,0.0909091
0.0833333,0.0769231
0.05,0.0384615
0,0
0,0
0,0
0,0
0,0
0.0666667,0.0909091
0,0
0,0
0,0
0.047619,0.0588235
0,0
0,0
0.0384615,0.04
0,0
0.0555556,0.0769231
0.0357143,0.0384615
0,0
0,0
0.0833333,0.1
0,0
0.0714286,0.0833333
0,0
0.0384615,0.047619
0,0
0,0
0,0
0,0
0,0
0.125,0.0833333
0.0357143,0.0357143
0,0
0.04,0.05
0,0
0.125,0.153846
0,0
0.0555556,0.04
0.0357143,0.0416667
0,0
0.0555556,0.047619
0.0625,0.047619
0,0
0.0454545,0.0588235
0.0555556,0.0454545
0.0666667,0.0769231
0.0454545,0.04
0,0
0.037037,0.0333333
0,0
0,0
0.04,0.0434783
0,0
0.047619,0.0555556
0,0
0.0833333,0.0714286
0,0
0,0
0,0
0,0
0.133333,0.111111
0,0
0.0588235,0.0526316
0,0
0.0526316,0.0526316
0.04,0.0357143
0,0
0,0
0.047619,0.0344828
0.047619,0.05
0.0454545,0.0434783
0,0
0.1,0.0833333
0,0
0,0
0,0
0.05,0.0384615
0.0714286,0.0588235
0,0
0.04,0.047619
0.04,0.0555556
0,0
0.0769231,0.0526316
0.1,0.08
0,0
0,0
0.0434783,0.0555556
0,0
0.0416667,0.0434783
0.04,0.037037
0.0384615,0.0526316
0,0
0,0
0.0384615,0.037037
0.0526316,0.0555556
0.0588235,0.0555556
0,0
0,0
0.0588235,0.0416667
0,0
0,0
0.0833333,0.0833333
0,0
0,0
0,0
0.0555556,0.0555556
0,0
0,0
0,0
0.0625,0.0714286
0,0
0,0
0,0
0,0
0,0
0.0714286,0.05
0,0
0.037037,0.037037
0,0
0,0
0.0714286,0.0769231
0.04,0.0454545
0,0
0.0769231,0.0625
0,0
0,0
0,0
0,0
0,0
0,0
0.0384615,0.0454545
0,0
0,0
0.0625,0.0588235
0,0
0,0
0.0769231,0.0869565
0,0
0.0625,0.0526316
0.037037,0.0454545
0,0
0.0625,0.0909091
0.0769231,0.0526316
0,0
0.0344828,0.0333333
0,0
0.0625,0.0625
0.0454545,0.04
0.0625,0.0434783
0,0
0.0909091,0.0833333
0,0
0.0526316,0.047619
0,0
0,0
0.0769231,0.0909091
0,0
0,0
0,0
0.0625,0.0714286
0,0
0,0
0.05,0.047619
0,0
0,0
0,0
0.105263,0.117647
0.0454545,0.05
0,0
0.0769231,0.0909091
0,0
0,0
0,0
0,0
0,0
0.05,0.047619
0.111111,0.111111
0.0555556,0.0666667
0,0
0.0666667,0.0416667
0.0434783,0.04
0.0344828,0.0357143
0,0
0.0454545,0.047619
0,0
0.04,0.0454545
0,0
0,0
0,0
0,0
0,0
0,0
0.0454545,0.04
0,0
0.0416667,0.0588235
0,0
0.0769231,0.0714286
0.0625,0.0625
0,0
0.0714286,0.0526316
0.037037,0.0344828
0.0588235,0.0909091
0,0
0,0
0,0
0,0
0,0
0,0
0,0
0.0909091,0.1
0.0769231,0.0666667
0.04,0.0434783
0,0
0.05,0.0588235
0,0
0.0434783,0.04
0.0416667,0.037037
0,0
0,0
0,0
0,0
0.125,0.0833333
0,0
0,0
0.0434783,0.04
0.0526316,0.0666667
0,0
0.0454545,0.0555556
0,0
0,0
0,0
0.04,0.0416667
0,0
0,0
0.0769231,0.0588235
0,0
0,0
0,0
0,0
0.0416667,0.04
0.0526316,0.0588235
0.0666667,0.0625
0,0
0.0555556,0.0625
0,0
0,0
0,0
0.1,0.133333
0.1,0.0833333
0.166667,0.2
0,0
0.0526316,0.0434783
0,0
0,0
0.0384615,0.0384615
0.047619,0.037037
0.0909091,0.111111
0,0
0.047619,0.0526316
0.0625,0.0625
0,0
0,0
0,0
0,0
0.05,0.04
0,0
0,0
0,0
0,0
0.0555556,0.0434783
0,0
0,0
0,0
0.0769231,0.0769231
0.0625,0.0416667
0,0
0,0
0.05,0.047619
0.125,0.142857
0,0
0,0
0.0416667,0.0384615
0,0
0.04,0.047619
0,0
0.0869565,0.0740741
0.0434783,0.04
0,0
0.0625,0.047619
0,0
0,0
0,0
0,0
0,0
0,0
0,0
0.05,0.0714286
0,0
0.0625,0.0833333
0.0588235,0.0588235
0,0
0,0
0,0
0,0
0,0
0,0
0,0
0,0
0,0
0.0625,0.0625
0.2,0.12
0,0
0.0714286,0.0454545
0,0
0.0384615,0.0555556
0,0
0.0588235,0.0434783
0.0588235,0.0588235
0.0416667,0.0526316
0.0588235,0.0454545
0.047619,0.0555556
0,0
0,0
0,0
0.0384615,0.05
0,0
0.037037,0.047619
0,0
0,0
0,0
0,0
0,0
0,0
0,0
0,0
0,0
0.0454545,0.0625
0.0588235,0.04
0.0666667,0.0833333
0,0
0.0588235,0.0555556
0.0384615,0.0526316
0.0909091,0.0833333
0,0
0.08,0.0952381
0,0
0.04,0.05
0,0
0,0
0.0833333,0.111111
0.0769231,0.0769231
0,0
0.0625,0.05
0,0
0,0
0,0
0.0909091,0.0625
0,0
0,0
0.0454545,0.0526316
0.0384615,0.0416667
0,0
0,0
0.0666667,0.047619
0,0
0,0
0.0714286,0.05
0,0
0.0625,0.1
0,0
0,0
0,0
0.0714286,0.0714286
0.0769231,0.0769231
0,0
0,0
0,0
0,0
0.047619,0.0434783
0,0
0.0384615,0.0333333
0.0434783,0.0357143
0,0
0,0
0.0625,0.0625
0.0769231,0.0666667
0.0555556,0.0714286
0.047619,0.0434783
0,0
0,0
0.04,0.0384615
0,0
0,0
0,0
0,0
0.0344828,0.0357143
0.0454545,0.037037
0,0
0.0625,0.0714286
0.0526316,0.047619
0,0
0.0357143,0.04
0,0
0,0
0,0
0.111111,0.0833333
0,0
0,0
0.0952381,0.08
0.0625,0.0588235
0,0
0.0434783,0.0357143
0.0625,0.0588235
0,0
0.04,0.0526316
0,0
0,0
0.0909091,0.0909091
0.0625,0.0714286
0.0909091,0.1
0,0
0,0
0,0
0.0666667,0.0666667
0.0666667,0.0588235
0,0
0,0
0.037037,0.0434783
0,0
0.0526316,0.05
0.0769231,0.0526316
0,0
0.0714286,0.0769231
0,0
0,0
0,0
0,0
0.0714286,0.1
0,0
0,0
0,0
0,0
0.0454545,0.0666667
0,0
0.0666667,0.0666667
0.0333333,0.0344828
0.0454545,0.0555556
0.0625,0.047619
0,0
0,0
0,0
0,0
0,0
0,0
0.0833333,0.0714286
0,0
0,0
0.0833333,0.0666667
0.0666667,0.0769231
0.0454545,0.0588235
0,0
0,0
0,0
0.0555556,0.0769231
0,0
0,0
0,0
0,0
0.047619,0.037037
0.0454545,0.05
0,0
0.1,0.0714286
0,0
0,0
0,0
0.04,0.0454545
0.0454545,0.05
0.04,0.0357143
0,0
0.0384615,0.047619
0.0357143,0.04
0.105263,0.0909091
0.0869565,0.0833333
0,0
0,0
0,0
0.111111,0.08
0.0434783,0.0344828
0,0
0.0416667,0.04
0,0
0.047619,0.047619
0.0769231,0.0526316
0,0
0.0740741,0.0952381
0.0384615,0.05
0.1,0.1
0,0
0,0
0,0
0.0416667,0.0526316
0.117647,0.0952381
0.05,0.0588235
0.0588235,0.0434783
0,0
0,0
0.047619,0.0454545
0,0
0,0
0,0
0,0
0,0
0,0
0.125,0.0952381
0,0
0.0769231,0.0588235
0,0
0,0
0.0526316,0.0454545
0.166667,0.153846
0,0
0.05,0.05
0,0
0,0
0,0
0,0
0.0909091,0.08
0,0
0,0
0,0
0.0526316,0.0454545
0,0
0,0
0,0
0,0
0,0
0.0384615,0.0526316
0.1,0.0769231
0,0
0,0
0,0
0.0526316,0.0526316
0.0526316,0.0769231
0.0555556,0.0588235
0.047619,0.04
0.0769231,0.0909091
0,0
0.0625,0.0714286
0,0
0,0
0.05,0.04
0,0
0.0952381,0.0909091
0,0
0,0
0.0434783,0.037037
0.0666667,0.0555556
0.04,0.0344828
0.0714286,0.0714286
0,0
0,0
0.0689655,0.0714286
0.0588235,0.0454545
0.04,0.0384615
0.0434783,0.0357143
0,0
0.125,0.105263
0.0526316,0.0526316
0.0344828,0.0434783
0,0
0,0
0,0
0.125,0.117647
0,0
0,0
0,0
0,0
0,0
0,0
0.0526316,0.047619
0,0
0,0
0.0952381,0.105263
0,0
0.0588235,0.0588235
0,0
0.0434783,0.0588235
0,0
0.0454545,0.047619
0.125,0.125
0,0
0,0
0,0
0,0
0.0416667,0.0416667
0,0
0,0
0.0333333,0.0384615
0.111111,0.142857
0,0
0,0
0,0
0,0
0.0909091,0.0689655
0,0
0,0
0.0454545,0.0454545
0,0
0,0
0,0
0,0
0,0
0.0526316,0.0555556
0.037037,0.0344828
0.0384615,0.0526316
0.0416667,0.047619
0,0
0,0
0,0
0,0
0,0
0,0
0,0
0.0384615,0.0454545
0,0
0.0625,0.0588235
0.05,0.05
0,0
0.0384615,0.0454545
0.0526316,0.0526316
0,0
0,0
0,0
0,0
0,0
0.0454545,0.0454545
0,0
0.04,0.04
0.1,0.117647
0.0434783,0.0384615
0.0555556,0.0625
0,0
0.0434783,0.0357143
0.0769231,0.0833333
0.0454545,0.0434783
0,0
0.0588235,0.05
0.047619,0.04
0,0
0.0833333,0.0769231
0.0555556,0.05
0.0384615,0.0384615
0.0666667,0.0454545
0,0
0.1,0.133333
0,0
0,0
0.0384615,0.0434783
0.0588235,0.0625
0.047619,0.0526316
0.1,0.0769231
0,0
0,0
0.117647,0.117647
0.0384615,0.0526316
0.0769231,0.0909091
0,0
0,0
0,0
0.0357143,0.0333333
0,0
0,0
0,0
0,0
0,0
0,0
0.0344828,0.0344828
0,0
0,0
0,0
0.0434783,0.0384615
0,0
0,0
0.0416667,0.037037
0,0
0.0769231,0.05
0.0588235,0.04
0,0
0,0
0,0
0.105263,0.0909091
0,0
0,0
0,0
0,0
0,0
0,0
0.0555556,0.0416667
0.0588235,0.05
0,0
0,0
0.0588235,0.0769231
0.0454545,0.05
0,0
0,0
0,0
0,0
0.111111,0.0833333
0,0
0,0
0,0
0.0416667,0.0416667
0,0
0.0909091,0.0625
0.0625,0.0555556
0,0
0,0
0,0
0,0
0,0
0,0
0.1,0.111111
0.04,0.0526316
0,0
0.0625,0.0454545
0,0
0.0769231,0.0555556
0,0
0,0
0.04,0.0384615
0,0
0.05,0.05
0.0416667,0.0434783
0.0416667,0.047619
0,0
0.0625,0.0666667
0,0
0.04,0.0357143
0,0
0,0
0,0
0,0
0,0
0,0
0.047619,0.047619
0.0454545,0.0625
0,0
0.0714286,0.0666667
0.0434783,0.0588235
0.05,0.0526316
0.0625,0.047619
0,0
0,0
0.05,0.0333333
0,0
0.0714286,0.0714286
0,0
0.04,0.04
0.0740741,0.0666667
0,0
0,0
0,0
0,0
0,0
0,0
0.0555556,0.0666667
0.0416667,0.0384615
0.0588235,0.0588235
0.0454545,0.0454545
0.0714286,0.0714286
0.04,0.0454545
0,0
0,0
0.1,0.0909091
0,0
0,0
0.0769231,0.0588235
0.047619,0.0416667
0.04,0.04
0,0
0,0
0,0
0,0
0,0
0,0
0.0909091,0.0909091
0,0
0.0526316,0.0588235
0,0
0.05,0.0588235
0,0
0.0526316,0.0454545
0.0416667,0.0434783
0,0
0.047619,0.0357143
0,0
0.0357143,0.0434783
0.0384615,0.0357143
0.047619,0.0434783
0.0555556,0.0555556
0.0714286,0.0588235
0.05,0.047619
0,0
0.0344828,0.0416667
0.04,0.05
0,0
0,0
0,0
0,0
0.0769231,0.0714286
0,0
0,0
0,0
0,0
0.0454545,0.0526316
0.0625,0.0666667
0,0
0.0526316,0.0588235
0.0416667,0.037037
0,0
0,0
0,0
0.0555556,0.047619
0,0
0,0
0,0
0.05,0.047619
0.0588235,0.0454545
0,0
0,0
0,0
0.0625,0.047619
0,0
0,0
0.1,0.0625
0.047619,0.05
0,0
0,0
0.0833333,0.0769231
0,0
0,0
0,0
0,0
0,0
0.047619,0.0625
0,0
0,0
0.0416667,0.05
0.0666667,0.111111
0.0666667,0.0714286
0.0588235,0.0526316
0,0
0.0555556,0.04
0,0
0.0526316,0.0588235
0.0357143,0.0454545
0,0
0,0
0,0
0,0
0.0454545,0.037037
0.0588235,0.0454545
0.0357143,0.0384615
0,0
0.0434783,0.0416667
0.111111,0.0769231
0,0
0.0740741,0.0769231
0,0
0,0
0.0454545,0.0454545
0.125,0.0909091
0.0357143,0.0344828
0.047619,0.047619
0.0588235,0.05
0.0909091,0.0833333
0,0
0.047619,0.0454545
0,0
0,0
0,0
0.0769231,0.0666667
0.047619,0.047619
0.0416667,0.04
0,0
0,0
0,0
0.0344828,0.047619
0.0714286,0.0588235
0,0
0,0
0.05,0.05
0.0588235,0.0526316
0,0
0,0
0.0344828,0.04
0,0
0.0666667,0.0833333
0,0
0,0
0,0
0,0
0,0
0,0
0.0555556,0.0454545
0,0
0,0
0.0588235,0.0555556
0,0
0.0625,0.0454545
0,0
0,0
0.047619,0.047619
0,0
0,0
0,0
0,0
0,0
0,0
0,0
0,0
0.04,0.0526316
0.0588235,0.0666667
0,0
0,0
0.0384615,0.0384615
0.037037,0.0384615
0,0
0,0
0,0
0.0416667,0.05
0.0625,0.0714286
0,0
0,0
0,0
0,0
0,0
0.0555556,0.0454545
0,0
0.0434783,0.0357143
0.0434783,0.0454545
0.0588235,0.0666667
0.0454545,0.04
0.0434783,0.0344828
0,0
0.0714286,0.0833333
0.0869565,0.0833333
0.0666667,0.0666667
0.037037,0.047619
0,0
0,0
0,0
0,0
0,0
0.111111,0.111111
0.0416667,0.0434783
0,0
0,0
0,0
0,0
0.0833333,0.0769231
0,0
0,0
0.142857,0.166667
0,0
0,0
0.0625,0.05
0,0
0,0
0,0
0,0
0.0434783,0.0555556
0.0357143,0.04
0.0357143,0.0357143
0,0
0,0
0.0714286,0.0689655
0.0588235,0.0526316
0,0
0,0
0,0
0,0
0,0
0.0740741,0.0740741
0,0
0,0
0.0909091,0.111111
0.0769231,0.0526316
0.047619,0.0625
0,0
0.05,0.0625
0,0
0.0625,0.0555556
0.0714286,0.0555556
0.0588235,0.0769231
0,0
0,0
0.0434783,0.0625
0.037037,0.05
0,0
0,0
0.0434783,0.05
0,0
0.0666667,0.0714286
0.0714286,0.0526316
0,0
0,0
0.0625,0.0555556
0,0
0,0
0,0
0.0357143,0.0333333
0,0
0,0
0,0
0,0
0,0
0,0
0.0434783,0.0344828
0,0
0.117647,0.117647
0,0
0,0
0,0
0,0
0,0
0,0
0,0
0,0
0,0
0,0
0.0833333,0.0909091
0.0526316,0.0714286
0,0
0,0
0,0
0,0
0,0
0,0
0.0454545,0.0666667
0.0625,0.0625
0.05,0.0454545
0.0833333,0.0833333
0.0588235,0.0588235
0,0
0.0416667,0.0454545
0,0
0,0
0.0625,0.05
0,0
0.0588235,0.0833333
0.0714286,0.1
0.0909091,0.125
0,0
0,0
0,0
0.0384615,0.0454545
0,0
0,0
0.037037,0.0357143
0.05,0.0555556
0,0
0,0
0,0
0,0
0,0
0.0434783,0.0526316
0,0
0,0
0.05,0.0344828
0.0454545,0.0454545
0,0
0.0434783,0.0434783
0.0454545,0.0666667
0.0434783,0.0625
0,0
0.0357143,0.0434783
0,0
0.0714286,0.0769231
0,0
0.0952381,0.0740741
0,0
0,0
0,0
0,0
0,0
0.05,0.0714286
0,0
0,0
0.047619,0.0555556
0.0416667,0.037037
0,0
0,0
0.0666667,0.0833333
0.0357143,0.0344828
0.05,0.037037
0,0
0.0416667,0.0416667
0.0454545,0.0454545
0,0
0,0
0.0555556,0.05
0,0
0,0
0,0
0,0
0,0
0,0
0.0526316,0.0555556
0.0625,0.0769231
0,0
0,0
0,0
0.0769231,0.0769231
0,0
0.0454545,0.0416667
0.0454545,0.0625
0.0588235,0.0384615
0,0
0.047619,0.0384615
0,0
0.0344828,0.0454545
0.0555556,0.0454545
0,0
0.05,0.0555556
0,0
0,0
0.142857,0.125
0.0833333,0.0714286
0.0666667,0.0833333
0,0
0,0
0.04,0.05
0.142857,0.12
0,0
0.0454545,0.0434783
0,0
0.0454545,0.047619
0,0
0.0384615,0.037037
0,0
0.0625,0.05
0,0
0,0
0,0
0.0588235,0.0555556
0,0
0,0
0,0
0,0
0.0588235,0.0666667
0,0
0,0
0.0666667,0.0689655
0,0
0,0
0.047619,0.0416667
0,0
0,0
0.0833333,0.0588235
0,0
0,0
0,0
0,0
0,0
0,0
0,0
0,0
0,0
0.04,0.037037
0.153846,0.166667
0,0
0.0714286,0.0909091
0,0
0,0
0,0
0,0
0.0625,0.05
0.037037,0.04
0.0416667,0.0357143
0,0
0,0
0.047619,0.0666667
0.0416667,0.0384615
0,0
0,0
0,0
0,0
0.0588235,0.0454545
0.0625,0.0416667
0,0
0,0
0,0
0.0833333,0.1
0.0588235,0.0625
0,0
0,0
0.0434783,0.05
0,0
0.0588235,0.0555556
0.0526316,0.0666667
0.0384615,0.0384615
0.0555556,0.0625
0,0
0,0
0,0
0,0
0,0
0.142857,0.1875
0.0384615,0.04
0.0344828,0.037037
0.05,0.047619
0.08,0.08
0.047619,0.04
0.0625,0.0714286
0.0714286,0.0769231
0,0
0.0666667,0.0588235
0.04,0.0434783
0.047619,0.047619
0.0454545,0.0526316
0,0
0.0357143,0.0526316
0.0454545,0.0357143
0,0
0.0909091,0.0625
0,0
0.0833333,0.0588235
0,0
0.0666667,0.0526316
0,0
0.0357143,0.047619
0,0
0,0
0,0
0.0344828,0.047619
0,0
0,0
0,0
0,0
0,0
0,0
0.0952381,0.1
0.0588235,0.0769231
0,0
0,0
0.0384615,0.0434783
0.0588235,0.0526316
0,0
0.0526316,0.047619
0,0
0.105263,0.133333
0.0434783,0.0555556
0.05,0.0526316
0.05,0.0454545
0,0
0,0
0.0625,0.0625
0,0
0,0
0.05,0.0434783
0,0
0,0
0,0
0.037037,0.0357143
0.0769231,0.0714286
0.047619,0.05
0,0
0,0
0.0666667,0.0909091
0,0
0.0526316,0.04
0,0
0.0769231,0.0666667
0,0
0,0
0.0833333,0.0666667
0.04,0.0454545
0,0
0,0
0.05,0.0526316
0,0
0,0
0,0
0.0434783,0.0454545
0,0
0,0
0,0
0.04,0.0357143
0,0
