0.571429,0.5,
0.4,0.315789,
0.5,0.5,
0.458333,0.647059,
0.428571,0.428571,
0.944444,0.708333,
0.368421,0.4375,
0.666667,0.5,
0.266667,0.285714,
0.538462,0.636364,
0.833333,0.555556,
0.947368,0.692308,
0.214286,0.214286,
0.8125,0.619048,
0.652174,0.625,
0.6,0.45,
0.538462,0.368421,
0.653846,0.809524,
0.65,0.590909,
0.833333,0.740741,
0.608696,0.875,
0.714286,0.714286,
0.653846,0.62963,
0.363636,0.266667,
0.666667,0.416667,
0.730769,0.678571,
0.631579,0.6,
0.388889,0.5,
0.619048,0.8125,
0.444444,0.380952,
0.409091,0.5625,
0.470588,0.347826,
0.5,0.388889,
0.666667,0.470588,
0.5,0.666667,
0.428571,0.375,
0.230769,0.214286,
0.533333,0.5,
1,0.888889,
0.384615,0.555556,
0.692308,0.62069,
0.583333,0.7,
0.380952,0.470588,
0.363636,0.4,
0.65,0.5,
0.857143,0.782609,
0.48,0.705882,
0.571429,0.421053,
0.95,0.791667,
0.857143,0.782609,
0.588235,0.454545,
0.4,0.461538,
0.791667,0.826087,
0.315789,0.461538,
0.47619,0.526316,
0.571429,0.521739,
0.695652,0.695652,
0.454545,0.277778,
0.529412,0.75,
0.740741,0.769231,
0.736842,0.518519,
0.5,0.352941,
0.636364,0.466667,
0.625,0.625,
0.588235,0.47619,
0.692308,0.391304,
0.5,0.611111,
0.4,0.5,
0.583333,0.538462,
0.5,0.4,
0.5,0.652174,
0.608696,0.608696,
0.807692,0.807692,
0.411765,0.466667,
0.454545,0.416667,
0.714286,0.714286,
0.666667,0.48,
0.944444,0.772727,
0.814815,0.785714,
0.888889,0.8,
0.428571,0.521739,
0.466667,0.35,
0.666667,0.761905,
0.636364,0.4375,
0.28,0.28,
0.615385,0.571429,
0.48,0.461538,
0.736842,0.666667,
0.809524,0.809524,
0.6,0.5,
0.333333,0.428571,
0.466667,0.388889,
0.368421,0.411765,
0.736842,0.7,
0.277778,0.333333,
0.615385,0.470588,
0.4375,0.411765,
0.4,0.5,
0.375,0.461538,
0.785714,0.88,
0.428571,0.333333,
0.466667,0.538462,
0.592593,0.571429,
0.56,0.7,
0.55,0.6875,
0.307692,0.333333,
0.857143,0.545455,
0.846154,0.578947,
0.363636,0.363636,
0.76,0.791667,
0.85,0.809524,
0.458333,0.458333,
0.5,0.48,
0.47619,0.588235,
0.304348,0.388889,
0.529412,0.5625,
0.217391,0.294118,
0.681818,0.833333,
0.388889,0.304348,
0.814815,0.758621,
0.857143,0.888889,
0.84,0.84,
0.535714,0.652174,
0.545455,0.6,
0.230769,0.3,
0.791667,0.863636,
0.678571,0.95,
0.576923,0.714286,
0.818182,0.782609,
0.842105,0.695652,
0.294118,0.3125,
0.55,0.733333,
0.6,0.692308,
0.909091,0.740741,
0.631579,0.705882,
0.565217,0.684211,
0.3125,0.384615,
0.461538,0.6,
0.5,0.5,
0.727273,0.842105,
0.307692,0.307692,
0.681818,0.652174,
0.73913,0.772727,
0.5,0.5625,
0.631579,0.705882,
0.4,0.4,
0.533333,0.727273,
0.769231,0.909091,
0.772727,0.85,
0.9,0.75,
0.708333,0.607143,
0.809524,0.772727,
0.444444,0.571429,
0.466667,0.538462,
0.529412,0.36,
0.722222,0.684211,
0.666667,0.545455,
0.705882,0.631579,
0.714286,0.555556,
0.428571,0.352941,
0.5,0.714286,
0.416667,0.5,
0.666667,0.888889,
0.785714,0.55,
0.357143,0.416667,
0.833333,0.75,
0.352941,0.333333,
1,0.677419,
0.692308,0.75,
0.7,0.777778,
0.818182,0.75,
0.545455,0.631579,
0.428571,0.391304,
0.730769,0.791667,
0.75,0.62069,
0.466667,0.4375,
0.411765,0.466667,
0.277778,0.333333,
0.875,0.807692,
0.75,0.571429,
0.5,0.588235,
0.809524,0.708333,
0.478261,0.647059,
0.666667,0.666667,
0.851852,0.851852,
0.142857,0.0909091,
0.72,0.692308,
0.642857,0.642857,
0.705882,0.521739,
0.333333,0.333333,
0.5,0.5,
0.684211,0.764706,
0.583333,0.466667,
0.555556,0.555556,
0.75,0.782609,
0.315789,0.3,
0.454545,0.357143,
0.666667,0.714286,
0.625,0.681818,
0.315789,0.4,
0.583333,0.666667,
0.666667,0.875,
0.592593,0.695652,
0.692308,0.692308,
0.73913,0.809524,
0.428571,0.666667,
0.73913,0.894737,
0.578947,0.407407,
0.611111,0.846154,
0.277778,0.333333,
0.642857,0.782609,
0.235294,0.235294,
0.461538,0.375,
0.9,0.75,
0.666667,0.72,
0.421053,0.571429,
0.791667,0.633333,
0.653846,0.708333,
0.772727,0.708333,
0.75,0.625,
0.4375,0.5,
0.611111,0.6875,
0.461538,0.352941,
0.818182,0.782609,
0.785714,0.611111,
0.714286,0.714286,
0.52381,0.578947,
0.888889,0.64,
0.368421,0.368421,
0.72,0.857143,
0.714286,0.740741,
0.5,0.333333,
0.5625,0.45,
0.32,0.444444,
0.681818,0.652174,
0.733333,0.578947,
0.866667,0.619048,
0.764706,0.684211,
0.473684,0.642857,
0.615385,0.4,
0.454545,0.294118,
0.5,0.583333,
0.814815,0.814815,
0.518519,0.56,
0.333333,0.5,
0.47619,0.666667,
0.454545,0.333333,
0.333333,0.307692,
0.333333,0.5,
0.727273,0.592593,
0.5,0.583333,
0.703704,0.730769,
0.470588,0.666667,
0.363636,0.25,
0.791667,0.791667,
0.647059,0.733333,
0.5,0.714286,
0.411765,0.411765,
0.47619,0.47619,
0.5,0.411765,
0.647059,0.578947,
0.72,0.72,
0.777778,0.636364,
0.772727,0.85,
0.727273,0.842105,
0.48,0.571429,
0.545455,0.6,
0.5,0.3125,
0.833333,0.714286,
0.4,0.666667,
0.62069,0.692308,
0.611111,0.5,
0.777778,0.636364,
0.285714,0.25,
0.703704,0.791667,
0.833333,0.625,
0.529412,0.5,
0.692308,0.529412,
0.619048,0.722222,
0.6,0.461538,
0.666667,0.7,
0.384615,0.416667,
0.590909,0.52,
0.818182,0.5625,
0.555556,0.47619,
0.92,0.793103,
0.708333,0.772727,
0.45,0.5,
0.777778,0.807692,
0.529412,0.642857,
0.75,0.75,
0.588235,0.454545,
0.6,0.714286,
0.703704,0.863636,
0.56,0.736842,
0.777778,0.636364,
0.333333,0.444444,
0.678571,0.703704,
0.705882,0.521739,
0.8125,0.684211,
0.375,0.375,
0.608696,0.583333,
0.75,0.652174,
0.6875,0.785714,
0.4375,0.388889,
0.565217,0.481481,
0.705882,0.5,
0.588235,0.588235,
0.809524,0.772727,
0.653846,0.62963,
0.647059,0.733333,
0.6,0.6,
0.590909,0.619048,
0.695652,0.666667,
0.409091,0.642857,
0.555556,0.681818,
0.285714,0.333333,
0.869565,0.8,
0.25,0.25,
0.526316,0.666667,
0.642857,0.642857,
0.727273,0.5,
0.5,0.727273,
0.695652,0.666667,
0.5,0.571429,
0.647059,0.846154,
0.866667,0.65,
0.65,0.684211,
0.384615,0.5,
0.642857,0.529412,
0.538462,0.388889,
0.652174,0.681818,
0.538462,0.5,
0.823529,0.777778,
0.45,0.6,
0.538462,0.666667,
0.73913,0.607143,
0.56,0.777778,
0.857143,0.6,
0.681818,0.535714,
0.5,0.608696,
0.758621,0.916667,
0.631579,0.545455,
0.647059,0.733333,
0.619048,0.764706,
0.25,0.166667,
0.5,0.5,
0.47619,0.625,
0.470588,0.571429,
0.347826,0.533333,
0.884615,0.821429,
0.826087,0.826087,
0.6875,0.458333,
0.727273,0.888889,
0.772727,0.68,
0.68,0.653846,
0.571429,0.666667,
0.529412,0.529412,
0.615385,0.727273,
0.5,0.47619,
0.695652,0.551724,
0.352941,0.333333,
0.764706,0.65,
0.375,0.315789,
0.444444,0.571429,
0.55,0.52381,
0.4,0.266667,
0.5,0.533333,
0.55,0.578947,
0.409091,0.5625,
0.772727,0.73913,
0.823529,0.777778,
0.5625,0.428571,
0.705882,0.521739,
0.6,0.625,
0.4,0.333333,
0.545455,0.4,
0.818182,0.580645,
0.666667,0.666667,
0.681818,0.714286,
0.772727,0.85,
0.689655,0.740741,
0.538462,0.538462,
0.684211,0.684211,
0.807692,0.875,
0.730769,0.791667,
0.851852,0.851852,
0.470588,0.666667,
0.666667,0.666667,
0.75,0.535714,
0.516129,0.551724,
0.4375,0.5,
0.666667,0.695652,
0.666667,0.636364,
0.714286,0.714286,
0.555556,0.666667,
0.642857,0.642857,
0.25,0.352941,
0.625,0.789474,
0.571429,0.533333,
0.388889,0.388889,
0.421053,0.421053,
0.611111,0.916667,
0.55,0.5,
0.545455,0.461538,
0.571429,0.571429,
0.4,0.571429,
0.5,0.428571,
0.470588,0.470588,
0.642857,0.529412,
0.5,0.375,
0.375,0.315789,
0.428571,0.4,
0.75,0.6,
0.454545,0.333333,
0.583333,0.777778,
0.444444,0.571429,
0.428571,0.375,
0.730769,0.678571,
0.521739,0.666667,
0.736842,0.608696,
0.52381,0.578947,
0.47619,0.434783,
0.454545,0.454545,
0.368421,0.368421,
0.736842,0.538462,
0.333333,0.444444,
0.571429,0.4,
0.454545,0.416667,
0.52,0.722222,
0.583333,0.636364,
0.444444,0.307692,
0.869565,0.714286,
0.529412,0.529412,
0.727273,0.571429,
0.764706,0.684211,
0.5,0.5625,
0.684211,0.464286,
0.4375,0.333333,
0.785714,0.647059,
0.894737,0.708333,
0.5,0.526316,
0.481481,0.481481,
0.636364,0.538462,
0.642857,0.529412,
0.75,0.666667,
0.909091,0.769231,
0.47619,0.666667,
0.692308,0.642857,
0.368421,0.388889,
0.608696,0.636364,
0.5625,0.75,
0.84,0.84,
0.45,0.5,
0.714286,0.576923,
0.68,0.772727,
0.791667,0.791667,
0.75,0.681818,
0.642857,0.818182,
0.266667,0.307692,
0.705882,0.6,
0.733333,0.611111,
0.607143,0.68,
0.619048,0.722222,
0.833333,0.714286,
0.166667,0.181818,
0.625,0.588235,
0.740741,0.689655,
0.357143,0.416667,
0.6,0.555556,
0.764706,0.65,
0.84,0.84,
0.647059,0.647059,
0.461538,0.5,
0.454545,0.357143,
0.833333,0.555556,
0.4375,0.388889,
0.821429,0.884615,
0.5,0.461538,
0.625,0.526316,
0.470588,0.470588,
0.578947,0.733333,
0.307692,0.32,
0.62963,0.944444,
0.590909,0.722222,
0.388889,0.368421,
0.769231,0.714286,
0.695652,0.761905,
0.75,0.75,
0.652174,0.576923,
0.642857,0.5625,
0.666667,0.538462,
0.333333,0.357143,
0.789474,0.6,
0.545455,0.428571,
0.578947,0.785714,
0.846154,0.846154,
0.647059,0.785714,
0.333333,0.454545,
0.421053,0.470588,
0.666667,0.75,
0.823529,0.7,
0.296296,0.285714,
0.181818,0.222222,
0.2,0.181818,
0.833333,0.681818,
0.461538,0.333333,
0.782609,0.818182,
0.714286,0.666667,
0.703704,0.76,
0.636364,0.5,
0.777778,0.75,
0.470588,0.5,
0.307692,0.285714,
0.35,0.411765,
0.5,0.47619,
0.684211,0.866667,
0.652174,0.882353,
0.733333,0.647059,
0.538462,0.5,
0.566667,0.894737,
0.37931,0.37931,
0.8,0.8,
0.736842,0.823529,
0.535714,0.714286,
0.56,0.636364,
0.545455,0.545455,
0.590909,0.684211,
0.666667,0.666667,
0.6875,0.6875,
0.75,0.666667,
0.285714,0.363636,
0.576923,0.576923,
0.6,0.545455,
0.6,0.692308,
0.592593,0.695652,
0.611111,0.733333,
0.461538,0.352941,
0.882353,0.75,
0.529412,0.5625,
0.842105,0.615385,
0.416667,0.454545,
0.307692,0.25,
0.473684,0.529412,
0.714286,0.555556,
0.421053,0.615385,
0.578947,0.478261,
0.823529,0.583333,
0.352941,0.4,
0.6,0.6,
0.5,0.45,
0.814815,0.785714,
0.833333,0.714286,
0.565217,0.65,
0.692308,0.818182,
0.772727,0.73913,
0.47619,0.588235,
0.545455,0.666667,
0.5,0.7,
0.684211,0.8125,
0.538462,0.736842,
0.529412,0.428571,
0.411765,0.538462,
0.533333,0.615385,
0.454545,0.625,
0.666667,0.666667,
0.428571,0.5,
0.740741,0.740741,
0.529412,0.45,
0.619048,0.928571,
0.545455,0.352941,
0.818182,0.857143,
0.56,0.7,
0.642857,0.5625,
0.666667,0.526316,
0.384615,0.384615,
0.6875,0.6875,
0.52,0.684211,
0.703704,0.863636,
0.384615,0.333333,
0.48,0.666667,
0.333333,0.304348,
0.4,0.25,
0.655172,0.863636,
0.4,0.4,
0.551724,0.533333,
0.285714,0.363636,
0.4375,0.583333,
0.5,0.347826,
0.869565,0.689655,
0.782609,0.818182,
0.333333,0.357143,
0.789474,0.555556,
0.5,0.478261,
0.464286,0.448276,
0.642857,0.72,
0.705882,0.666667,
0.411765,0.538462,
0.85,0.68,
0.5,0.5625,
0.380952,0.4,
0.681818,0.789474,
0.75,0.9,
0.625,0.526316,
0.6,0.818182,
0.25,0.235294,
0.538462,0.5,
0.833333,0.714286,
0.454545,0.416667,
0.3,0.333333,
0.380952,0.380952,
0.4,0.5,
0.529412,0.529412,
0.421053,0.5,
0.740741,0.833333,
0.740741,0.8,
0.647059,0.611111,
0.75,0.789474,
0.368421,0.4375,
0.689655,0.769231,
0.625,0.681818,
0.461538,0.352941,
0.681818,0.681818,
0.48,0.5,
0.625,0.47619,
0.357143,0.5,
0.5,0.461538,
0.5,0.5,
0.75,0.875,
0.578947,0.647059,
0.5625,0.529412,
0.692308,0.857143,
0.5,0.333333,
0.722222,0.464286,
0.529412,0.5,
0.409091,0.5,
0.4375,0.4375,
0.76,0.826087,
0.6,0.428571,
0.444444,0.470588,
0.647059,0.578947,
0.578947,0.578947,
0.592593,0.592593,
0.84,0.84,
0.416667,0.5,
0.782609,0.947368,
0.4375,0.538462,
0.444444,0.5,
0.5,0.785714,
0.315789,0.375,
0.909091,0.833333,
0.65,0.65,
0.75,0.833333,
0.304348,0.388889,
0.333333,0.375,
0.5,0.45,
0.64,0.8,
0.652174,0.652174,
0.411765,0.466667,
0.625,0.625,
0.478261,0.578947,
0.588235,0.47619,
0.782609,0.75,
0.391304,0.428571,
0.730769,0.678571,
0.5625,0.782609,
0.571429,0.6,
0.411765,0.5,
0.791667,0.791667,
0.64,0.761905,
0.45,0.5625,
0.357143,0.384615,
0.65,0.541667,
0.62963,0.809524,
0.722222,0.590909,
0.75,0.882353,
0.4375,0.5,
0.521739,0.75,
0.583333,0.736842,
0.761905,0.615385,
0.631579,0.666667,
0.8,0.571429,
0.5625,0.642857,
0.615385,0.5,
0.764706,0.722222,
0.444444,0.533333,
0.5,0.545455,
0.666667,0.533333,
0.642857,0.428571,
0.352941,0.4,
0.6,0.833333,
0.541667,0.565217,
0.791667,0.678571,
0.954545,0.75,
0.2,0.25,
0.857143,0.888889,
0.5,0.722222,
0.6,0.45,
0.416667,0.3125,
0.5,0.5,
0.466667,0.538462,
0.692308,0.782609,
0.823529,0.666667,
0.538462,0.538462,
0.4,0.4,
0.294118,0.357143,
0.681818,0.652174,
0.56,0.7,
0.56,0.777778,
0.8125,0.684211,
0.5,0.625,
0.64,0.842105,
0.578947,0.785714,
0.466667,0.583333,
0.375,0.272727,
0.857143,0.545455,
0.73913,0.809524,
0.611111,0.916667,
0.454545,0.277778,
0.538462,0.4375,
0.272727,0.375,
0.809524,0.772727,
0.866667,0.65,
0.538462,0.466667,
0.4375,0.636364,
0.647059,0.611111,
0.428571,0.333333,
0.576923,0.535714,
0.526316,0.526316,
0.833333,0.75,
0.708333,0.708333,
0.538462,0.666667,
0.740741,0.952381,
0.538462,0.7,
0.45,0.473684,
0.368421,0.4375,
0.307692,0.4,
0.538462,0.736842,
0.411765,0.4375,
0.357143,0.434783,
0.5,0.47619,
0.631579,0.923077,
0.538462,0.5,
0.384615,0.454545,
0.772727,0.708333,
0.578947,0.6875,
0.8,0.631579,
0.434783,0.588235,
0.68,0.62963,
0.625,0.625,
0.357143,0.416667,
0.916667,0.785714,
0.307692,0.285714,
0.84,0.777778,
0.85,0.708333,
0.636364,0.56,
0.32,0.421053,
0.5625,0.642857,
0.461538,0.444444,
0.692308,0.857143,
0.818182,0.818182,
0.384615,0.333333,
0.73913,0.772727,
0.566667,0.809524,
0.625,0.625,
0.736842,0.518519,
0.538462,0.538462,
0.7,0.538462,
0.461538,0.4,
0.555556,0.588235,
0.428571,0.375,
0.73913,0.586207,
0.47619,0.588235,
0.85,0.772727,
0.619048,0.52,
0.636364,0.4375,
0.714286,0.625,
0.576923,0.652174,
0.461538,0.375,
0.571429,0.8,
0.458333,0.578947,
0.666667,0.583333,
0.772727,0.73913,
0.588235,0.666667,
0.611111,0.611111,
0.84,0.913043,
0.578947,0.5,
0.857143,0.666667,
0.7,0.583333,
0.588235,0.454545,
0.714286,0.789474,
0.535714,0.535714,
0.857143,0.48,
0.526316,0.769231,
0.8,0.833333,
0.84,0.807692,
0.611111,0.611111,
0.615385,0.470588,
0.5,0.65,
0.727273,0.727273,
0.9,0.72,
0.85,0.62963,
0.941176,0.695652,
0.652174,0.9375,
0.470588,0.421053,
0.285714,0.333333,
0.473684,0.333333,
0.789474,0.681818,
0.181818,0.2,
0.368421,0.538462,
0.8125,0.565217,
0.4375,0.5,
0.5,0.357143,
0.285714,0.315789,
0.444444,0.533333,
0.590909,0.619048,
0.555556,0.769231,
0.352941,0.461538,
0.5,0.5,
0.433333,0.448276,
0.652174,0.789474,
0.73913,0.809524,
0.625,0.681818,
0.642857,0.5,
0.571429,0.444444,
0.653846,0.809524,
0.4,0.4,
0.72,0.947368,
0.444444,0.615385,
0.5,0.4,
0.464286,0.565217,
0.869565,0.740741,
0.5,0.75,
0.478261,0.6875,
0.888889,0.727273,
0.8,0.592593,
0.5,0.407407,
0.458333,0.6875,
0.238095,0.3125,
0.65,0.52,
0.6875,0.578947,
0.76,0.791667,
0.866667,0.619048,
0.615385,0.571429,
0.88,0.814815,
0.625,0.789474,
0.583333,0.538462,
0.428571,0.352941,
0.625,0.714286,
1,0.692308,
0.761905,0.592593,
0.615385,0.615385,
0.684211,0.866667,
0.611111,0.611111,
0.470588,0.5,
0.571429,0.571429,
0.875,0.608696,
0.842105,0.8,
0.521739,0.48,
0.545455,0.571429,
0.411765,0.5,
0.862069,0.833333,
0.84,0.807692,
0.6,0.6,
0.714286,0.5,
0.535714,0.75,
0.545455,0.461538,
0.689655,0.833333,
0.4,0.37037,
0.56,0.538462,
0.6,0.705882,
0.466667,0.583333,
0.666667,0.875,
0.565217,0.722222,
0.5,0.315789,
0.791667,0.76,
0.5,0.357143,
0.666667,0.857143,
0.48,0.6,
0.608696,0.608696,
0.782609,0.818182,
0.722222,0.684211,
0.769231,0.833333,
0.8,0.666667,
0.368421,0.538462,
0.608696,0.56,
0.411765,0.4375,
0.333333,0.3125,
0.5,0.384615,
0.611111,0.6875,
0.789474,0.555556,
0.535714,0.681818,
0.48,0.5,
0.529412,0.75,
0.578947,0.392857,
0.782609,0.782609,
0.666667,0.538462,
0.809524,0.809524,
0.571429,0.727273,
0.4375,0.4375,
0.681818,0.6,
0.272727,0.3,
0.25,0.285714,
0.631579,0.8,
0.730769,0.95,
0.333333,0.4,
0.380952,0.571429,
0.518519,0.56,
0.666667,0.823529,
0.56,0.875,
0.428571,0.545455,
0.588235,0.555556,
0.176471,0.25,
0.333333,0.363636,
0.478261,0.578947,
0.814815,0.785714,
0.692308,0.782609,
0.5,0.470588,
0.863636,0.678571,
0.666667,0.545455,
0.647059,0.733333,
0.448276,0.448276,
0.592593,0.842105,
0.454545,0.454545,
0.444444,0.571429,
0.588235,0.555556,
0.714286,0.555556,
0.8,0.75,
0.857143,0.827586,
0.695652,0.571429,
0.647059,0.647059,
0.529412,0.45,
0.375,0.428571,
0.388889,0.583333,
0.434783,0.555556,
0.478261,0.478261,
0.333333,0.222222,
0.5,0.625,
0.333333,0.307692,
0.2,0.2,
0.8,0.923077,
0.285714,0.285714,
0.363636,0.444444,
0.541667,0.5,
0.611111,0.611111,
0.5,0.727273,
0.705882,0.521739,
0.6875,0.5,
0.666667,0.454545,
0.714286,0.5,
0.6,0.545455,
0.428571,0.391304,
0.75,0.833333,
0.615385,0.727273,
0.454545,0.454545,
0.380952,0.380952,
0.666667,0.6,
0.888889,0.666667,
0.851852,0.851852,
0.384615,0.416667,
0.5,0.375,
0.84,0.84,
0.782609,0.75,
0.384615,0.3125,
0.666667,0.631579,
0.333333,0.294118,
0.333333,0.454545,
0.5,0.363636,
0.666667,0.933333,
0.294118,0.416667,
0.37037,0.416667,
0.352941,0.428571,
0.652174,0.576923,
0.615385,0.727273,
0.647059,0.6875,
0.533333,0.615385,
0.52381,0.55,
0.375,0.5,
0.782609,0.947368,
0.615385,0.615385,
0.75,0.9,
0.764706,0.684211,
0.411765,0.466667,
0.419355,0.590909,
0.714286,0.652174,
0.76,0.703704,
0.761905,0.8,
0.5,0.647059,
0.65,0.590909,
0.5,0.666667,
0.52381,0.578947,
0.533333,0.421053,
0.833333,0.833333,
0.5,0.75,
0.827586,0.827586,
0.333333,0.473684,
0.761905,0.615385,
0.689655,1,
0.5,0.461538,
0.263158,0.277778,
0.666667,0.5,
0.454545,0.3125,
0.535714,0.652174,
0.857143,0.72,
0.529412,0.428571,
0.592593,0.888889,
0.352941,0.5,
0.409091,0.6,
0.625,0.576923,
0.409091,0.5625,
0.55,0.55,
0.5,0.47619,
0.76,0.791667,
0.678571,0.703704,
0.5,0.5,
0.692308,0.6,
0.6875,0.611111,
0.722222,0.8125,
0.4,0.5,
0.857143,0.72,
0.863636,0.76,
0.821429,0.851852,
0.576923,0.714286,
0.526316,0.625,
0.625,0.652174,
0.5,0.473684,
0.695652,0.8,
0.615385,0.888889,
0.727273,0.761905,
0.727273,0.5,
0.5,0.545455,
0.565217,0.684211,
0.521739,0.75,
0.375,0.545455,
0.75,0.631579,
0.583333,0.5,
0.68,0.653846,
0.428571,0.6,
0.590909,0.590909,
0.454545,0.384615,
0.4,0.37037,
0.333333,0.352941,
0.785714,0.846154,
0.882353,0.681818,
0.4375,0.538462,
0.409091,0.409091,
0.846154,0.846154,
0.666667,0.444444,
0.5,0.555556,
0.47619,0.714286,
0.5,0.411765,
0.857143,0.857143,
0.384615,0.416667,
0.75,0.631579,
0.363636,0.363636,
0.65,0.590909,
0.5,0.545455,
0.307692,0.235294,
0.5,0.333333,
0.384615,0.384615,
0.7,0.823529,
0.7,0.7,
0.25,0.266667,
0.5,0.615385,
0.615385,0.888889,
0.5,0.666667,
0.428571,0.45,
0.434783,0.526316,
0.470588,0.421053,
0.4375,0.5,
0.791667,0.703704,
0.631579,0.6,
0.375,0.375,
0.482759,0.5,
0.461538,0.666667,
0.777778,0.736842,
0.708333,0.809524,
0.714286,0.625,
0.916667,0.785714,
0.3125,0.357143,
0.62963,0.62963,
0.88,0.785714,
0.8,0.714286,
0.52381,0.55,
0.482759,0.583333,
0.647059,0.611111,
0.615385,0.470588,
0.842105,0.592593,
0.533333,0.4,
0.689655,0.952381,
0.75,0.777778,
0.615385,0.444444,
0.428571,0.315789,
0.608696,0.933333,
0.666667,0.615385,
0.526316,0.384615,
0.411765,0.466667,
0.84,0.84,
0.576923,0.789474,
0.277778,0.263158,
0.578947,0.611111,
0.863636,0.730769,
0.5,0.666667,
0.708333,0.68,
0.583333,0.388889,
0.6,0.375,
0.307692,0.266667,
0.827586,0.857143,
0.5,0.428571,
0.666667,0.8,
0.272727,0.25,
0.333333,0.363636,
0.4,0.545455,
0.375,0.4,
0.636364,0.777778,
0.8,0.833333,
0.666667,0.666667,
0.529412,0.692308,
0.473684,0.473684,
0.25,0.285714,
0.5625,0.409091,
0.708333,0.772727,
0.571429,0.727273,
0.714286,0.769231,
0.571429,0.615385,
0.588235,0.625,
0.363636,0.307692,
0.9,0.782609,
0.411765,0.4375,
0.764706,0.5,
0.75,0.882353,
0.541667,0.764706,
0.75,0.75,
0.777778,0.807692,
0.5,0.5,
0.5,0.529412,
0.722222,0.619048,
0.814815,0.846154,
0.481481,0.722222,
0.75,0.652174,
0.703704,0.95,
0.64,0.8,
0.454545,0.454545,
0.368421,0.466667,
0.851852,0.766667,
0.56,0.608696,
0.363636,0.470588,
0.473684,0.5,
0.363636,0.333333,
0.882353,0.681818,
0.529412,0.5625,
0.5625,0.5625,
0.666667,0.8,
0.869565,0.8,
0.470588,0.615385,
0.333333,0.333333,
0.5,0.625,
0.866667,0.722222,
0.703704,1,
0.545455,0.666667,
0.5,0.391304,
0.653846,0.944444,
0.882353,0.681818,
0.827586,0.827586,
0.8125,0.619048,
0.947368,0.666667,
0.818182,0.782609,
0.583333,0.7,
0.642857,0.75,
0.315789,0.3,
0.411765,0.368421,
0.473684,0.5625,
0.666667,0.777778,
0.958333,0.766667,
0.571429,0.631579,
0.666667,0.833333,
0.473684,0.6,
0.545455,0.461538,
0.571429,0.533333,
0.5,0.666667,
0.571429,0.5,
0.428571,0.6,
0.458333,0.44,
0.666667,0.666667,
0.25,0.3,
0.588235,0.47619,
0.75,0.75,
0.619048,0.866667,
0.5,0.416667,
0.4,0.375,
0.391304,0.375,
0.52,0.565217,
0.538462,0.368421,
0.894737,0.772727,
0.666667,0.608696,
0.588235,0.588235,
0.444444,0.571429,
0.4375,0.5,
0.428571,0.461538,
0.666667,0.75,
0.933333,0.666667,
0.785714,0.578947,
0.714286,0.625,
0.416667,0.416667,
0.454545,0.416667,
0.578947,0.52381,
0.692308,0.666667,
0.684211,0.52,
0.363636,0.25,
0.823529,0.666667,
0.703704,0.791667,
0.666667,0.666667,
0.4,0.461538,
0.684211,0.481481,
0.454545,0.5,
0.272727,0.428571,
0.466667,0.4375,
0.904762,0.703704,
0.733333,0.733333,
0.625,0.454545,
0.470588,0.5,
0.727273,0.727273,
0.736842,0.823529,
0.55,0.55,
0.555556,0.555556,
0.866667,0.619048,
0.548387,0.708333,
0.208333,0.227273,
0.75,0.6,
0.6,0.75,
0.473684,0.5625,
0.5625,0.375,
0.375,0.315789,
0.285714,0.307692,
0.8,0.869565,
0.652174,0.714286,
0.708333,0.894737,
0.411765,0.466667,
0.466667,0.4375,
0.714286,0.789474,
0.642857,0.5,
0.809524,0.708333,
0.666667,0.592593,
0.413793,0.4,
0.444444,0.5,
0.409091,0.5625,
0.904762,0.703704,
0.392857,0.52381,
0.4,0.5,
0.380952,0.571429,
0.647059,0.52381,
0.391304,0.45,
0.826087,0.826087,
0.736842,0.636364,
0.538462,0.736842,
0.444444,0.631579,
0.533333,0.470588,
0.5625,0.529412,
0.592593,0.727273,
0.785714,0.52381,
0.55,0.785714,
0.608696,0.875,
0.95,0.730769,
0.545455,0.75,
0.375,0.6,
0.571429,0.571429,
0.764706,0.541667,
0.727273,0.551724,
0.5625,0.45,
0.722222,0.8125,
0.588235,0.666667,
0.428571,0.5,
0.6,0.75,
0.681818,0.6,
0.772727,0.772727,
0.625,0.625,
0.458333,0.423077,
0.851852,0.851852,
0.4,0.428571,
0.6,0.818182,
0.5,0.526316,
0.571429,0.571429,
0.6,0.555556,
0.782609,0.666667,
0.666667,0.727273,
0.75,0.75,
0.653846,0.894737,
0.411765,0.466667,
0.5,0.666667,
0.809524,0.62963,
0.6,0.375,
0.411765,0.368421,
0.333333,0.307692,
0.3,0.272727,
0.894737,0.62963,
0.666667,0.521739,
0.821429,0.821429,
0.5,0.692308,
0.736842,0.666667,
0.470588,0.470588,
0.611111,0.55,
0.76,0.791667,
0.842105,0.571429,
0.625,0.714286,
0.541667,0.464286,
0.25,0.285714,
0.555556,0.384615,
0.625,0.882353,
0.473684,0.642857,
0.708333,0.894737,
0.64,0.761905,
0.727273,0.8,
0.545455,0.545455,
0.6,0.461538,
0.5,0.7,
0.533333,0.615385,
0.592593,0.695652,
0.545455,0.75,
0.607143,0.586207,
0.555556,0.769231,
0.666667,0.705882,
0.823529,0.7,
0.6,0.6,
0.615385,0.5,
0.590909,0.764706,
0.75,0.666667,
0.5,0.6875,
0.8,0.571429,
0.478261,0.478261,
0.428571,0.5,
0.25,0.272727,
0.782609,0.782609,
0.7,0.466667,
0.75,0.782609,
0.454545,0.384615,
0.6,0.5,
0.357143,0.5,
0.791667,0.703704,
0.65,0.764706,
0.529412,0.75,
0.647059,0.611111,
0.461538,0.461538,
0.666667,0.7,
0.6,0.6,
0.478261,0.6875,
0.571429,0.64,
0.266667,0.307692,
0.538462,0.466667,
0.75,0.782609,
0.904762,0.791667,
0.555556,0.714286,
0.85,0.653846,
0.733333,0.733333,
0.433333,0.65,
0.52381,0.611111,
0.375,0.461538,
0.947368,0.72,
0.833333,0.8,
0.423077,0.52381,
0.875,0.75,
0.3,0.5,
0.769231,0.714286,
0.875,0.777778,
0.555556,0.454545,
0.333333,0.357143,
0.7,0.666667,
0.454545,0.555556,
0.75,0.857143,
0.454545,0.5,
0.647059,0.52381,
0.5,0.625,
0.235294,0.333333,
0.5,0.583333,
0.68,0.772727,
0.357143,0.294118,
0.615385,0.444444,
0.782609,0.666667,
0.809524,0.653846,
0.666667,0.842105,
0.611111,0.578947,
0.73913,0.708333,
0.782609,0.642857,
0.421053,0.533333,
0.695652,0.615385,
0.533333,0.444444,
0.388889,0.368421,
0.571429,0.615385,
0.5,0.4375,
0.56,0.666667,
0.941176,0.64,
0.444444,0.307692,
0.357143,0.357143,
0.8,0.8,
0.571429,0.615385,
0.576923,0.625,
0.55,0.5,
0.333333,0.384615,
0.368421,0.411765,
0.791667,0.791667,
0.826087,0.730769,
0.5,0.555556,
0.545455,0.375,
0.769231,0.588235,
0.5,0.409091,
0.681818,0.75,
0.791667,0.791667,
0.727273,0.888889,
0.52381,0.52381,
0.72,0.72,
0.76,0.76,
0.730769,0.791667,
0.666667,0.75,
0.363636,0.571429,
0.384615,0.294118,
0.851852,0.851852,
0.315789,0.428571,
0.5,0.384615,
0.4,0.545455,
0.642857,0.642857,
0.357143,0.3125,
0.461538,0.6,
0.689655,0.740741,
0.625,0.769231,
0.636364,0.4375,
0.375,0.4,
0.65,0.565217,
0.583333,0.583333,
0.647059,0.55,
0.5,0.583333,
0.5,0.37931,
0.68,0.85,
0.541667,0.433333,
0.448276,0.448276,
0.793103,0.851852,
0.611111,0.478261,
0.947368,0.666667,
0.695652,0.592593,
0.75,0.521739,
0.421053,0.5,
0.647059,0.458333,
0.428571,0.444444,
0.736842,0.608696,
0.461538,0.631579,
0.4,0.344828,
0.538462,0.7,
0.75,0.818182,
0.391304,0.5,
0.5,0.444444,
0.473684,0.473684,
0.588235,0.416667,
0.375,0.4,
0.708333,0.809524,
0.8,0.666667,
0.555556,0.434783,
0.6,0.5,
0.666667,0.571429,
0.95,0.76,
0.45,0.473684,
0.807692,0.84,
0.6,0.681818,
0.5,0.5,
0.263158,0.384615,
0.789474,0.576923,
0.357143,0.277778,
0.588235,0.588235,
0.583333,0.736842,
0.217391,0.263158,
0.6875,0.5,
0.733333,0.578947,
0.5,0.625,
0.357143,0.37037,
0.416667,0.5,
0.555556,0.47619,
0.681818,0.517241,
0.5,0.571429,
0.454545,0.3125,
0.608696,0.608696,
0.5,0.6,
0.772727,0.62963,
0.142857,0.117647,
0.75,0.6,
0.4,0.352941,
1,0.666667,
0.5,0.647059,
0.538462,0.4375,
0.666667,0.526316,
0.807692,0.84,
0.666667,0.740741,
0.473684,0.5,
0.55,0.407407,
0.6,0.529412,
0.809524,0.809524,
0.529412,0.409091,
0.642857,0.75,
0.73913,0.708333,
0.576923,0.576923,
0.65,0.52,
0.75,0.642857,
0.416667,0.3125,
0.428571,0.6,
0.5,0.583333,
0.772727,0.944444,
0.619048,0.764706,
0.722222,0.590909,
0.75,0.75,
0.8,0.740741,
0.869565,0.769231,
0.636364,0.583333,
1,0.730769,
0.45,0.473684,
0.772727,0.62963,
0.466667,0.5,
0.461538,0.5,
0.571429,0.615385,
0.84,0.807692,
0.631579,0.5,
0.666667,0.428571,
0.363636,0.4,
0.68,0.894737,
0.6875,0.578947,
0.727273,0.615385,
0.5,0.692308,
0.95,0.791667,
0.45,0.642857,
0.642857,0.473684,
0.740741,0.952381,
0.571429,0.421053,
0.684211,0.619048,
0.565217,0.764706,
0.434783,0.555556,
0.375,0.375,
0.5,0.363636,
0.416667,0.454545,
0.652174,0.652174,
0.416667,0.5,
0.4,0.533333,
0.470588,0.470588,
0.5,0.666667,
0.466667,0.583333,
0.846154,0.846154,
0.615385,0.615385,
0.48,0.461538,
0.352941,0.428571,
0.590909,0.684211,
0.9,0.642857,
0.615385,0.5,
0.75,0.705882,
0.8,0.615385,
0.5,0.470588,
0.392857,0.52381,
0.545455,0.4,
0.347826,0.363636,
0.789474,0.714286,
0.428571,0.375,
0.5,0.4375,
0.565217,0.764706,
0.636364,0.466667,
0.8,0.769231,
1,0.666667,
0.333333,0.454545,
0.5,0.65,
0.636364,0.538462,
0.461538,0.545455,
0.541667,0.684211,
0.666667,0.875,
0.642857,0.666667,
0.652174,0.833333,
0.777778,0.538462,
0.782609,0.818182,
0.357143,0.25,
0.555556,0.588235,
0.666667,0.842105,
0.590909,0.565217,
0.571429,0.5,
0.526316,0.555556,
0.703704,0.863636,
0.428571,0.333333,
0.565217,0.684211,
0.714286,0.869565,
0.647059,0.578947,
0.380952,0.444444,
0.583333,0.583333,
0.235294,0.307692,
0.4,0.428571,
0.8,0.666667,
0.578947,0.785714,
0.692308,0.818182,
0.615385,0.380952,
0.642857,0.428571,
0.6,0.428571,
0.470588,0.380952,
0.76,0.730769,
0.851852,0.851852,
0.545455,0.461538,
0.521739,0.428571,
0.578947,0.6875,
0.684211,0.764706,
0.833333,0.75,
0.708333,0.772727,
0.555556,0.555556,
0.318182,0.5,
0.388889,0.411765,
0.789474,0.75,
0.714286,0.882353,
0.733333,0.55,
0.5,0.428571,
0.5625,0.5625,
0.666667,0.571429,
0.333333,0.411765,
0.454545,0.454545,
0.6,0.5,
0.416667,0.555556,
0.5,0.518519,
0.833333,0.833333,
0.461538,0.428571,
0.363636,0.533333,
0.615385,0.727273,
0.5,0.48,
0.692308,0.529412,
0.823529,0.7,
0.666667,0.64,
0.72,0.947368,
0.636364,0.56,
0.590909,0.433333,
0.611111,0.611111,
0.416667,0.5,
0.777778,0.875,
0.73913,0.85,
0.5,0.416667,
0.481481,0.52,
0.791667,0.730769,
0.461538,0.352941,
0.611111,0.846154,
0.8,0.727273,
0.75,0.72,
0.666667,0.571429,
0.5,0.388889,
0.571429,0.8,
0.473684,0.529412,
0.454545,0.5,
0.692308,0.45,
0.333333,0.3125,
0.714286,0.789474,
0.681818,0.681818,
0.521739,0.666667,
0.47619,0.526316,
0.642857,0.857143,
0.653846,0.772727,
0.68,0.653846,
0.583333,0.636364,
0.545455,0.666667,
0.827586,0.857143,
0.333333,0.333333,
0.727273,0.695652,
0.95,0.703704,
0.529412,0.409091,
0.551724,0.888889,
0.571429,0.571429,
0.8125,0.590909,
0.428571,0.375,
0.619048,0.541667,
0.72,0.5625,
0.375,0.45,
0.6875,0.5,
0.555556,0.714286,
0.407407,0.52381,
0.25,0.266667,
0.56,0.736842,
0.315789,0.3,
0.869565,0.8,
0.894737,0.708333,
0.73913,0.653846,
0.444444,0.444444,
0.3125,0.333333,
0.8,0.666667,
0.823529,0.636364,
0.777778,0.56,
0.807692,0.84,
0.434783,0.526316,
0.590909,0.541667,
0.428571,0.6,
0.538462,0.538462,
0.826087,0.76,
0.545455,0.5,
0.571429,0.615385,
0.294118,0.333333,
0.464286,0.590909,
0.65,0.8125,
0.933333,0.636364,
0.705882,0.666667,
0.571429,0.571429,
0.578947,0.6875,
0.565217,0.65,
0.904762,0.730769,
0.5,0.565217,
0.45,0.6,
0.384615,0.357143,
0.555556,0.769231,
0.7,0.823529,
0.714286,0.47619,
0.888889,0.727273,
0.695652,0.727273,
0.833333,0.8,
0.857143,0.72,
0.631579,0.571429,
0.5,0.642857,
0.291667,0.25,
0.545455,0.75,
0.619048,0.565217,
0.375,0.272727,
0.6,0.576923,
0.714286,0.952381,
0.590909,0.8125,
0.6,0.666667,
0.869565,0.769231,
0.8,0.869565,
0.363636,0.363636,
0.833333,0.869565,
0.5,0.380952,
0.454545,0.625,
0.714286,0.652174,
0.636364,0.4375,
0.9,0.692308,
0.85,0.68,
0.434783,0.625,
0.666667,0.421053,
0.724138,0.75,
0.8,0.869565,
0.6875,0.578947,
0.5,0.470588,
0.4,0.375,
0.842105,0.695652,
0.466667,0.368421,
0.833333,0.740741,
0.4,0.4,
0.470588,0.470588,
0.1875,0.272727,
0.777778,0.583333,
0.73913,0.586207,
0.833333,0.75,
0.571429,0.571429,
0.352941,0.4,
0.4,0.545455,
0.823529,0.636364,
0.590909,0.541667,
0.588235,0.555556,
0.769231,0.869565,
0.666667,0.75,
0.5,0.3125,
0.55,0.6875,
0.709677,0.814815,
0.3,0.272727,
0.875,0.608696,
0.416667,0.454545,
0.444444,0.521739,
0.608696,0.933333,
0.647059,0.733333,
0.833333,0.862069,
0.571429,0.727273,
0.72,0.947368,
0.47619,0.588235,
0.5,0.555556,
0.4,0.428571,
0.454545,0.416667,
0.73913,0.73913,
0.466667,0.411765,
0.821429,0.793103,
0.75,0.75,
0.866667,0.590909,
0.64,0.727273,
0.4,0.434783,
0.368421,0.368421,
0.772727,0.607143,
0.473684,0.6,
0.916667,0.785714,
0.384615,0.37037,
0.473684,0.409091,
0.777778,0.538462,
0.642857,0.473684,
0.75,0.625,
0.809524,0.73913,
0.928571,0.65,
0.695652,0.666667,
0.727273,0.615385,
0.608696,0.636364,
0.642857,0.72,
0.692308,0.6,
0.56,0.875,
0.428571,0.4,
0.294118,0.416667,
0.636364,0.636364,
0.647059,0.52381,
0.5,0.347826,
0.730769,0.678571,
0.380952,0.571429,
0.411765,0.5,
0.75,0.875,
0.714286,0.588235,
0.461538,0.315789,
0.4,0.421053,
0.526316,0.714286,
0.642857,0.6,
0.428571,0.333333,
0.642857,0.75,
0.6875,0.578947,
0.4,0.333333,
0.45,0.5,
0.555556,0.555556,
0.75,0.782609,
0.272727,0.333333,
0.555556,0.555556,
0.615385,0.444444,
0.470588,0.571429,
0.923077,0.6,
0.777778,0.75,
0.384615,0.384615,
0.65,0.722222,
0.578947,0.5,
0.766667,0.92,
0.5,0.615385,
0.5,0.4375,
0.409091,0.5,
0.47619,0.625,
0.758621,0.846154,
0.44,0.44,
0.526316,0.454545,
0.521739,0.6,
0.384615,0.5,
0.52381,0.478261,
0.5,0.352941,
0.4,0.428571,
0.6875,0.458333,
0.294118,0.454545,
0.434783,0.555556,
0.642857,0.75,
0.533333,0.64,
0.909091,0.714286,
0.428571,0.375,
0.481481,0.722222,
0.466667,0.411765,
0.882353,0.652174,
0.538462,0.538462,
0.4,0.545455,
0.6,0.545455,
0.5,0.391304,
0.714286,0.454545,
0.409091,0.5625,
0.5,0.458333,
0.809524,0.809524,
0.5625,0.642857,
0.740741,0.869565,
0.384615,0.454545,
0.444444,0.444444,
0.0909091,0.111111,
0.428571,0.5,
0.4,0.5,
0.411765,0.318182,
0.666667,0.666667,
0.833333,0.555556,
0.458333,0.6875,
0.416667,0.294118,
0.652174,0.652174,
0.818182,0.782609,
0.384615,0.416667,
0.3125,0.384615,
0.421053,0.533333,
0.55,0.478261,
0.5,0.6875,
0.8,0.592593,
0.818182,0.782609,
0.740741,0.869565,
0.636364,0.583333,
0.807692,0.84,
0.6,0.6,
0.526316,0.769231,
0.714286,0.625,
0.705882,0.631579,
0.866667,0.684211,
0.433333,0.481481,
0.666667,0.48,
0.541667,0.565217,
0.466667,0.4375,
0.444444,0.363636,
0.608696,0.636364,
0.4,0.307692,
0.565217,0.764706,
0.708333,0.68,
0.708333,0.85,
0.478261,0.578947,
0.5,0.461538,
0.565217,0.590909,
0.631579,0.571429,
0.538462,0.411765,
0.863636,0.703704,
0.777778,0.807692,
0.473684,0.409091,
0.470588,0.470588,
0.727273,0.8,
0.678571,0.76,
0.545455,0.666667,
0.772727,0.607143,
0.285714,0.4,
0.714286,0.555556,
0.625,0.666667,
0.4,0.4,
0.47619,0.4,
0.428571,0.461538,
0.7,0.538462,
0.578947,0.52381,
0.352941,0.4,
0.827586,0.827586,
0.714286,0.47619,
0.466667,0.368421,
0.533333,0.666667,
0.655172,0.76,
0.8,0.740741,
0.6,0.535714,
0.571429,0.5,
0.7,0.7,
0.857143,0.631579,
0.8125,0.65,
0.642857,0.857143,
0.578947,0.458333,
0.85,0.62963,
0.352941,0.375,
0.533333,0.380952,
0.428571,0.5,
0.615385,0.64,
0.5,0.571429,
0.421053,0.444444,
0.666667,0.571429,
0.666667,0.727273,
0.6,0.545455,
0.684211,0.52,
0.333333,0.25,
0.76,0.678571,
0.758621,0.88,
0.5,0.538462,
0.857143,0.666667,
0.4,0.375,
0.428571,0.428571,
0.5,0.666667,
0.631579,0.6,
1,0.689655,
0.705882,0.705882,
0.48,0.75,
0.541667,0.764706,
0.428571,0.3,
0.692308,0.5625,
0.411765,0.368421,
0.4,0.5,
0.25,0.384615,
0.68,0.653846,
0.631579,0.461538,
0.407407,0.478261,
0.357143,0.555556,
0.5,0.37037,
0.444444,0.347826,
0.421053,0.5,
0.421053,0.470588,
0.619048,0.565217,
0.538462,0.411765,
0.4,0.434783,
0.25,0.230769,
0.8125,0.722222,
0.285714,0.2,
0.538462,0.5,
0.666667,0.75,
0.529412,0.75,
0.518519,0.583333,
0.62963,0.894737,
0.454545,0.555556,
0.448276,0.481481,
0.277778,0.294118,
0.782609,0.72,
0.571429,0.571429,
0.5,0.45,
0.538462,0.583333,
0.461538,0.521739,
0.56,0.736842,
0.652174,0.6,
0.521739,0.571429,
0.590909,0.8125,
0.733333,0.647059,
0.346154,0.310345,
0.708333,0.894737,
0.814815,0.785714,
0.892857,0.892857,
0.5,0.533333,
0.5,0.416667,
0.64,0.842105,
0.631579,0.857143,
0.666667,0.56,
0.538462,0.7,
0.705882,0.8,
0.5625,0.642857,
0.689655,0.769231,
0.586207,0.85,
0.352941,0.315789,
0.458333,0.6875,
0.565217,0.65,
0.8,0.695652,
0.708333,0.62963,
0.428571,0.5625,
0.277778,0.416667,
0.6,0.681818,
0.740741,0.869565,
0.666667,0.933333,
0.75,0.807692,
0.5,0.636364,
0.761905,0.727273,
0.888889,0.727273,
0.551724,0.615385,
0.368421,0.4375,
0.555556,0.47619,
0.526316,0.555556,
0.655172,0.826087,
0.473684,0.473684,
0.416667,0.5,
0.681818,0.75,
0.388889,0.538462,
0.384615,0.416667,
0.588235,0.769231,
0.5,0.526316,
0.666667,0.583333,
0.4,0.444444,
0.571429,0.533333,
0.826087,0.791667,
0.761905,0.727273,
0.375,0.5625,
0.636364,0.5,
0.807692,0.7,
0.416667,0.357143,
0.866667,0.684211,
0.307692,0.307692,
0.411765,0.583333,
0.608696,0.608696,
0.407407,0.44,
0.571429,0.380952,
0.642857,0.5625,
0.307692,0.222222,
0.714286,0.588235,
0.470588,0.571429,
0.863636,0.791667,
0.428571,0.4,
0.454545,0.263158,
0.692308,0.947368,
0.666667,0.533333,
0.55,0.478261,
0.545455,0.545455,
0.708333,0.62963,
0.583333,0.583333,
0.733333,0.578947,
0.55,0.578947,
0.7,0.954545,
0.652174,0.882353,
0.466667,0.4375,
0.72,0.72,
0.4375,0.466667,
0.576923,0.681818,
0.5,0.466667,
0.454545,0.555556,
0.533333,0.4,
0.7,0.875,
0.633333,0.791667,
0.4,0.5,
0.272727,0.2,
0.625,0.6,
0.333333,0.384615,
0.875,0.636364,
0.388889,0.388889,
0.730769,0.76,
0.526316,0.625,
0.5,0.363636,
0.708333,0.73913,
0.470588,0.470588,
0.428571,0.545455,
0.764706,0.541667,
0.782609,0.782609,
0.428571,0.428571,
0.772727,0.68,
0.384615,0.555556,
0.5,0.565217,
0.833333,0.740741,
0.5,0.5625,
0.571429,0.571429,
0.5,0.631579,
0.769231,0.869565,
0.357143,0.5,
0.666667,0.909091,
0.736842,0.636364,
0.826087,0.826087,
0.411765,0.35,
0.8,0.8,
0.5,0.466667,
0.464286,0.481481,
0.5,0.5,
0.545455,0.352941,
0.571429,0.380952,
0.647059,0.733333,
0.714286,0.5,
0.6,0.5,
0.5,0.5,
0.461538,0.4,
0.333333,0.294118,
0.827586,0.827586,
0.555556,0.555556,
0.533333,0.5,
0.652174,0.535714,
0.65,0.722222,
0.3,0.214286,
0.785714,0.55,
0.352941,0.333333,
0.315789,0.352941,
0.588235,0.555556,
0.5625,0.6,
0.678571,0.678571,
0.363636,0.307692,
0.578947,0.733333,
0.722222,0.481481,
0.538462,0.388889,
0.842105,0.695652,
0.666667,0.75,
0.230769,0.333333,
0.809524,0.708333,
0.692308,0.72,
0.631579,0.666667,
0.538462,0.368421,
0.571429,0.470588,
0.866667,0.866667,
0.681818,0.75,
0.55,0.647059,
0.555556,0.666667,
0.466667,0.4375,
0.375,0.5,
0.727273,0.727273,
0.333333,0.296296,
0.466667,0.7,
0.666667,0.571429,
0.7,0.636364,
0.65,0.5,
0.533333,0.444444,
0.75,0.724138,
0.782609,0.72,
0.695652,0.533333,
0.833333,0.833333,
0.611111,0.55,
0.75,0.6,
0.611111,0.647059,
0.588235,0.47619,
0.583333,0.5,
0.615385,0.615385,
0.692308,0.666667,
0.736842,0.636364,
0.666667,0.7,
0.4375,0.466667,
0.75,0.9,
0.583333,0.777778,
0.588235,0.434783,
0.894737,0.73913,
0.285714,0.285714,
0.75,0.625,
0.5,0.631579,
0.444444,0.666667,
0.714286,0.526316,
0.666667,0.823529,
0.8,0.842105,
0.782609,0.692308,
0.705882,0.75,
0.68,0.708333,
0.6,0.545455,
0.793103,0.884615,
0.47619,0.625,
0.6,0.789474,
0.5,0.538462,
0.727273,0.888889,
0.565217,0.866667,
0.526316,0.416667,
0.814815,0.814815,
0.48,0.705882,
0.944444,0.653846,
0.809524,0.894737,
0.571429,0.551724,
0.6,0.5,
0.72,0.782609,
0.952381,0.740741,
0.6,0.45,
0.6,0.409091,
0.941176,0.64,
0.4,0.461538,
0.8,0.571429,
0.37037,0.37037,
0.428571,0.3,
0.526316,0.666667,
0.666667,0.47619,
0.875,0.75,
0.5,0.5,
0.636364,0.7,
0.777778,0.736842,
0.789474,0.652174,
0.777778,0.608696,
0.75,0.818182,
0.857143,0.827586,
0.352941,0.461538,
0.62963,0.894737,
0.62963,0.62963,
0.428571,0.4,
0.25,0.230769,
0.388889,0.4375,
0.583333,0.5,
0.75,0.652174,
0.555556,0.454545,
0.8,0.740741,
0.444444,0.363636,
0.789474,0.714286,
0.533333,0.727273,
0.388889,0.466667,
0.777778,0.913043,
0.555556,0.789474,
0.666667,0.666667,
0.230769,0.333333,
0.4,0.333333,
0.44,0.647059,
0.461538,0.521739,
0.6,0.473684,
0.375,0.409091,
0.5,0.35,
0.5,0.666667,
0.263158,0.3125,
0.869565,1,
0.5,0.583333,
0.588235,0.47619,
0.384615,0.333333,
0.8,0.8,
0.863636,0.633333,
0.466667,0.411765,
0.3,0.375,
0.65,0.764706,
0.73913,0.772727,
0.692308,0.692308,
0.777778,0.954545,
0.545455,0.545455,
0.8,0.769231,
0.941176,0.64,
0.583333,0.823529,
0.681818,0.714286,
0.375,0.333333,
0.761905,0.8,
0.777778,0.75,
0.636364,0.7,
0.5,0.380952,
0.62069,0.782609,
0.8,0.8,
0.416667,0.357143,
0.4,0.428571,
0.428571,0.333333,
0.4375,0.411765,
0.740741,0.833333,
0.8125,0.619048,
0.545455,0.571429,
0.583333,0.538462,
1,0.703704,
0.75,0.782609,
0.894737,0.73913,
0.894737,0.73913,
0.84,0.84,
0.863636,0.76,
0.588235,0.714286,
0.444444,0.363636,
0.555556,0.588235,
0.388889,0.466667,
0.409091,0.5625,
0.727273,0.8,
0.777778,0.875,
0.586207,0.73913,
0.294118,0.357143,
0.428571,0.529412,
0.473684,0.5625,
0.428571,0.461538,
0.666667,0.7,
0.842105,0.761905,
0.764706,0.541667,
1,0.681818,
0.461538,0.545455,
0.454545,0.526316,
0.7,0.583333,
0.529412,0.5625,
0.571429,0.380952,
0.846154,0.916667,
0.6,0.6,
0.857143,0.692308,
0.583333,0.466667,
0.5,0.44,
0.615385,0.4,
0.6875,0.846154,
0.526316,0.588235,
0.666667,0.608696,
0.352941,0.4,
0.941176,0.727273,
0.5,0.588235,
0.375,0.272727,
0.8,0.740741,
0.666667,0.571429,
0.526316,0.555556,
0.428571,0.571429,
0.578947,0.6875,
0.764706,0.764706,
0.470588,0.470588,
0.466667,0.466667,
0.277778,0.384615,
0.482759,0.466667,
0.545455,0.8,
0.6,0.666667,
0.4,0.428571,
0.4,0.333333,
0.464286,0.5,
0.55,0.733333,
0.5,0.428571,
0.666667,0.64,
0.84,0.875,
0.588235,0.5,
0.428571,0.352941,
0.636364,0.608696,
0.285714,0.333333,
0.785714,0.785714,
0.470588,0.666667,
0.75,0.875,
0.555556,0.535714,
0.375,0.545455,
0.842105,0.727273,
0.333333,0.277778,
0.4,0.444444,
0.4,0.357143,
0.291667,0.291667,
0.545455,0.705882,
0.565217,0.722222,
0.458333,0.423077,
0.769231,0.740741,
0.55,0.55,
0.565217,0.565217,
0.916667,0.647059,
0.666667,0.428571,
0.5,0.470588,
0.793103,0.766667,
0.545455,0.6,
0.8,0.8,
0.714286,0.47619,
0.428571,0.461538,
0.588235,0.588235,
0.631579,0.75,
0.545455,0.631579,
0.818182,0.666667,
0.631579,0.545455,
0.55,0.733333,
0.727273,0.571429,
0.592593,0.888889,
0.4375,0.636364,
0.84,0.7,
0.529412,0.409091,
0.222222,0.363636,
0.421053,0.615385,
0.555556,0.714286,
0.55,0.578947,
0.352941,0.461538,
0.375,0.352941,
0.285714,0.375,
0.4,0.5,
0.388889,0.388889,
0.526316,0.526316,
0.666667,0.48,
0.37037,0.384615,
0.619048,0.764706,
0.380952,0.32,
0.4,0.5,
0.655172,0.863636,
0.466667,0.368421,
0.6,0.652174,
0.642857,0.818182,
0.454545,0.454545,
0.818182,0.782609,
0.625,0.681818,
0.777778,0.84,
0.692308,0.666667,
0.909091,0.645161,
0.352941,0.5,
0.6,0.473684,
0.75,0.807692,
0.84,0.84,
0.73913,0.68,
0.466667,0.583333,
0.625,0.666667,
0.375,0.272727,
0.473684,0.45,
0.521739,0.6,
0.75,0.833333,
0.730769,0.703704,
0.5625,0.473684,
0.481481,0.5,
0.538462,0.823529,
0.4,0.5,
0.428571,0.352941,
0.791667,0.863636,
0.555556,0.625,
0.789474,0.789474,
0.642857,0.45,
0.461538,0.461538,
0.421053,0.421053,
0.3,0.25,
0.714286,0.625,
0.571429,0.444444,
0.538462,0.388889,
0.785714,0.846154,
0.545455,0.545455,
0.647059,0.733333,
0.636364,0.4375,
0.545455,0.428571,
0.5,0.541667,
0.653846,0.772727,
0.75,0.818182,
0.533333,0.421053,
0.769231,0.526316,
0.333333,0.3,
0.5,0.347826,
0.807692,0.807692,
0.5,0.478261,
0.333333,0.25,
0.583333,0.583333,
0.272727,0.3,
0.75,0.642857,
0.8125,0.619048,
0.555556,0.555556,
0.55,0.611111,
0.3,0.272727,
0.545455,0.75,
0.681818,0.625,
0.764706,0.619048,
0.5,0.368421,
0.5,0.588235,
0.625,0.588235,
0.5,0.588235,
0.62963,0.809524,
0.590909,0.619048,
0.772727,0.68,
0.5,0.555556,
0.5625,0.45,
0.111111,0.0769231,
0.583333,0.466667,
0.526316,0.37037,
0.5,0.692308,
0.277778,0.3125,
0.45,0.5625,
0.642857,0.409091,
0.411765,0.583333,
0.545455,0.545455,
0.764706,0.541667,
0.235294,0.210526,
0.875,0.608696,
0.8125,0.684211,
0.666667,0.666667,
0.777778,0.736842,
0.473684,0.529412,
0.5,0.578947,
0.833333,0.714286,
0.777778,0.56,
0.740741,0.714286,
0.538462,0.538462,
0.5,0.444444,
0.384615,0.277778,
0.4,0.428571,
0.583333,0.777778,
0.333333,0.214286,
0.869565,0.769231,
0.48,0.571429,
0.416667,0.555556,
0.5,0.666667,
0.5,0.666667,
0.56,0.518519,
0.6,0.818182,
0.3,0.333333,
0.4375,0.411765,
0.583333,0.368421,
0.346154,0.529412,
0.615385,0.533333,
0.36,0.346154,
0.846154,0.846154,
0.346154,0.391304,
0.730769,0.76,
0.444444,0.333333,
0.521739,0.428571,
0.791667,0.730769,
0.84,0.7,
0.25,0.4,
0.448276,0.684211,
0.4375,0.466667,
0.428571,0.4,
0.535714,0.75,
0.761905,0.695652,
0.692308,0.5625,
0.62963,0.62963,
0.75,0.818182,
0.64,0.842105,
0.285714,0.266667,
0.62963,0.809524,
0.25,0.363636,
0.733333,0.55,
0.428571,0.375,
0.64,0.666667,
0.411765,0.583333,
0.75,0.789474,
0.761905,0.8,
0.791667,0.678571,
0.652174,0.882353,
0.8,0.8,
0.6875,0.611111,
0.611111,0.578947,
0.352941,0.375,
0.714286,0.625,
0.571429,0.444444,
0.4,0.4,
0.5,0.388889,
0.521739,0.666667,
0.392857,0.52381,
0.7,0.954545,
1,0.769231,
0.428571,0.375,
0.666667,0.482759,
0.52,0.541667,
0.5625,0.45,
0.517241,0.75,
0.266667,0.25,
0.333333,0.222222,
0.518519,0.7,
0.434783,0.714286,
0.526316,0.47619,
0.2,0.2,
0.636364,0.666667,
0.689655,0.8,
0.73913,0.708333,
0.615385,0.571429,
0.428571,0.391304,
0.368421,0.5,
0.434783,0.555556,
0.529412,0.529412,
0.5,0.636364,
0.789474,0.75,
0.470588,0.5,
0.764706,0.764706,
0.72,0.75,
0.571429,0.4,
0.5,0.583333,
0.75,0.75,
0.454545,0.625,
0.758621,0.846154,
0.333333,0.333333,
0.692308,0.72,
0.571429,0.761905,
0.5625,0.45,
0.35,0.411765,
0.826087,0.703704,
0.413793,0.545455,
0.5,0.4,
0.9,0.9,
0.814815,0.88,
0.5,0.357143,
0.444444,0.444444,
0.538462,0.388889,
0.65,0.619048,
0.65,0.722222,
0.375,0.4,
0.92,0.92,
0.434783,0.625,
0.6,0.692308,
0.529412,0.45,
0.5,0.555556,
0.647059,0.578947,
0.714286,0.75,
0.6,0.714286,
0.444444,0.5,
0.333333,0.3,
0.608696,0.823529,
0.72,0.75,
0.529412,0.6,
0.772727,0.708333,
0.708333,0.772727,
0.466667,0.636364,
0.689655,0.833333,
0.4,0.352941,
0.545455,0.75,
0.578947,0.6875,
0.857143,0.666667,
0.761905,0.761905,
0.466667,0.4375,
0.8,0.571429,
0.705882,0.571429,
0.4375,0.5,
0.458333,0.44,
0.291667,0.333333,
0.428571,0.4,
0.368421,0.538462,
0.538462,0.7,
0.4,0.5,
0.7,0.636364,
0.56,0.736842,
0.411765,0.466667,
0.571429,0.64,
0.5,0.5,
0.62069,0.947368,
0.761905,0.666667,
0.631579,0.571429,
0.625,0.714286,
0.5,0.571429,
0.461538,0.6,
0.730769,0.703704,
0.68,0.68,
0.4375,0.35,
0.4375,0.636364,
0.416667,0.294118,
0.4375,0.5,
0.730769,0.95,
0.952381,0.714286,
0.416667,0.333333,
0.666667,0.692308,
0.8,0.705882,
0.555556,0.769231,
0.52381,0.478261,
0.65,0.541667,
0.5,0.5,
0.538462,0.411765,
0.583333,0.666667,
0.7,0.7,
0.8125,0.722222,
0.538462,0.388889,
0.62069,0.782609,
0.75,0.714286,
0.25,0.181818,
0.65,0.590909,
0.5,0.333333,
0.636364,0.518519,
0.555556,0.714286,
0.545455,0.6,
0.666667,0.555556,
0.363636,0.444444,
0.384615,0.5,
0.642857,0.642857,
0.875,0.84,
0.533333,0.363636,
0.3125,0.263158,
0.333333,0.375,
0.636364,0.518519,
0.388889,0.4375,
0.444444,0.470588,
0.458333,0.407407,
0.222222,0.285714,
0.571429,0.444444,
0.631579,0.545455,
0.461538,0.428571,
0.6,0.461538,
0.428571,0.352941,
0.565217,0.764706,
0.7,0.608696,
0.521739,0.444444,
0.6,0.391304,
0.5,0.375,
0.461538,0.631579,
0.5,0.384615,
0.692308,0.692308,
0.3125,0.294118,
0.333333,0.285714,
0.444444,0.48,
0.833333,0.6,
0.571429,0.666667,
0.466667,0.411765,
0.52381,0.458333,
0.857143,0.666667,
0.551724,0.727273,
0.0909091,0.0909091,
0.583333,0.4375,
0.3,0.333333,
0.821429,0.851852,
0.384615,0.384615,
0.740741,0.909091,
0.4,0.4,
0.571429,0.5,
0.6,0.48,
0.533333,0.533333,
0.684211,0.722222,
0.9,0.62069,
0.869565,0.8,
0.45,0.473684,
0.571429,0.8,
0.851852,0.821429,
0.315789,0.428571,
0.526316,0.555556,
0.692308,0.529412,
0.454545,0.47619,
0.5,0.428571,
0.894737,0.809524,
0.333333,0.333333,
0.608696,0.875,
0.75,0.5625,
0.636364,0.608696,
0.653846,0.809524,
0.545455,0.5,
0.647059,0.846154,
0.851852,0.766667,
0.4,0.375,
0.65,0.541667,
0.416667,0.333333,
0.826087,0.76,
0.818182,0.75,
0.5,0.5,
0.263158,0.357143,
0.444444,0.5,
0.571429,0.571429,
0.64,0.941176,
0.5,0.714286,
0.647059,0.785714,
0.722222,0.619048,
0.785714,0.733333,
0.681818,0.882353,
0.416667,0.333333,
0.578947,0.578947,
0.444444,0.333333,
0.315789,0.333333,
0.47619,0.526316,
0.5,0.5,
0.76,0.76,
0.689655,0.869565,
0.428571,0.4,
0.583333,0.636364,
0.842105,0.695652,
0.533333,0.571429,
0.47619,0.588235,
0.307692,0.307692,
0.68,0.62963,
0.809524,0.708333,
0.851852,0.821429,
0.642857,0.75,
0.75,0.652174,
0.625,0.5,
0.416667,0.384615,
0.454545,0.666667,
0.619048,0.5,
0.647059,0.478261,
0.5,0.684211,
0.368421,0.304348,
0.444444,0.444444,
0.818182,0.75,
0.375,0.375,
0.4,0.666667,
0.4375,0.466667,
0.48,0.461538,
0.529412,0.45,
0.5625,0.5625,
0.45,0.409091,
0.636364,0.538462,
0.615385,0.444444,
0.705882,0.461538,
0.785714,0.846154,
0.35,0.411765,
0.352941,0.461538,
0.538462,0.411765,
0.653846,0.653846,
0.363636,0.285714,
0.76,0.678571,
0.583333,0.7,
0.294118,0.384615,
0.272727,0.230769,
0.5,0.541667,
0.722222,0.5,
0.9,0.666667,
0.842105,0.615385,
0.352941,0.375,
0.863636,0.633333,
0.357143,0.3125,
0.37037,0.357143,
0.62963,0.772727,
0.5,0.526316,
0.5,0.705882,
0.8,0.761905,
0.714286,0.588235,
0.6,0.75,
0.6,0.692308,
0.823529,0.583333,
0.375,0.5,
0.681818,0.789474,
0.92,0.793103,
0.583333,0.388889,
0.578947,0.52381,
0.84,0.724138,
0.7,0.777778,
0.470588,0.444444,
0.35,0.466667,
0.642857,0.857143,
0.72,0.857143,
0.705882,0.6,
0.411765,0.388889,
0.555556,0.434783,
0.666667,0.48,
0.384615,0.3125,
0.666667,0.625,
0.421053,0.666667,
0.571429,0.666667,
0.6875,0.5,
0.56,0.7,
0.823529,0.56,
0.894737,0.73913,
0.433333,0.619048,
0.416667,0.5,
0.730769,0.612903,
0.857143,0.666667,
0.615385,0.421053,
0.714286,0.555556,
0.517241,0.789474,
0.611111,0.55,
0.695652,0.842105,
0.533333,0.727273,
0.555556,0.555556,
0.714286,0.833333,
0.357143,0.384615,
0.428571,0.4,
0.62963,0.944444,
0.695652,0.842105,
0.653846,0.607143,
0.615385,0.533333,
0.444444,0.444444,
0.863636,0.791667,
0.4375,0.5,
0.625,0.714286,
0.923077,0.631579,
0.565217,0.684211,
0.68,0.5,
0.5,0.384615,
0.478261,0.611111,
0.333333,0.333333,
0.608696,0.56,
0.875,0.777778,
0.625,0.714286,
0.7,0.608696,
0.5625,0.45,
0.44,0.392857,
0.333333,0.5,
0.526316,0.416667,
0.4,0.315789,
0.653846,0.653846,
0.8,0.740741,
0.333333,0.5,
0.388889,0.466667,
0.652174,0.652174,
0.72,0.947368,
0.6875,0.578947,
0.611111,0.846154,
0.88,0.758621,
0.722222,0.722222,
0.666667,0.526316,
0.380952,0.5,
0.807692,0.75,
0.708333,0.85,
0.576923,0.625,
0.421053,0.4,
0.62069,0.818182,
0.545455,0.571429,
0.44,0.5,
0.733333,0.733333,
0.647059,0.6875,
0.5625,0.375,
0.615385,0.727273,
0.6,0.789474,
0.37037,0.37037,
0.444444,0.363636,
0.689655,0.769231,
0.625,0.454545,
0.434783,0.526316,
0.444444,0.444444,
0.884615,0.821429,
0.571429,0.444444,
0.592593,0.695652,
0.461538,0.5,
0.642857,0.75,
0.631579,0.8,
0.785714,0.88,
0.454545,0.555556,
0.25,0.1875,
0.714286,0.714286,
0.296296,0.307692,
0.619048,0.541667,
0.478261,0.578947,
0.789474,0.714286,
0.5,0.333333,
0.52381,0.5,
0.357143,0.5,
0.666667,0.777778,
0.555556,0.454545,
0.684211,0.866667,
0.411765,0.583333,
0.75,0.652174,
0.384615,0.5,
0.785714,0.814815,
0.541667,0.684211,
0.818182,0.72,
0.466667,0.466667,
0.809524,0.68,
0.666667,0.5,
0.4,0.571429,
0.733333,0.578947,
0.944444,0.708333,
0.75,0.5625,
0.578947,0.611111,
0.769231,0.555556,
0.333333,0.5,
0.470588,0.533333,
0.833333,0.535714,
0.571429,0.533333,
0.53125,0.586207,
0.541667,0.8125,
0.615385,0.5,
0.571429,0.631579,
0.533333,0.5,
0.73913,0.708333,
0.733333,0.6875,
0.409091,0.391304,
0.7,0.636364,
0.75,0.666667,
0.863636,0.791667,
0.789474,0.789474,
0.235294,0.222222,
0.45,0.5625,
0.583333,0.7,
0.571429,0.727273,
0.689655,0.833333,
0.555556,0.5,
0.576923,0.789474,
0.357143,0.384615,
0.814815,0.785714,
0.388889,0.466667,
0.714286,0.75,
0.857143,0.631579,
0.666667,0.782609,
0.555556,0.75,
0.529412,0.391304,
0.47619,0.625,
0.612903,0.76,
0.705882,0.705882,
0.708333,0.894737,
0.461538,0.521739,
0.666667,0.777778,
0.333333,0.416667,
0.75,0.666667,
0.590909,0.722222,
0.5,0.388889,
0.307692,0.307692,
0.5,0.4,
0.333333,0.333333,
0.368421,0.388889,
0.538462,0.777778,
0.708333,0.772727,
0.842105,0.761905,
0.142857,0.125,
0.8,0.727273,
0.75,0.777778,
0.454545,0.625,
0.730769,0.863636,
0.636364,0.4375,
0.666667,0.769231,
0.692308,0.9,
0.263158,0.294118,
0.4,0.461538,
0.529412,0.45,
0.75,0.642857,
0.75,0.789474,
0.52,0.722222,
0.727273,0.470588,
0.272727,0.272727,
0.75,0.666667,
0.285714,0.266667,
0.65,0.866667,
0.1875,0.25,
0.4,0.615385,
0.470588,0.666667,
0.307692,0.25,
0.782609,0.782609,
0.818182,0.818182,
0.565217,0.619048,
0.583333,0.466667,
0.8,0.833333,
0.590909,0.722222,
0.444444,0.444444,
0.681818,0.75,
0.954545,0.777778,
0.47619,0.526316,
0.85,0.653846,
0.692308,0.72,
0.5,0.375,
0.461538,0.6,
0.461538,0.545455,
0.807692,0.875,
0.782609,0.692308,
0.714286,0.769231,
0.615385,0.727273,
0.695652,0.727273,
0.65,0.8125,
0.666667,0.583333,
0.461538,0.666667,
0.8,0.8,
0.681818,0.714286,
0.761905,0.727273,
0.823529,0.56,
0.529412,0.642857,
0.65,0.590909,
0.478261,0.6875,
0.851852,0.884615,
0.631579,0.631579,
0.52,0.464286,
0.5,0.733333,
0.730769,0.76,
0.809524,0.708333,
0.714286,0.625,
0.722222,0.65,
0.714286,0.833333,
0.75,0.5,
0.684211,0.764706,
0.681818,0.576923,
0.571429,0.64,
0.44,0.611111,
0.521739,0.631579,
0.6,0.529412,
0.235294,0.363636,
0.470588,0.666667,
0.625,0.714286,
0.8125,0.590909,
0.666667,0.588235,
0.3125,0.416667,
0.3,0.375,
0.4,0.37037,
0.636364,0.736842,
0.736842,0.736842,
0.5,0.4,
0.6875,0.611111,
0.357143,0.454545,
0.666667,0.8,
0.466667,0.583333,
0.833333,0.666667,
0.391304,0.529412,
0.842105,0.761905,
0.857143,0.692308,
0.684211,0.619048,
0.75,0.75,
0.777778,0.7,
0.470588,0.347826,
0.5,0.5,
0.777778,0.807692,
0.8,0.869565,
0.333333,0.222222,
0.5,0.529412,
0.458333,0.647059,
0.862069,0.862069,
0.470588,0.533333,
0.647059,0.611111,
0.578947,0.733333,
0.47619,0.37037,
0.8,0.6,
0.428571,0.375,
0.727273,0.8,
0.703704,0.678571,
0.380952,0.615385,
0.555556,0.416667,
0.724138,0.75,
0.888889,0.695652,
0.730769,0.76,
0.777778,0.736842,
0.666667,0.625,
0.363636,0.285714,
0.75,0.75,
0.5,0.647059,
0.772727,0.607143,
0.4375,0.4375,
0.727273,0.5,
0.583333,0.875,
0.894737,0.62963,
0.608696,0.636364,
0.5,0.526316,
0.833333,0.769231,
0.44,0.611111,
0.689655,0.8,
0.578947,0.611111,
0.266667,0.266667,
0.5,0.368421,
0.5,0.4,
0.695652,0.888889,
0.333333,0.321429,
0.565217,0.448276,
0.3,0.333333,
0.846154,0.785714,
0.76,0.703704,
0.533333,0.5,
0.529412,0.642857,
0.47619,0.384615,
0.481481,0.433333,
0.3,0.375,
0.518519,0.518519,
0.4,0.363636,
0.631579,0.5,
0.461538,0.6,
0.8,0.8,
0.8125,0.684211,
0.611111,0.55,
0.3125,0.384615,
0.375,0.4,
0.470588,0.421053,
0.363636,0.4,
0.461538,0.375,
0.363636,0.266667,
0.75,0.818182,
0.636364,0.4375,
0.851852,0.793103,
0.294118,0.357143,
0.461538,0.352941,
0.727273,0.842105,
0.592593,0.761905,
0.571429,0.705882,
0.478261,0.37931,
0.588235,0.625,
0.684211,0.8125,
0.580645,0.857143,
0.653846,0.73913,
0.535714,0.75,
0.666667,0.631579,
0.473684,0.5,
0.8,0.6,
0.526316,0.555556,
0.666667,0.777778,
0.684211,0.8125,
0.5,0.5,
0.653846,0.68,
0.761905,0.888889,
0.851852,0.793103,
0.72,0.9,
0.7,0.538462,
0.333333,0.444444,
0.5,0.636364,
0.428571,0.4,
0.5,0.578947,
0.458333,0.55,
0.631579,0.545455,
0.363636,0.333333,
0.578947,0.52381,
0.538462,0.583333,
0.266667,0.285714,
0.6,0.631579,
0.5,0.642857,
0.565217,0.541667,
0.555556,0.555556,
0.793103,0.851852,
0.807692,0.875,
0.652174,0.576923,
0.454545,0.454545,
0.545455,0.4,
0.625,0.681818,
0.4,0.444444,
0.869565,0.769231,
0.608696,0.875,
0.409091,0.310345,
0.5,0.478261,
0.8,0.695652,
0.625,0.681818,
0.375,0.6,
0.473684,0.5,
0.428571,0.666667,
0.904762,0.76,
0.5,0.529412,
0.416667,0.5,
0.5,0.625,
0.473684,0.529412,
0.454545,0.384615,
0.708333,0.607143,
0.833333,0.689655,
0.84,0.75,
0.833333,0.681818,
0.631579,0.8,
0.5625,0.6,
0.363636,0.285714,
0.666667,0.8,
0.368421,0.466667,
0.571429,0.470588,
0.578947,0.578947,
0.5,0.368421,
0.555556,0.576923,
0.526316,0.5,
0.5,0.466667,
0.615385,0.695652,
0.545455,0.545455,
0.764706,0.565217,
0.529412,0.642857,
0.777778,0.75,
0.6,0.6,
0.52381,0.733333,
0.307692,0.307692,
0.625,0.666667,
0.538462,0.583333,
0.736842,0.7,
0.5,0.583333,
0.619048,0.590909,
0.666667,0.571429,
0.615385,0.533333,
0.5,0.4375,
0.85,0.653846,
0.5,0.384615,
0.68,0.772727,
0.5,0.5,
0.461538,0.545455,
0.538462,0.411765,
0.571429,0.48,
0.625,0.882353,
0.307692,0.333333,
0.736842,0.56,
0.777778,0.75,
0.52381,0.647059,
0.730769,0.863636,
0.615385,0.8,
0.5,0.705882,
0.368421,0.4375,
0.7,0.411765,
0.5,0.518519,
0.818182,0.692308,
0.791667,0.791667,
0.655172,0.791667,
0.88,0.846154,
0.631579,0.5,
0.5,0.363636,
0.65,0.8125,
0.833333,0.652174,
0.84,0.875,
0.210526,0.285714,
0.466667,0.636364,
0.846154,0.846154,
0.692308,0.666667,
0.421053,0.533333,
0.6,0.428571,
0.37037,0.454545,
0.4,0.352941,
0.555556,0.833333,
0.666667,0.7,
0.923077,0.827586,
0.266667,0.333333,
0.6875,0.611111,
0.588235,0.625,
0.703704,0.95,
0.727273,0.761905,
0.8,0.842105,
0.6,0.789474,
0.85,0.73913,
0.333333,0.315789,
0.6,0.789474,
0.466667,0.636364,
0.555556,0.454545,
0.5,0.35,
0.857143,0.782609,
0.473684,0.45,
0.416667,0.344828,
0.481481,0.684211,
0.368421,0.4375,
0.375,0.428571,
0.380952,0.571429,
0.521739,0.5,
0.583333,0.636364,
0.428571,0.333333,
0.833333,0.769231,
0.5625,0.75,
0.6,0.5,
0.590909,0.52,
0.6,0.789474,
0.363636,0.333333,
0.857143,0.666667,
0.846154,0.88,
0.7,0.538462,
0.75,0.5625,
0.428571,0.352941,
0.176471,0.2,
0.588235,0.625,
0.875,0.777778,
0.428571,0.4,
0.521739,0.705882,
0.769231,0.909091,
0.736842,0.608696,
0.714286,0.5,
0.777778,0.777778,
0.4375,0.333333,
0.375,0.333333,
0.526316,0.416667,
0.88,0.88,
0.8125,0.65,
0.392857,0.423077,
0.724138,0.954545,
0.857143,0.782609,
0.666667,0.761905,
0.333333,0.454545,
0.352941,0.352941,
0.636364,0.466667,
0.272727,0.25,
0.416667,0.357143,
0.4375,0.5,
0.5,0.375,
0.884615,0.766667,
0.8,0.8,
0.791667,0.655172,
0.823529,0.736842,
0.92,0.821429,
0.428571,0.5,
0.461538,0.444444,
0.533333,0.533333,
0.807692,0.75,
0.8,0.769231,
0.551724,0.727273,
0.888889,0.857143,
0.416667,0.277778,
0.736842,0.636364,
0.727273,0.64,
0.869565,0.8,
0.916667,0.611111,
0.535714,0.75,
0.4375,0.583333,
0.56,0.666667,
0.705882,0.444444,
0.740741,0.909091,
0.583333,0.875,
0.388889,0.466667,
0.4375,0.4375,
0.8,0.714286,
0.692308,0.692308,
0.428571,0.409091,
0.555556,0.357143,
0.590909,0.590909,
0.8,0.727273,
0.571429,0.705882,
0.555556,0.6,
0.4375,0.411765,
0.466667,0.35,
0.695652,0.695652,
0.705882,0.6,
0.666667,0.705882,
0.727273,0.8,
0.625,0.625,
0.647059,0.5,
0.68,0.809524,
0.9,0.72,
0.52381,0.733333,
0.166667,0.166667,
0.538462,0.4375,
0.8125,0.722222,
0.75,0.571429,
0.642857,0.75,
0.7,0.823529,
0.608696,0.538462,
0.583333,0.5,
0.7,0.56,
0.538462,0.368421,
0.538462,0.823529,
0.454545,0.416667,
0.736842,0.823529,
0.793103,0.884615,
0.736842,0.777778,
0.727273,0.592593,
0.533333,0.666667,
0.461538,0.461538,
0.357143,0.384615,
0.941176,0.761905,
0.611111,0.611111,
0.777778,0.875,
0.421053,0.421053,
0.923077,0.827586,
0.461538,0.666667,
0.62963,0.62963,
0.636364,0.538462,
0.625,0.769231,
0.869565,0.8,
0.533333,0.727273,
0.692308,0.818182,
0.5,0.692308,
0.5625,0.692308,
0.695652,0.615385,
0.692308,0.666667,
0.461538,0.352941,
0.625,0.714286,
0.647059,0.578947,
0.473684,0.642857,
0.583333,0.636364,
0.333333,0.25,
0.64,0.695652,
0.5,0.454545,
0.608696,0.823529,
0.928571,0.65,
0.4375,0.411765,
0.5,0.571429,
0.388889,0.388889,
0.6875,0.5,
0.583333,0.5,
0.526316,0.47619,
0.814815,0.846154,
0.666667,0.823529,
0.56,0.5,
0.807692,0.84,
0.55,0.6875,
0.52381,0.647059,
0.5,0.473684,
0.615385,0.761905,
0.592593,0.727273,
0.6,0.571429,
0.454545,0.357143,
0.222222,0.2,
0.904762,0.730769,
0.3125,0.294118,
0.5,0.705882,
0.766667,0.92,
0.625,0.416667,
0.307692,0.307692,
0.857143,0.8,
0.461538,0.352941,
0.466667,0.583333,
0.52381,0.578947,
0.75,0.535714,
0.8125,0.565217,
0.666667,0.5,
0.545455,0.375,
0.25,0.375,
0.555556,0.526316,
0.8,0.533333,
0.583333,0.666667,
0.846154,0.611111,
0.538462,0.466667,
0.4,0.5,
0.875,0.75,
0.4,0.571429,
0.461538,0.545455,
0.631579,0.545455,
0.461538,0.5,
0.5,0.764706,
0.681818,0.789474,
0.6875,0.478261,
0.730769,0.863636,
0.761905,0.695652,
0.571429,0.571429,
0.833333,0.833333,
0.538462,0.5,
0.7,0.608696,
0.714286,0.625,
0.352941,0.461538,
0.4375,0.5,
0.347826,0.4,
0.75,0.789474,
0.692308,0.6,
0.4,0.444444,
0.722222,0.619048,
0.826087,0.863636,
0.833333,0.740741,
0.692308,0.666667,
0.5,0.375,
0.75,0.625,
0.75,0.714286,
0.4375,0.5,
0.772727,0.653846,
0.444444,0.333333,
1,0.785714,
0.181818,0.153846,
0.363636,0.25,
0.703704,0.655172,
1,0.703704,
0.590909,0.866667,
0.454545,0.384615,
0.818182,0.72,
0.333333,0.333333,
0.695652,0.8,
0.583333,0.636364,
0.380952,0.444444,
0.727273,0.761905,
0.785714,0.52381,
0.571429,0.470588,
0.4,0.428571,
0.5,0.5625,
0.916667,0.733333,
0.944444,0.708333,
0.647059,0.5,
0.578947,0.578947,
0.357143,0.384615,
0.5,0.736842,
0.571429,0.5,
0.272727,0.230769,
0.428571,0.333333,
0.333333,0.384615,
0.866667,0.619048,
0.9,0.72,
0.9,0.857143,
0.647059,0.55,
0.62069,0.692308,
0.75,0.947368,
0.818182,0.818182,
0.8,0.8,
0.681818,0.576923,
0.814815,0.846154,
0.944444,0.607143,
0.545455,0.333333,
0.454545,0.416667,
0.448276,0.684211,
0.65,0.684211,
0.592593,0.615385,
0.47619,0.588235,
0.809524,0.73913,
0.653846,0.772727,
0.375,0.315789,
0.5,0.533333,
0.473684,0.529412,
0.631579,0.75,
0.764706,0.684211,
0.555556,0.555556,
0.684211,0.866667,
0.62069,0.782609,
0.75,0.789474,
0.65,0.52,
0.583333,0.583333,
0.454545,0.625,
0.230769,0.1875,
0.555556,0.75,
0.5,0.666667,
0.75,0.75,
0.692308,0.72,
0.470588,0.333333,
0.307692,0.222222,
0.458333,0.6875,
0.652174,0.576923,
0.363636,0.444444,
0.357143,0.357143,
0.533333,0.4,
0.769231,0.689655,
0.4,0.4,
0.642857,0.642857,
0.52,0.65,
0.470588,0.4,
0.666667,0.75,
0.8,0.740741,
0.368421,0.368421,
0.5,0.714286,
0.647059,0.733333,
0.25,0.375,
0.529412,0.529412,
0.636364,0.875,
0.611111,0.733333,
0.6,0.75,
0.5,0.388889,
0.384615,0.416667,
0.791667,0.678571,
0.333333,0.357143,
0.666667,0.521739,
0.65,0.866667,
0.578947,0.846154,
0.4,0.363636,
0.521739,0.631579,
0.5,0.368421,
0.636364,0.7,
0.6,0.75,
0.470588,0.4,
0.333333,0.285714,
0.333333,0.272727,
0.375,0.3,
0.307692,0.285714,
0.433333,0.590909,
0.740741,0.869565,
0.636364,0.823529,
0.47619,0.666667,
0.315789,0.375,
0.8,0.8,
0.416667,0.357143,
0.666667,0.705882,
0.782609,0.857143,
0.352941,0.428571,
0.7,0.666667,
0.423077,0.478261,
0.68,0.73913,
0.809524,0.85,
0.956522,0.733333,
0.428571,0.375,
0.65,0.928571,
0.47619,0.555556,
0.470588,0.615385,
0.72,0.666667,
0.375,0.375,
0.4,0.421053,
0.846154,0.733333,
0.518519,0.518519,
0.625,0.714286,
0.411765,0.538462,
0.636364,0.538462,
0.642857,0.428571,
0.416667,0.526316,
0.529412,0.5,
0.782609,0.75,
0.75,0.6,
0.4,0.307692,
0.851852,0.851852,
0.833333,0.833333,
0.473684,0.5625,
0.8125,0.722222,
0.571429,0.533333,
0.833333,0.833333,
0.821429,0.958333,
0.307692,0.4,
0.565217,0.8125,
0.470588,0.444444,
0.375,0.461538,
0.722222,0.684211,
0.666667,0.555556,
0.5,0.416667,
0.521739,0.6,
0.409091,0.529412,
0.75,0.652174,
0.736842,0.538462,
0.578947,0.611111,
0.833333,0.588235,
0.272727,0.375,
0.25,0.333333,
0.692308,0.642857,
0.5,0.588235,
0.533333,0.470588,
0.7,0.56,
0.428571,0.642857,
0.785714,0.55,
0.75,0.666667,
0.6,0.48,
0.421053,0.533333,
0.736842,0.875,
0.411765,0.583333,
0.461538,0.75,
0.882353,0.652174,
0.722222,0.565217,
0.352941,0.375,
0.4,0.363636,
0.576923,0.75,
0.565217,0.619048,
0.653846,0.809524,
0.807692,0.807692,
0.5,0.555556,
0.689655,0.833333,
0.454545,0.357143,
0.454545,0.454545,
0.791667,0.791667,
0.5,0.611111,
0.608696,0.736842,
0.52,0.722222,
0.384615,0.416667,
0.565217,0.722222,
0.92,0.793103,
0.823529,0.7,
0.777778,0.724138,
0.55,0.52381,
0.666667,0.736842,
0.416667,0.555556,
0.388889,0.583333,
0.727273,0.727273,
0.384615,0.357143,
0.681818,0.75,
0.571429,0.545455,
0.466667,0.466667,
0.555556,0.47619,
0.76,0.863636,
0.3,0.333333,
0.307692,0.4,
0.777778,0.75,
0.5,0.5,
0.444444,0.363636,
0.730769,0.703704,
0.666667,0.608696,
0.777778,0.777778,
0.958333,0.766667,
0.428571,0.3,
0.72,0.782609,
0.6875,0.733333,
0.4375,0.411765,
0.5,0.428571,
0.470588,0.571429,
0.4,0.4,
0.478261,0.55,
0.6,0.681818,
0.277778,0.416667,
0.65,0.65,
0.705882,0.5,
0.375,0.352941,
0.473684,0.6,
0.571429,0.533333,
0.416667,0.666667,
0.25,0.272727,
0.681818,0.789474,
0.692308,0.9,
0.722222,0.565217,
0.615385,0.727273,
0.857143,0.827586,
0.736842,0.666667,
0.666667,0.666667,
0.714286,0.535714,
0.714286,0.625,
0.461538,0.631579,
0.458333,0.5,
0.6,0.521739,
0.722222,0.619048,
0.85,0.708333,
0.6,0.5625,
0.7,0.7,
0.8,0.761905,
0.421053,0.5,
0.590909,0.764706,
0.647059,0.647059,
0.588235,0.555556,
0.153846,0.153846,
0.608696,0.608696,
0.590909,0.590909,
0.6,0.75,
0.5,0.388889,
0.428571,0.5625,
0.6,0.681818,
0.434783,0.357143,
0.92,0.766667,
0.526316,0.666667,
0.862069,0.833333,
0.5625,0.857143,
0.5,0.555556,
0.72,0.857143,
0.842105,0.727273,
0.625,0.454545,
0.4,0.333333,
0.619048,0.8125,
0.5,0.571429,
0.263158,0.384615,
0.846154,0.647059,
0.384615,0.555556,
0.6,0.517241,
0.684211,0.5,
0.818182,0.6,
0.428571,0.428571,
0.777778,0.538462,
0.4375,0.5,
0.529412,0.5625,
0.388889,0.636364,
0.714286,0.714286,
0.5,0.545455,
0.647059,0.733333,
0.375,0.352941,
0.444444,0.444444,
0.789474,0.75,
0.705882,0.521739,
0.526316,0.555556,
0.842105,0.64,
0.8,0.615385,
0.666667,0.666667,
0.214286,0.1875,
0.470588,0.444444,
0.47619,0.588235,
0.894737,0.73913,
0.294118,0.416667,
0.526316,0.714286,
0.791667,0.791667,
0.363636,0.4,
0.333333,0.315789,
0.428571,0.461538,
0.777778,0.75,
0.75,0.48,
0.789474,0.6,
0.826087,0.791667,
0.904762,0.703704,
0.619048,0.541667,
0.785714,0.6875,
0.826087,0.826087,
0.684211,0.590909,
0.72,0.947368,
0.444444,0.363636,
0.5,0.444444,
0.777778,0.538462,
0.666667,0.842105,
0.388889,0.538462,
0.642857,0.529412,
0.666667,0.592593,
0.555556,0.526316,
0.615385,0.727273,
0.555556,0.588235,
0.75,0.875,
0.545455,0.631579,
0.62963,0.607143,
0.285714,0.4,
0.740741,0.740741,
0.647059,0.52381,
0.583333,0.777778,
0.733333,0.578947,
0.590909,0.590909,
0.791667,0.791667,
0.73913,0.772727,
0.5,0.444444,
0.583333,0.666667,
0.5625,0.529412,
0.4,0.333333,
0.444444,0.421053,
0.705882,0.666667,
0.5,0.4,
0.578947,0.611111,
0.464286,0.52,
0.653846,0.73913,
0.466667,0.466667,
0.388889,0.538462,
0.769231,0.526316,
0.5,0.333333,
0.590909,0.65,
0.333333,0.3125,
0.733333,0.611111,
0.954545,0.75,
0.8,0.869565,
0.5,0.352941,
0.652174,0.652174,
0.681818,0.833333,
0.545455,0.666667,
0.5,0.578947,
0.777778,0.7,
0.466667,0.5,
0.588235,0.526316,
0.6,0.461538,
0.294118,0.384615,
0.6,0.6,
0.866667,0.65,
0.517241,0.75,
0.692308,0.6,
0.607143,0.809524,
0.272727,0.375,
0.666667,0.666667,
0.461538,0.375,
0.666667,0.72,
0.444444,0.571429,
0.428571,0.545455,
0.611111,0.611111,
0.433333,0.448276,
0.695652,0.551724,
0.714286,0.833333,
0.5,0.363636,
0.5,0.454545,
0.5,0.545455,
0.47619,0.588235,
0.9,0.692308,
0.388889,0.538462,
0.55,0.785714,
0.884615,0.821429,
0.5,0.583333,
0.64,0.842105,
0.392857,0.55,
0.625,0.5,
0.5,0.666667,
0.6,0.473684,
0.578947,0.611111,
0.25,0.181818,
0.6875,0.785714,
0.615385,0.444444,
0.761905,0.842105,
0.458333,0.354839,
0.388889,0.388889,
0.84,0.724138,
0.727273,0.761905,
0.277778,0.454545,
0.7,0.777778,
0.791667,0.703704,
0.615385,0.533333,
0.722222,0.722222,
0.421053,0.444444,
0.5,0.481481,
0.625,0.625,
0.764706,0.722222,
0.571429,0.533333,
0.529412,0.642857,
0.478261,0.611111,
0.2,0.333333,
0.65,0.8125,
0.689655,0.740741,
0.590909,0.8125,
0.518519,0.666667,
0.352941,0.333333,
0.909091,0.769231,
0.571429,0.8,
0.5,0.388889,
0.818182,0.782609,
0.714286,0.555556,
0.684211,0.619048,
0.35,0.5,
0.631579,0.571429,
0.666667,0.666667,
0.428571,0.3,
0.583333,0.608696,
0.807692,0.777778,
0.4375,0.411765,
0.75,0.642857,
0.777778,0.736842,
0.478261,0.611111,
0.571429,0.461538,
0.705882,0.705882,
0.842105,0.615385,
0.555556,0.666667,
0.444444,0.5,
0.904762,0.678571,
0.363636,0.363636,
0.352941,0.315789,
0.647059,0.647059,
0.708333,0.566667,
0.647059,0.611111,
0.619048,0.565217,
0.5,0.625,
0.444444,0.615385,
0.428571,0.5,
0.772727,0.653846,
0.7,0.5,
0.590909,0.590909,
0.777778,0.84,
0.357143,0.333333,
0.578947,0.846154,
0.571429,0.705882,
0.4,0.615385,
0.631579,0.705882,
0.933333,0.608696,
0.65,0.65,
0.75,0.75,
0.692308,0.782609,
0.666667,0.888889,
0.8,0.615385,
0.35,0.466667,
0.588235,0.769231,
0.607143,0.68,
0.352941,0.26087,
0.8125,0.590909,
0.428571,0.352941,
0.555556,0.75,
0.769231,0.909091,
0.230769,0.375,
0.789474,0.652174,
0.916667,0.785714,
0.357143,0.416667,
0.782609,0.72,
0.612903,0.730769,
0.6,0.48,
0.769231,0.555556,
0.545455,0.666667,
0.875,0.724138,
0.576923,0.576923,
0.758621,0.956522,
0.65,0.764706,
0.736842,0.666667,
0.5,0.4375,
0.615385,0.727273,
0.65,0.52,
0.590909,0.565217,
0.555556,0.454545,
0.578947,0.846154,
0.583333,0.466667,
0.68,0.62963,
0.714286,0.625,
0.4,0.352941,
0.625,0.454545,
0.5625,0.5625,
0.538462,0.823529,
0.76,0.904762,
0.684211,0.722222,
0.533333,0.421053,
0.875,0.84,
0.807692,0.777778,
0.333333,0.3,
0.375,0.461538,
0.380952,0.444444,
0.636364,0.608696,
0.352941,0.4,
0.619048,0.52,
0.833333,0.909091,
0.5,0.388889,
0.791667,0.826087,
0.541667,0.684211,
0.761905,0.666667,
0.238095,0.357143,
0.8,0.64,
0.1875,0.25,
0.357143,0.416667,
0.473684,0.642857,
0.666667,0.608696,
0.388889,0.466667,
0.8,0.705882,
0.7,0.466667,
0.529412,0.428571,
0.833333,0.75,
0.5,0.421053,
0.411765,0.4375,
0.375,0.4,
0.516129,0.666667,
0.681818,0.652174,
0.454545,0.555556,
0.642857,0.62069,
0.703704,0.76,
0.555556,0.714286,
0.85,0.68,
0.5,0.615385,
0.862069,0.862069,
0.8,0.909091,
0.73913,0.772727,
0.470588,0.5,
0.75,0.571429,
0.888889,0.695652,
0.823529,0.736842,
0.466667,0.333333,
0.333333,0.25,
0.793103,0.741935,
0.545455,0.8,
0.724138,0.807692,
0.888889,0.727273,
0.666667,0.666667,
0.761905,0.727273,
0.47619,0.666667,
0.5,0.75,
0.95,0.655172,
0.769231,0.952381,
0.75,0.75,
0.733333,0.6875,
0.5,0.333333,
0.521739,0.545455,
0.666667,0.666667,
0.777778,0.75,
0.4,0.5,
0.875,0.807692,
0.533333,0.444444,
0.428571,0.666667,
0.5,0.5,
0.904762,0.730769,
0.692308,0.529412,
0.294118,0.277778,
0.181818,0.181818,
0.318182,0.35,
0.3125,0.294118,
0.730769,0.703704,
0.947368,0.72,
0.684211,0.764706,
0.65,0.8125,
0.526316,0.588235,
0.615385,0.842105,
0.466667,0.466667,
0.6,0.409091,
0.541667,0.684211,
0.56,0.777778,
0.538462,0.5,
0.730769,0.678571,
0.695652,0.727273,
0.84,0.84,
0.578947,0.611111,
0.5,0.363636,
0.684211,0.8125,
0.615385,0.444444,
0.318182,0.333333,
0.84,0.807692,
0.842105,0.8,
0.684211,0.65,
0.357143,0.384615,
0.5,0.4,
0.65,0.764706,
0.7,0.7,
0.76,0.791667,
0.733333,0.733333,
0.421053,0.533333,
0.466667,0.5,
0.473684,0.45,
0.652174,0.75,
0.772727,0.772727,
0.909091,0.625,
0.652174,0.789474,
0.571429,0.761905,
0.6875,0.5,
0.583333,0.636364,
0.529412,0.642857,
0.653846,0.73913,
0.5,0.5625,
0.47619,0.588235,
0.576923,0.535714,
0.375,0.333333,
0.666667,0.666667,
0.526316,0.588235,
0.433333,0.5,
0.714286,0.952381,
0.692308,0.642857,
0.545455,0.352941,
0.777778,0.7,
0.461538,0.6,
0.45,0.45,
0.736842,0.5,
0.35,0.388889,
0.368421,0.388889,
0.6,0.428571,
0.764706,0.65,
0.533333,0.444444,
0.714286,0.8,
0.333333,0.5,
0.545455,0.461538,
0.875,0.724138,
0.8,0.8,
0.8,0.8,
0.666667,0.521739,
0.615385,0.571429,
0.55,0.55,
0.777778,0.75,
0.272727,0.2,
0.5625,0.473684,
0.333333,0.333333,
0.894737,0.68,
0.655172,0.95,
0.333333,0.25,
0.538462,0.4375,
0.952381,0.689655,
0.764706,0.590909,
0.26087,0.4,
0.9375,0.652174,
0.85,0.653846,
0.875,0.666667,
0.631579,0.8,
0.4,0.461538,
0.55,0.6875,
0.272727,0.375,
0.666667,0.782609,
0.5,0.368421,
0.823529,0.583333,
0.411765,0.5,
0.333333,0.285714,
0.64,0.516129,
0.380952,0.470588,
0.9,0.72,
0.555556,0.526316,
0.545455,0.461538,
0.571429,0.631579,
0.478261,0.611111,
0.461538,0.428571,
0.333333,0.5,
0.666667,0.666667,
0.384615,0.454545,
0.684211,0.65,
0.518519,0.7,
0.642857,0.75,
0.4,0.4,
0.814815,0.88,
0.5,0.75,
0.73913,0.708333,
0.625,0.789474,
0.761905,0.64,
0.615385,0.470588,
0.647059,0.6875,
0.6,0.833333,
0.7,0.777778,
0.387097,0.571429,
0.666667,0.666667,
0.458333,0.578947,
0.555556,0.535714,
0.730769,0.863636,
0.235294,0.210526,
0.708333,0.73913,
0.5,0.615385,
0.642857,0.428571,
0.785714,0.52381,
0.333333,0.444444,
0.56,0.636364,
0.68,0.653846,
0.3125,0.25,
0.6,0.5,
0.684211,0.52,
0.3,0.272727,
0.4,0.363636,
0.5,0.6,
0.9,0.642857,
0.545455,0.666667,
0.363636,0.285714,
0.625,0.434783,
0.533333,0.4,
0.565217,0.541667,
0.363636,0.444444,
0.5,0.344828,
0.909091,0.740741,
0.333333,0.444444,
0.722222,0.8125,
0.5,0.357143,
0.571429,0.5,
0.789474,0.652174,
0.4,0.461538,
0.666667,0.761905,
0.277778,0.3125,
0.625,0.47619,
0.772727,0.708333,
0.6,0.473684,
0.588235,0.769231,
0.9,0.75,
0.25,0.2,
0.333333,0.384615,
0.772727,0.772727,
0.866667,0.65,
0.576923,0.714286,
0.444444,0.533333,
0.315789,0.352941,
0.555556,0.555556,
0.611111,0.458333,
0.545455,0.6,
0.541667,0.722222,
0.6875,0.55,
0.588235,0.588235,
0.727273,0.5,
0.611111,0.52381,
0.88,0.709677,
0.714286,0.75,
0.583333,0.538462,
0.619048,0.764706,
0.517241,0.576923,
0.727273,0.888889,
0.411765,0.583333,
0.153846,0.2,
0.5625,0.692308,
0.533333,0.444444,
0.461538,0.5,
0.636364,0.5,
0.4,0.571429,
0.75,0.882353,
0.769231,0.769231,
0.764706,0.684211,
0.461538,0.545455,
0.75,0.652174,
0.590909,0.619048,
0.92,0.793103,
0.47619,0.526316,
0.652174,0.625,
0.684211,0.764706,
0.384615,0.555556,
0.461538,0.521739,
0.25,0.307692,
0.470588,0.421053,
0.454545,0.588235,
0.611111,0.647059,
0.72,0.642857,
0.578947,0.846154,
0.777778,0.736842,
0.466667,0.411765,
0.578947,0.647059,
0.473684,0.6,
0.545455,0.5,
0.862069,0.892857,
0.692308,0.75,
0.62963,0.944444,
0.7,0.583333,
0.857143,0.631579,
0.9375,0.652174,
0.777778,0.736842,
0.791667,0.678571,
0.785714,0.814815,
0.333333,0.384615,
0.684211,0.619048,
0.346154,0.333333,
0.727273,0.666667,
0.47619,0.526316,
0.521739,0.75,
0.0769231,0.0769231,
0.285714,0.333333,
0.590909,0.8125,
0.357143,0.277778,
0.388889,0.368421,
0.666667,0.533333,
0.5,0.411765,
0.689655,0.833333,
0.4375,0.636364,
0.8125,0.684211,
0.655172,0.95,
0.392857,0.407407,
0.76,0.730769,
0.555556,0.384615,
0.347826,0.444444,
0.826087,0.703704,
0.730769,0.863636,
0.461538,0.4,
0.578947,0.52381,
0.35,0.411765,
0.76,0.703704,
0.555556,0.714286,
0.428571,0.5,
0.75,0.625,
0.473684,0.5625,
0.583333,0.736842,
0.684211,0.866667,
0.615385,0.470588,
0.357143,0.434783,
0.478261,0.647059,
0.5,0.7,
0.285714,0.285714,
0.736842,0.777778,
0.266667,0.307692,
0.782609,0.62069,
0.4375,0.411765,
0.5625,0.409091,
0.375,0.375,
0.842105,0.64,
0.666667,0.545455,
0.818182,0.5625,
0.666667,0.631579,
0.666667,0.545455,
0.733333,0.5,
0.4,0.428571,
0.730769,0.633333,
0.6,0.882353,
0.357143,0.555556,
0.619048,0.619048,
0.4,0.428571,
0.421053,0.571429,
0.5625,0.75,
0.473684,0.642857,
0.791667,0.791667,
0.277778,0.333333,
0.461538,0.333333,
0.454545,0.625,
0.5,0.5625,
0.5,0.538462,
0.791667,0.655172,
0.636364,0.7,
0.357143,0.357143,
0.52,0.722222,
0.869565,0.740741,
0.470588,0.421053,
0.25,0.333333,
0.666667,0.8,
0.3125,0.333333,
0.75,0.777778,
0.846154,0.814815,
0.25,0.181818,
0.821429,0.884615,
0.4,0.352941,
0.736842,0.636364,
0.909091,0.588235,
0.45,0.5625,
0.444444,0.307692,
0.458333,0.55,
0.888889,0.615385,
0.653846,0.62963,
0.944444,0.708333,
0.333333,0.444444,
0.875,0.777778,
0.5,0.666667,
0.470588,0.470588,
0.619048,0.590909,
0.5,0.411765,
0.357143,0.454545,
0.586207,0.708333,
0.727273,0.551724,
0.615385,0.727273,
0.52381,0.785714,
0.761905,0.8,
0.272727,0.3,
0.333333,0.25,
0.714286,0.555556,
0.5,0.4375,
0.428571,0.333333,
0.590909,0.590909,
0.666667,0.571429,
0.3125,0.384615,
0.4,0.315789,
0.774194,0.774194,
0.724138,0.84,
0.6,0.857143,
0.789474,0.833333,
0.590909,0.565217,
0.666667,0.705882,
0.4,0.307692,
0.695652,0.727273,
0.533333,0.470588,
0.470588,0.470588,
0.210526,0.307692,
0.555556,0.454545,
0.533333,0.380952,
0.578947,0.55,
0.947368,0.666667,
0.25,0.222222,
0.466667,0.388889,
0.5,0.380952,
0.272727,0.315789,
0.5625,0.5625,
0.375,0.529412,
0.62963,0.62963,
0.692308,0.692308,
0.352941,0.315789,
0.8,0.695652,
0.615385,0.695652,
0.4375,0.388889,
0.5,0.6875,
0.461538,0.75,
0.764706,0.52,
0.666667,0.666667,
0.5,0.388889,
0.619048,0.464286,
0.571429,0.421053,
0.75,0.75,
0.5,0.538462,
0.695652,0.727273,
0.375,0.461538,
0.84,0.807692,
0.809524,0.809524,
0.5,0.357143,
0.666667,0.736842,
0.708333,0.62963,
0.842105,0.727273,
0.5,0.583333,
0.307692,0.4,
0.8,0.75,
0.75,0.75,
0.473684,0.333333,
0.363636,0.285714,
0.294118,0.277778,
0.642857,0.782609,
0.708333,0.653846,
0.6,0.428571,
0.692308,1,
0.583333,0.538462,
0.545455,0.461538,
0.625,0.625,
0.724138,1,
0.444444,0.4,
0.68,0.944444,
0.625,0.6,
0.551724,0.761905,
0.769231,0.8,
0.888889,0.727273,
0.538462,0.538462,
0.6875,0.611111,
0.384615,0.454545,
0.818182,0.692308,
0.631579,0.923077,
0.615385,0.64,
0.388889,0.5,
0.611111,0.916667,
0.615385,0.941176,
0.724138,0.75,
0.5,0.666667,
0.190476,0.266667,
0.444444,0.705882,
0.6,0.9375,
0.68,0.809524,
0.636364,0.56,
0.461538,0.315789,
0.714286,0.555556,
0.518519,0.608696,
0.611111,0.5,
0.478261,0.647059,
0.545455,0.5,
0.3125,0.2,
0.615385,0.380952,
0.521739,0.631579,
0.521739,0.705882,
0.708333,0.586207,
0.714286,0.555556,
0.592593,0.666667,
0.5625,0.45,
0.5,0.590909,
0.56,0.482759,
0.470588,0.380952,
0.583333,0.608696,
0.619048,0.928571,
0.304348,0.368421,
0.444444,0.307692,
0.647059,0.846154,
0.5,0.45,
0.52381,0.52381,
0.833333,0.576923,
0.2,0.285714,
0.5,0.4,
0.6,0.857143,
0.809524,0.708333,
0.625,0.666667,
0.65,0.8125,
0.3,0.272727,
0.6,0.535714,
0.75,0.681818,
0.875,0.608696,
0.8,0.888889,
0.904762,0.76,
0.642857,0.75,
0.210526,0.190476,
0.565217,0.65,
0.473684,0.529412,
0.25,0.266667,
0.357143,0.384615,
0.862069,0.862069,
0.5,0.7,
0.52381,0.785714,
0.407407,0.407407,
0.625,0.588235,
0.481481,0.684211,
0.357143,0.416667,
0.352941,0.428571,
0.642857,0.642857,
0.608696,0.636364,
0.5,0.5,
0.588235,0.526316,
0.526316,0.588235,
0.769231,0.588235,
0.526316,0.625,
0.357143,0.37037,
0.8125,0.65,
0.823529,0.736842,
0.529412,0.529412,
0.5625,0.5,
0.481481,0.590909,
0.363636,0.333333,
0.952381,0.689655,
0.545455,0.352941,
0.64,0.888889,
0.380952,0.444444,
0.863636,0.655172,
0.62069,0.857143,
0.904762,0.791667,
0.8,0.952381,
0.826087,0.826087,
0.4375,0.636364,
0.833333,0.769231,
0.809524,0.653846,
0.388889,0.466667,
0.421053,0.421053,
0.411765,0.5,
0.388889,0.5,
0.75,0.5625,
0.533333,0.727273,
0.631579,0.571429,
0.384615,0.384615,
0.434783,0.625,
0.714286,0.882353,
0.6,0.576923,
0.5,0.5,
0.615385,0.64,
0.454545,0.454545,
0.388889,0.538462,
0.678571,0.730769,
0.2,0.25,
0.75,0.529412,
0.333333,0.4,
0.576923,0.681818,
0.5,0.583333,
0.55,0.423077,
0.730769,0.904762,
0.230769,0.315789,
0.761905,0.842105,
0.5625,0.692308,
0.615385,0.888889,
0.666667,0.75,
0.625,0.416667,
0.821429,0.821429,
0.4,0.545455,
0.6,0.75,
0.727273,0.842105,
0.5625,0.692308,
0.333333,0.454545,
0.888889,0.64,
0.793103,0.92,
0.727273,0.761905,
0.842105,0.727273,
0.625,0.47619,
0.8125,0.684211,
0.681818,0.882353,
0.777778,0.636364,
0.533333,0.615385,
0.727273,0.64,
0.5,0.666667,
0.814815,0.733333,
0.454545,0.416667,
0.631579,0.571429,
0.461538,0.5,
0.666667,0.666667,
0.571429,0.666667,
0.818182,0.642857,
0.769231,0.666667,
0.454545,0.384615,
0.75,0.642857,
0.473684,0.428571,
0.52381,0.37931,
0.8,0.666667,
0.68,0.62963,
0.529412,0.473684,
0.352941,0.4,
0.684211,0.684211,
0.8,0.714286,
0.736842,0.777778,
0.571429,0.6,
0.857143,0.62069,
0.761905,0.8,
0.818182,0.782609,
0.545455,0.428571,
0.6,0.5,
0.478261,0.578947,
0.692308,0.947368,
0.678571,0.863636,
1,0.769231,
0.571429,0.470588,
0.692308,0.692308,
0.76,0.826087,
0.4,0.555556,
0.4375,0.411765,
0.846154,0.578947,
0.8,0.615385,
0.642857,0.529412,
0.5,0.636364,
0.478261,0.611111,
0.666667,0.666667,
0.833333,0.869565,
0.84,0.777778,
0.615385,0.842105,
0.333333,0.307692,
0.5,0.461538,
0.846154,0.814815,
0.526316,0.555556,
0.666667,0.631579,
0.333333,0.32,
0.285714,0.4,
0.333333,0.222222,
0.529412,0.5625,
0.454545,0.625,
0.666667,0.666667,
0.647059,0.407407,
0.375,0.45,
0.307692,0.307692,
0.611111,0.611111,
0.421053,0.470588,
0.5,0.352941,
0.4,0.444444,
0.5625,0.642857,
0.789474,0.652174,
0.444444,0.571429,
0.428571,0.461538,
0.578947,0.44,
0.473684,0.45,
0.785714,0.55,
0.526316,0.714286,
0.724138,0.724138,
0.6,0.545455,
0.461538,0.6,
0.466667,0.518519,
0.44,0.5,
0.555556,0.526316,
0.769231,0.625,
0.576923,0.652174,
0.555556,0.588235,
0.933333,0.636364,
0.586207,0.772727,
0.576923,0.6,
0.518519,0.736842,
0.666667,0.782609,
0.615385,0.571429,
0.814815,0.785714,
0.5,0.470588,
0.666667,0.5,
0.555556,0.483871,
0.703704,0.791667,
0.703704,0.826087,
0.5625,0.473684,
0.586207,0.772727,
0.666667,0.533333,
0.647059,0.846154,
0.538462,0.368421,
0.642857,0.5625,
0.724138,0.7,
0.84,0.913043,
0.5625,0.5625,
0.652174,0.6,
0.9375,0.652174,
0.647059,0.52381,
0.545455,0.5,
0.583333,0.466667,
0.789474,0.714286,
0.611111,0.647059,
0.75,0.666667,
0.384615,0.454545,
0.714286,0.714286,
0.423077,0.392857,
0.142857,0.181818,
0.375,0.428571,
0.714286,0.769231,
0.363636,0.4,
0.652174,0.625,
0.555556,0.576923,
0.631579,0.5,
0.777778,0.56,
0.526316,0.588235,
0.681818,0.75,
0.52381,0.733333,
0.461538,0.545455,
0.777778,0.84,
0.384615,0.384615,
0.380952,0.470588,
0.631579,0.48,
0.705882,0.521739,
0.75,0.652174,
0.222222,0.222222,
0.526316,0.625,
0.708333,0.894737,
0.6,0.375,
0.833333,0.769231,
0.689655,0.714286,
0.375,0.352941,
0.727273,0.761905,
0.47619,0.5,
0.72,0.818182,
0.5625,0.692308,
0.6,0.529412,
0.210526,0.222222,
0.416667,0.454545,
0.214286,0.272727,
0.533333,0.5,
0.695652,0.64,
0.695652,0.8,
0.625,0.882353,
0.4,0.285714,
0.538462,0.5,
0.75,0.75,
0.416667,0.333333,
0.857143,0.631579,
0.777778,0.724138,
0.529412,0.818182,
0.545455,0.428571,
0.764706,0.722222,
0.84,0.807692,
0.529412,0.5625,
0.5,0.714286,
0.357143,0.333333,
0.7,0.7,
0.695652,0.761905,
0.461538,0.4,
0.555556,0.681818,
0.714286,0.8,
0.5,0.588235,
0.461538,0.4,
0.73913,0.68,
0.791667,0.678571,
0.263158,0.277778,
0.875,0.666667,
0.722222,0.590909,
0.785714,0.758621,
0.823529,0.583333,
0.608696,0.7,
0.315789,0.461538,
0.708333,0.653846,
0.6,0.75,
0.368421,0.466667,
0.625,0.789474,
0.533333,0.5,
0.533333,0.615385,
0.428571,0.461538,
0.615385,0.666667,
0.315789,0.352941,
0.411765,0.368421,
0.692308,0.529412,
0.5,0.666667,
0.714286,0.576923,
0.363636,0.285714,
0.727273,0.615385,
0.75,0.72,
0.263158,0.294118,
0.666667,0.625,
0.652174,0.6,
0.722222,0.8125,
0.84,0.777778,
0.5,0.357143,
0.703704,0.904762,
0.619048,0.8125,
0.5,0.416667,
0.333333,0.4,
0.619048,0.5,
0.789474,0.652174,
0.272727,0.25,
0.363636,0.444444,
0.846154,0.846154,
0.714286,0.555556,
0.545455,0.666667,
0.5,0.75,
0.47619,0.526316,
0.4375,0.4375,
0.3,0.375,
0.25,0.4,
0.714286,0.9375,
0.411765,0.466667,
0.65,0.52,
0.461538,0.461538,
0.478261,0.647059,
0.785714,0.88,
0.357143,0.238095,
0.65,0.52,
0.705882,0.521739,
0.590909,0.448276,
0.607143,0.73913,
0.615385,0.615385,
0.875,0.583333,
0.307692,0.333333,
0.533333,0.5,
0.7,0.666667,
0.64,0.727273,
0.388889,0.4375,
0.466667,0.411765,
0.75,0.642857,
0.56,0.608696,
0.615385,0.727273,
0.52,0.764706,
0.75,0.642857,
0.826087,0.76,
0.526316,0.384615,
0.625,0.47619,
0.8,0.727273,
0.363636,0.285714,
0.615385,0.615385,
0.571429,0.666667,
0.3,0.272727,
0.538462,0.636364,
0.75,0.642857,
0.6,0.857143,
0.826087,0.826087,
0.3125,0.416667,
0.705882,0.705882,
0.4,0.5,
0.769231,0.769231,
0.5,0.6,
0.571429,0.571429,
0.375,0.352941,
0.473684,0.428571,
0.695652,0.761905,
0.857143,0.72,
0.428571,0.5625,
0.5625,0.5625,
0.75,0.48,
0.277778,0.416667,
0.714286,0.434783,
0.5,0.411765,
0.461538,0.666667,
0.5,0.333333,
0.941176,0.695652,
0.647059,0.647059,
0.625,0.789474,
0.736842,0.636364,
0.608696,0.777778,
0.5,0.571429,
0.466667,0.4375,
0.791667,0.76,
0.538462,0.7,
0.714286,0.555556,
0.62963,0.809524,
0.566667,0.653846,
0.454545,0.588235,
0.5,0.466667,
0.5,0.588235,
0.72,0.782609,
0.526316,0.769231,
0.4,0.48,
0.333333,0.454545,
0.727273,0.571429,
0.5,0.666667,
0.823529,0.56,
0.533333,0.666667,
0.4,0.315789,
0.823529,0.777778,
0.576923,0.789474,
0.636364,0.583333,
0.375,0.315789,
0.6,0.714286,
0.423077,0.423077,
0.6,0.75,
0.684211,0.8125,
0.6,0.5,
0.416667,0.555556,
0.730769,0.730769,
0.736842,0.823529,
0.5625,0.45,
0.826087,0.678571,
0.52,0.619048,
0.75,0.666667,
0.727273,0.5,
0.5625,0.529412,
0.363636,0.285714,
0.545455,0.631579,
0.846154,0.916667,
0.4,0.333333,
0.333333,0.315789,
0.8,0.571429,
0.470588,0.571429,
0.4,0.615385,
0.785714,0.55,
0.75,0.777778,
0.375,0.6,
0.166667,0.230769,
0.428571,0.352941,
0.653846,0.809524,
0.375,0.375,
0.538462,0.538462,
0.3125,0.384615,
0.684211,0.565217,
0.695652,0.727273,
0.636364,0.5,
0.571429,0.5,
0.625,0.416667,
0.5,0.433333,
0.434783,0.357143,
0.615385,0.761905,
0.296296,0.5,
0.529412,0.5625,
0.538462,0.466667,
0.388889,0.5,
0.666667,0.538462,
0.5,0.444444,
0.857143,0.666667,
0.615385,0.592593,
0.277778,0.454545,
0.625,0.434783,
0.384615,0.384615,
0.727273,0.842105,
0.793103,0.821429,
0.818182,0.666667,
0.533333,0.666667,
0.263158,0.333333,
0.789474,0.714286,
0.517241,0.75,
0.785714,0.846154,
0.291667,0.388889,
0.647059,0.55,
0.25,0.153846,
0.545455,0.428571,
0.590909,0.541667,
0.769231,0.769231,
0.863636,0.730769,
0.5625,0.529412,
0.461538,0.461538,
0.913043,0.724138,
0.75,0.705882,
0.411765,0.5,
0.36,0.473684,
0.375,0.333333,
0.470588,0.444444,
0.363636,0.363636,
0.5,0.571429,
0.454545,0.5,
0.388889,0.368421,
0.5,0.590909,
0.5,0.4375,
0.466667,0.466667,
0.6,0.529412,
0.2,0.222222,
0.636364,0.538462,
0.444444,0.521739,
0.833333,0.8,
0.736842,0.7,
0.6,0.45,
0.571429,0.6,
0.833333,0.862069,
0.473684,0.473684,
0.727273,0.666667,
0.571429,0.347826,
0.5,0.333333,
0.428571,0.6,
0.642857,0.818182,
0.705882,0.48,
0.363636,0.444444,
0.3,0.230769,
0.454545,0.666667,
0.375,0.315789,
0.4,0.4,
0.7,0.724138,
0.347826,0.421053,
0.6875,0.52381,
0.5,0.666667,
0.730769,0.703704,
0.4375,0.538462,
0.434783,0.666667,
0.888889,0.888889,
0.47619,0.526316,
0.666667,0.571429,
0.5,0.619048,
0.466667,0.368421,
0.5,0.4,
0.4,0.461538,
0.409091,0.529412,
0.521739,0.666667,
0.555556,0.75,
0.64,0.615385,
0.444444,0.615385,
0.666667,0.888889,
0.666667,0.571429,
0.470588,0.421053,
0.25,0.307692,
0.761905,0.592593,
0.772727,0.85,
0.545455,0.545455,
0.4,0.285714,
0.526316,0.625,
0.647059,0.5,
0.611111,0.611111,
0.72,0.818182,
0.681818,0.75,
0.576923,0.517241,
0.333333,0.352941,
0.703704,0.904762,
0.785714,0.88,
0.789474,0.681818,
0.782609,0.72,
0.444444,0.4,
0.6875,0.647059,
0.714286,0.454545,
0.833333,0.6,
0.826087,0.655172,
0.388889,0.4375,
0.833333,0.8,
0.565217,0.541667,
0.809524,0.809524,
0.692308,0.473684,
0.416667,0.384615,
0.655172,0.863636,
0.555556,0.714286,
0.4,0.363636,
0.521739,0.705882,
0.428571,0.5625,
0.352941,0.333333,
0.5,0.631579,
0.5,0.428571,
0.571429,0.705882,
0.526316,0.4,
0.434783,0.625,
0.47619,0.5,
0.47619,0.434783,
0.611111,0.478261,
0.529412,0.5,
0.555556,0.588235,
0.5,0.5,
0.434783,0.555556,
0.571429,0.727273,
0.75,0.571429,
0.428571,0.4,
0.538462,0.411765,
0.5,0.526316,
0.461538,0.5,
0.8,0.727273,
0.884615,0.821429,
0.588235,0.526316,
0.8,0.8,
0.642857,0.5,
0.818182,0.75,
0.444444,0.470588,
0.814815,0.785714,
0.652174,0.535714,
0.583333,0.56,
0.714286,0.681818,
0.565217,0.590909,
0.842105,0.727273,
0.588235,0.555556,
0.692308,0.642857,
0.5625,0.818182,
0.703704,0.863636,
0.736842,0.538462,
0.461538,0.631579,
0.307692,0.285714,
0.333333,0.333333,
0.526316,0.526316,
0.428571,0.461538,
0.789474,0.789474,
0.578947,0.846154,
0.5,0.526316,
0.772727,0.653846,
0.571429,0.666667,
0.466667,0.466667,
0.277778,0.333333,
0.88,0.814815,
0.4,0.588235,
0.9,0.72,
0.631579,0.521739,
0.666667,0.636364,
0.478261,0.44,
0.45,0.6,
0.541667,0.464286,
0.533333,0.444444,
0.92,0.793103,
0.571429,0.571429,
0.615385,0.444444,
0.518519,0.666667,
0.806452,0.833333,
0.941176,0.727273,
0.84,0.807692,
0.708333,0.586207,
0.25,0.3,
0.75,0.631579,
0.421053,0.421053,
0.689655,0.869565,
0.551724,0.615385,
0.25,0.363636,
0.8125,0.722222,
0.588235,0.555556,
0.722222,0.590909,
0.5,0.411765,
0.666667,0.545455,
0.333333,0.3,
0.7,0.666667,
0.75,0.789474,
0.7,0.666667,
0.529412,0.45,
0.5,0.642857,
0.714286,0.789474,
0.5,0.333333,
0.705882,0.705882,
0.807692,0.777778,
0.695652,0.941176,
0.333333,0.5,
0.48,0.5,
0.266667,0.266667,
0.652174,0.576923,
0.5,0.555556,
0.571429,0.571429,
0.555556,0.681818,
0.833333,0.833333,
0.619048,0.684211,
0.538462,0.583333,
0.8,0.923077,
0.333333,0.428571,
0.809524,0.772727,
0.5,0.318182,
0.25,0.1875,
0.555556,0.416667,
0.909091,0.689655,
0.611111,0.44,
0.421053,0.533333,
0.782609,0.782609,
0.866667,0.590909,
0.428571,0.461538,
0.736842,0.7,
0.789474,0.625,
0.444444,0.533333,
0.736842,0.777778,
0.62963,0.586207,
0.444444,0.6,
0.68,0.809524,
0.444444,0.470588,
0.615385,0.888889,
0.461538,0.545455,
0.4375,0.368421,
0.611111,0.578947,
0.421053,0.615385,
0.818182,0.642857,
0.769231,0.909091,
0.615385,0.761905,
0.315789,0.315789,
0.8,0.8,
0.538462,0.466667,
0.5,0.590909,
0.7,0.736842,
0.555556,0.526316,
0.458333,0.52381,
0.647059,0.611111,
0.294118,0.294118,
0.444444,0.380952,
0.590909,0.590909,
0.416667,0.416667,
0.6,0.6,
0.6,0.705882,
0.826087,0.730769,
0.555556,0.625,
0.5,0.666667,
0.956522,0.785714,
0.461538,0.5,
0.772727,0.73913,
0.4375,0.5,
0.315789,0.26087,
0.904762,0.76,
0.642857,0.692308,
0.416667,0.384615,
0.777778,0.7,
0.666667,0.666667,
0.733333,0.5,
0.35,0.4375,
0.45,0.6,
0.85,0.809524,
0.4375,0.466667,
0.730769,0.826087,
0.705882,0.75,
0.571429,0.631579,
0.636364,0.5,
0.666667,0.666667,
0.636364,0.56,
0.823529,0.777778,
0.576923,0.789474,
0.428571,0.5,
0.869565,0.689655,
0.384615,0.294118,
0.705882,0.631579,
0.785714,0.733333,
0.636364,0.636364,
0.666667,0.666667,
0.578947,0.5,
0.7,0.538462,
0.75,0.529412,
0.375,0.4,
0.62069,0.62069,
0.384615,0.294118,
0.363636,0.444444,
0.769231,0.740741,
0.826087,0.730769,
0.6,0.6,
0.761905,0.842105,
0.833333,0.740741,
0.88,0.814815,
0.538462,0.35,
0.764706,0.52,
0.631579,0.8,
0.565217,0.5,
0.35,0.5,
0.8,0.695652,
0.588235,0.555556,
0.470588,0.4,
0.529412,0.6,
0.875,0.777778,
0.6,0.473684,
0.470588,0.615385,
0.611111,0.458333,
0.588235,0.5,
0.941176,0.727273,
0.619048,0.565217,
0.578947,0.733333,
0.772727,0.85,
0.625,0.6,
0.666667,0.72,
0.411765,0.4375,
0.571429,0.533333,
0.777778,0.583333,
0.727273,0.615385,
0.705882,0.5,
0.785714,0.916667,
0.761905,0.666667,
0.470588,0.666667,
0.545455,0.375,
0.6875,0.611111,
0.5,0.352941,
0.357143,0.555556,
0.5,0.352941,
0.391304,0.473684,
0.454545,0.625,
0.5,0.47619,
0.5,0.555556,
0.64,0.842105,
0.5,0.384615,
0.6875,0.5,
0.45,0.6,
0.466667,0.35,
0.391304,0.45,
0.5625,0.45,
0.56,0.538462,
0.181818,0.153846,
0.652174,0.652174,
0.478261,0.478261,
0.625,0.714286,
0.684211,0.5,
0.375,0.4,
0.809524,0.73913,
0.68,0.607143,
0.478261,0.44,
0.708333,0.73913,
0.45,0.36,
0.5,0.333333,
0.391304,0.473684,
0.826087,0.703704,
0.619048,0.619048,
0.391304,0.5625,
0.461538,0.461538,
0.4,0.375,
0.666667,0.941176,
0.55,0.578947,
0.8125,0.619048,
0.55,0.733333,
0.647059,0.52381,
0.85,0.566667,
0.722222,0.419355,
0.5,0.5,
0.533333,0.380952,
0.84,0.84,
0.75,0.677419,
0.5625,0.473684,
0.689655,0.689655,
0.653846,0.894737,
0.52381,0.52381,
0.454545,0.666667,
0.714286,0.714286,
0.3,0.375,
0.75,0.692308,
0.588235,0.526316,
0.695652,0.695652,
0.428571,0.428571,
0.52,0.590909,
0.444444,0.307692,
0.653846,0.944444,
0.8,0.727273,
0.833333,0.75,
0.545455,0.521739,
0.692308,0.529412,
0.809524,0.708333,
0.64,0.64,
0.583333,0.583333,
0.653846,0.73913,
0.75,0.5,
0.692308,0.9,
0.833333,0.681818,
0.529412,0.529412,
0.666667,0.666667,
0.466667,0.411765,
0.55,0.611111,
0.736842,0.736842,
0.619048,0.764706,
0.666667,0.941176,
0.454545,0.416667,
0.5,0.565217,
0.695652,0.727273,
0.857143,0.642857,
0.615385,0.5,
0.37931,0.458333,
0.884615,0.821429,
0.75,0.692308,
0.5,0.5,
0.714286,0.588235,
0.85,0.73913,
0.75,0.954545,
0.758621,0.916667,
0.64,0.8,
0.5,0.384615,
0.285714,0.363636,
0.6,0.705882,
0.75,0.652174,
0.846154,0.785714,
0.75,0.75,
0.5,0.590909,
0.454545,0.333333,
0.333333,0.214286,
0.478261,0.55,
0.5,0.533333,
0.5,0.428571,
0.684211,0.764706,
0.68,0.62963,
0.333333,0.294118,
0.470588,0.5,
0.631579,0.8,
0.666667,0.571429,
0.75,0.72,
0.285714,0.333333,
0.772727,0.772727,
0.55,0.52381,
0.588235,0.454545,
0.5,0.363636,
0.166667,0.2,
0.583333,0.583333,
0.5,0.380952,
0.411765,0.636364,
0.5,0.6,
0.8,0.5,
0.52381,0.55,
0.607143,0.708333,
0.4,0.333333,
0.416667,0.384615,
0.2,0.222222,
0.6,0.631579,
0.466667,0.466667,
0.5,0.473684,
0.375,0.45,
0.428571,0.5625,
0.842105,0.64,
0.608696,0.538462,
0.541667,0.65,
0.333333,0.555556,
0.333333,0.357143,
0.764706,0.684211,
0.736842,0.777778,
0.736842,0.538462,
0.611111,0.578947,
0.684211,0.764706,
0.75,0.954545,
0.5,0.4,
0.5,0.533333,
0.6,0.45,
0.5,0.5,
0.772727,0.62963,
0.647059,0.5,
0.65625,0.807692,
0.818182,0.692308,
0.782609,0.75,
0.333333,0.230769,
0.666667,0.5,
0.814815,0.846154,
0.6,0.75,
0.5,0.733333,
0.666667,0.666667,
0.25,0.166667,
0.75,0.724138,
0.714286,0.714286,
0.411765,0.333333,
0.545455,0.461538,
0.461538,0.545455,
0.571429,0.545455,
0.647059,0.647059,
0.588235,0.454545,
0.461538,0.5,
0.692308,0.5625,
0.761905,0.761905,
0.517241,0.517241,
0.333333,0.277778,
0.769231,0.5,
0.5,0.6,
0.517241,0.714286,
0.5,0.411765,
0.653846,0.894737,
0.5,0.392857,
0.75,0.75,
0.647059,0.578947,
0.809524,0.73913,
0.55,0.55,
0.733333,0.846154,
0.409091,0.428571,
0.533333,0.666667,
0.684211,0.52,
0.75,0.782609,
0.333333,0.4,
0.45,0.692308,
0.285714,0.315789,
0.357143,0.333333,
0.611111,0.5,
0.45,0.529412,
0.642857,0.529412,
0.411765,0.388889,
0.409091,0.529412,
0.625,0.454545,
0.52381,0.785714,
0.409091,0.5625,
0.826087,0.826087,
0.722222,0.684211,
0.727273,0.727273,
0.375,0.428571,
0.5625,0.5,
0.666667,0.777778,
0.5,0.409091,
0.375,0.333333,
0.842105,0.64,
0.64,0.842105,
0.444444,0.533333,
0.315789,0.315789,
0.423077,0.458333,
0.730769,0.730769,
0.703704,0.730769,
0.473684,0.642857,
0.428571,0.4,
0.875,0.7,
0.625,0.75,
0.5625,0.642857,
0.631579,0.571429,
0.466667,0.411765,
0.375,0.3,
0.388889,0.466667,
0.416667,0.357143,
0.722222,0.565217,
0.695652,0.571429,
0.695652,0.571429,
0.826087,0.863636,
0.588235,0.666667,
0.818182,0.72,
0.869565,0.689655,
0.428571,0.391304,
0.642857,0.75,
0.869565,0.833333,
0.666667,0.666667,
0.37037,0.47619,
0.368421,0.5,
0.607143,0.653846,
0.263158,0.357143,
0.44,0.407407,
0.545455,0.666667,
0.736842,0.736842,
0.615385,0.615385,
0.4,0.428571,
0.571429,0.470588,
0.785714,0.814815,
0.75,0.714286,
0.416667,0.384615,
0.3125,0.454545,
0.5,0.363636,
0.571429,0.666667,
0.740741,0.740741,
0.411765,0.411765,
0.625,0.5,
0.461538,0.545455,
0.533333,0.421053,
0.652174,0.652174,
0.142857,0.2,
0.565217,0.722222,
0.642857,0.72,
0.866667,0.866667,
0.666667,0.666667,
0.375,0.375,
0.69697,0.69697,
0.705882,0.631579,
0.823529,0.636364,
0.428571,0.315789,
0.388889,0.411765,
0.666667,0.727273,
0.5,0.333333,
0.814815,0.814815,
0.428571,0.5,
0.375,0.5,
0.363636,0.444444,
0.615385,0.421053,
0.619048,0.8125,
0.263158,0.416667,
0.65,0.8125,
0.44,0.647059,
0.5625,0.5,
0.5,0.388889,
0.444444,0.615385,
0.64,0.888889,
0.590909,0.541667,
0.652174,0.9375,
0.571429,0.761905,
0.454545,0.357143,
0.571429,0.533333,
0.478261,0.55,
0.615385,0.761905,
0.6,0.642857,
0.933333,0.7,
0.448276,0.541667,
0.5625,0.5625,
0.625,0.555556,
0.5,0.363636,
0.352941,0.461538,
0.733333,0.647059,
0.714286,0.666667,
0.551724,0.761905,
0.625,0.5,
0.608696,0.5,
0.636364,0.736842,
0.6,0.4,
0.344828,0.4,
0.913043,0.724138,
0.65,0.764706,
0.647059,0.647059,
0.470588,0.615385,
0.736842,0.7,
0.470588,0.363636,
0.769231,0.740741,
0.84,0.807692,
0.5,0.6,
0.826087,0.826087,
0.615385,0.727273,
0.642857,0.782609,
0.5625,0.473684,
0.333333,0.333333,
0.631579,0.857143,
0.793103,0.851852,
0.666667,0.941176,
0.52381,0.407407,
0.6875,0.916667,
0.388889,0.466667,
0.444444,0.5,
0.318182,0.466667,
0.5,0.5,
0.6,0.545455,
0.708333,0.708333,
0.352941,0.352941,
0.307692,0.266667,
0.708333,0.772727,
0.384615,0.5,
0.666667,0.75,
0.6875,0.55,
0.461538,0.352941,
0.352941,0.5,
0.333333,0.454545,
0.363636,0.5,
0.388889,0.583333,
0.368421,0.5,
0.5,0.392857,
0.538462,0.636364,
0.777778,0.807692,
0.722222,0.65,
0.518519,0.5,
0.45,0.5,
0.714286,0.47619,
0.478261,0.407407,
0.375,0.4,
0.583333,0.411765,
0.423077,0.392857,
0.521739,0.631579,
0.375,0.461538,
0.631579,0.461538,
0.7,0.482759,
0.772727,0.772727,
0.333333,0.384615,
0.73913,0.73913,
0.636364,0.933333,
0.625,0.882353,
0.423077,0.44,
0.714286,0.869565,
0.647059,0.458333,
0.75,0.807692,
0.357143,0.3125,
0.809524,0.62963,
0.444444,0.421053,
0.571429,0.666667,
0.2,0.181818,
0.466667,0.4375,
0.333333,0.333333,
0.45,0.642857,
0.857143,0.666667,
0.571429,0.5,
0.714286,0.833333,
0.666667,0.592593,
0.368421,0.388889,
0.555556,0.5,
0.333333,0.416667,
0.857143,0.827586,
0.75,0.555556,
0.695652,0.842105,
0.791667,0.791667,
0.681818,0.681818,
0.266667,0.333333,
0.772727,0.607143,
0.666667,0.6,
0.384615,0.416667,
0.5,0.545455,
0.944444,0.653846,
0.4375,0.5,
0.4,0.5,
0.692308,0.5625,
0.65,0.684211,
0.5,0.615385,
0.391304,0.5,
0.5,0.375,
0.357143,0.263158,
0.642857,0.6,
0.555556,0.625,
0.818182,0.75,
0.384615,0.526316,
0.882353,0.576923,
0.590909,0.722222,
0.952381,0.740741,
0.5,0.5,
0.413793,0.545455,
0.761905,0.64,
0.333333,0.333333,
0.75,0.833333,
0.538462,0.538462,
0.333333,0.5,
0.75,0.631579,
0.75,0.642857,
0.470588,0.615385,
0.333333,0.230769,
0.681818,0.625,
0.72,0.9,
0.857143,0.72,
0.666667,0.526316,
0.863636,0.826087,
0.666667,0.625,
0.818182,0.857143,
0.7,0.666667,
0.692308,0.642857,
0.44,0.478261,
0.75,0.6,
0.428571,0.545455,
0.3,0.3,
0.764706,0.722222,
0.705882,0.666667,
0.8125,0.65,
0.615385,0.666667,
0.807692,0.75,
0.5,0.578947,
0.705882,0.8,
0.615385,0.5,
0.482759,0.736842,
0.8,0.827586,
0.384615,0.357143,
0.444444,0.363636,
0.761905,0.666667,
0.5,0.333333,
0.5,0.636364,
0.666667,0.470588,
0.4,0.5,
0.95,0.76,
0.5,0.473684,
0.5,0.470588,
0.384615,0.5,
0.47619,0.769231,
0.52381,0.785714,
0.72,0.947368,
0.5,0.384615,
0.44,0.407407,
0.615385,0.666667,
0.821429,0.884615,
0.5,0.636364,
0.428571,0.315789,
0.578947,0.55,
0.444444,0.571429,
0.76,0.76,
0.588235,0.434783,
0.740741,0.8,
0.916667,0.785714,
0.652174,0.789474,
0.7,0.608696,
0.454545,0.666667,
0.36,0.333333,
0.75,0.954545,
0.541667,0.619048,
0.52381,0.5,
0.347826,0.470588,
0.588235,0.454545,
0.9375,0.625,
0.4,0.571429,
0.52381,0.611111,
0.541667,0.590909,
0.5,0.6,
0.470588,0.5,
0.333333,0.272727,
0.466667,0.411765,
0.652174,0.75,
0.28,0.28,
0.388889,0.388889,
0.55,0.733333,
0.807692,0.807692,
0.666667,0.75,
0.5,0.352941,
0.363636,0.333333,
0.388889,0.583333,
0.708333,0.85,
0.761905,0.592593,
0.545455,0.705882,
0.769231,0.8,
0.733333,0.785714,
0.75,0.714286,
0.692308,0.692308,
0.636364,0.56,
0.625,0.714286,
0.428571,0.461538,
0.882353,0.6,
0.5,0.444444,
0.8,0.8,
0.636364,0.636364,
0.590909,0.684211,
0.44,0.611111,
0.571429,0.842105,
0.863636,0.678571,
0.538462,0.5,
0.545455,0.375,
0.5,0.5,
0.5,0.352941,
0.619048,0.866667,
0.5,0.4,
0.904762,0.703704,
0.678571,0.904762,
0.678571,0.863636,
0.565217,0.65,
0.5,0.5,
0.724138,1,
0.5,0.4,
0.777778,0.736842,
0.578947,0.785714,
0.764706,0.764706,
0.384615,0.333333,
0.52,0.464286,
0.772727,0.809524,
0.352941,0.461538,
0.826087,0.655172,
0.458333,0.578947,
0.692308,0.782609,
0.823529,0.736842,
0.444444,0.421053,
0.789474,0.714286,
0.689655,0.833333,
0.5,0.625,
0.416667,0.555556,
0.380952,0.421053,
0.75,0.681818,
0.576923,0.681818,
0.461538,0.5,
0.625,0.625,
0.733333,0.5,
0.863636,0.655172,
0.454545,0.434783,
0.6,0.428571,
0.444444,0.5,
0.416667,0.357143,
0.740741,0.714286,
0.769231,0.714286,
0.761905,0.8,
0.5,0.642857,
0.6875,0.647059,
0.6,0.818182,
0.653846,0.68,
0.736842,0.56,
0.461538,0.428571,
0.461538,0.4,
0.55,0.578947,
0.25,0.357143,
0.583333,0.466667,
0.72,0.818182,
0.411765,0.538462,
0.25,0.2,
0.7,0.736842,
0.636364,0.608696,
0.882353,0.652174,
0.678571,0.95,
0.608696,0.636364,
0.285714,0.4,
0.4,0.444444,
0.666667,0.5,
0.68,0.586207,
0.642857,0.782609,
