0.714286,0.625,
0.6,0.578947,
0.611111,0.666667,
0.541667,0.705882,
0.571429,0.52381,
0.944444,0.75,
0.368421,0.4375,
0.666667,0.5,
0.266667,0.285714,
0.538462,0.636364,
0.833333,0.666667,
0.947368,0.730769,
0.214286,0.214286,
0.8125,0.714286,
0.826087,0.833333,
0.733333,0.6,
0.538462,0.421053,
0.576923,0.714286,
0.7,0.636364,
0.833333,0.814815,
0.73913,0.875,
0.714286,0.714286,
0.769231,0.814815,
0.727273,0.533333,
0.8,0.541667,
0.884615,0.714286,
0.578947,0.55,
0.388889,0.5,
0.666667,0.8125,
0.555556,0.52381,
0.409091,0.5625,
0.529412,0.434783,
0.714286,0.611111,
0.916667,0.647059,
0.5,0.666667,
0.571429,0.5,
0.384615,0.285714,
0.8,0.75,
1,0.888889,
0.384615,0.555556,
0.846154,0.689655,
0.583333,0.7,
0.714286,0.823529,
0.545455,0.5,
0.7,0.615385,
0.904762,0.826087,
0.48,0.705882,
0.714286,0.526316,
0.95,0.791667,
0.9,0.782609,
0.588235,0.5,
0.666667,0.692308,
0.833333,0.869565,
0.421053,0.692308,
0.52381,0.631579,
0.714286,0.608696,
0.73913,0.782609,
0.454545,0.333333,
0.705882,0.833333,
0.740741,0.769231,
0.736842,0.555556,
0.5,0.352941,
0.818182,0.533333,
0.608696,0.583333,
0.705882,0.619048,
0.692308,0.5,
0.590909,0.722222,
0.533333,0.666667,
0.708333,0.653846,
0.833333,0.666667,
0.533333,0.695652,
0.826087,0.826087,
0.8,0.8,
0.705882,0.8,
0.454545,0.416667,
0.809524,0.809524,
0.833333,0.6,
0.944444,0.772727,
0.888889,0.857143,
0.888889,0.766667,
0.607143,0.695652,
0.466667,0.35,
0.666667,0.714286,
0.636364,0.533333,
0.36,0.28,
0.692308,0.642857,
0.6,0.538462,
0.736842,0.714286,
0.809524,0.904762,
0.8,0.666667,
0.333333,0.428571,
0.666667,0.611111,
0.368421,0.411765,
0.736842,0.7,
0.277778,0.333333,
0.666667,0.470588,
0.4375,0.411765,
0.65,0.75,
0.5625,0.538462,
0.892857,1,
0.5,0.388889,
0.533333,0.538462,
0.740741,0.678571,
0.56,0.7,
0.55,0.6875,
0.461538,0.5,
0.857143,0.545455,
0.923077,0.684211,
0.363636,0.363636,
0.88,0.833333,
0.85,0.809524,
0.458333,0.5,
0.625,0.68,
0.47619,0.588235,
0.347826,0.388889,
0.588235,0.625,
0.26087,0.294118,
0.681818,0.833333,
0.611111,0.434783,
0.851852,0.758621,
0.892857,0.888889,
0.8,0.8,
0.607143,0.695652,
0.545455,0.65,
0.230769,0.3,
0.875,0.909091,
0.714286,0.95,
0.692308,0.714286,
0.863636,0.826087,
0.894737,0.826087,
0.352941,0.375,
0.65,0.8,
0.6,0.692308,
0.954545,0.777778,
0.736842,0.764706,
0.73913,0.789474,
0.5,0.692308,
0.615385,0.8,
0.666667,0.666667,
0.772727,0.947368,
0.384615,0.384615,
0.727273,0.652174,
0.826087,0.863636,
0.5,0.5625,
0.631579,0.764706,
0.4,0.5,
0.6,0.727273,
0.8,0.904762,
0.772727,0.85,
1,0.833333,
0.916667,0.785714,
0.904762,0.818182,
0.5,0.642857,
0.733333,0.769231,
0.647059,0.416667,
0.722222,0.736842,
0.722222,0.636364,
0.75,0.684211,
0.761905,0.592593,
0.571429,0.411765,
0.5,0.714286,
0.5,0.7,
0.791667,0.944444,
0.785714,0.6,
0.428571,0.5,
0.833333,0.8,
0.352941,0.444444,
1,0.741935,
0.769231,0.916667,
0.7,0.833333,
0.863636,0.791667,
0.714286,0.684211,
0.571429,0.478261,
0.846154,0.875,
0.791667,0.62069,
0.466667,0.4375,
0.470588,0.466667,
0.388889,0.4,
0.916667,0.846154,
0.75,0.571429,
0.5,0.588235,
0.761905,0.708333,
0.565217,0.705882,
0.761905,0.714286,
0.814815,0.814815,
0.142857,0.0909091,
0.875,0.807692,
0.714286,0.642857,
0.764706,0.608696,
0.416667,0.416667,
0.5,0.5,
0.789474,0.823529,
0.583333,0.533333,
0.944444,0.888889,
0.916667,0.956522,
0.421053,0.4,
0.727273,0.615385,
0.8,0.857143,
0.666667,0.727273,
0.421053,0.466667,
0.625,0.761905,
0.714286,0.9375,
0.592593,0.73913,
0.846154,0.846154,
0.826087,0.904762,
0.464286,0.777778,
0.782609,0.894737,
0.736842,0.592593,
0.611111,0.846154,
0.333333,0.333333,
0.714286,0.782609,
0.352941,0.235294,
0.538462,0.4375,
1,0.916667,
0.666667,0.72,
0.526316,0.714286,
0.875,0.8,
0.692308,0.708333,
0.818182,0.708333,
0.75,0.666667,
0.375,0.428571,
0.722222,0.8125,
0.538462,0.411765,
0.863636,0.826087,
0.785714,0.666667,
0.65,0.7,
0.666667,0.684211,
0.888889,0.72,
0.473684,0.473684,
0.76,0.857143,
0.785714,0.814815,
0.583333,0.333333,
0.5625,0.45,
0.6,0.666667,
0.818182,0.73913,
0.733333,0.631579,
0.866667,0.619048,
0.882353,0.736842,
0.578947,0.785714,
0.615385,0.4,
0.545455,0.470588,
0.538462,0.583333,
0.888889,0.925926,
0.592593,0.64,
0.333333,0.5,
0.619048,0.8,
0.818182,0.6,
0.583333,0.461538,
0.407407,0.611111,
0.818182,0.62963,
0.642857,0.666667,
0.740741,0.730769,
0.470588,0.666667,
0.545455,0.4375,
0.916667,0.833333,
0.647059,0.733333,
0.65,0.857143,
0.529412,0.529412,
0.47619,0.52381,
0.571429,0.411765,
0.705882,0.631579,
0.76,0.72,
0.833333,0.727273,
0.772727,0.85,
0.818182,0.894737,
0.48,0.619048,
0.681818,0.7,
0.5,0.375,
0.888889,0.761905,
0.4,0.666667,
0.724138,0.807692,
0.647059,0.545455,
0.722222,0.590909,
0.357143,0.3125,
0.740741,0.833333,
0.916667,0.75,
0.588235,0.611111,
0.692308,0.529412,
0.714286,0.833333,
0.6,0.461538,
0.714286,0.75,
0.384615,0.416667,
0.681818,0.64,
1,0.75,
0.666667,0.571429,
0.96,0.862069,
0.708333,0.863636,
0.6,0.5,
0.777778,0.807692,
0.588235,0.785714,
0.833333,0.833333,
0.647059,0.454545,
0.72,0.857143,
0.777778,0.904762,
0.64,0.789474,
0.944444,0.727273,
0.363636,0.444444,
0.777778,0.692308,
0.823529,0.652174,
0.8125,0.736842,
0.375,0.4375,
0.652174,0.625,
0.75,0.73913,
0.75,0.857143,
0.5625,0.611111,
0.608696,0.62963,
0.764706,0.583333,
0.647059,0.647059,
0.904762,0.818182,
0.692308,0.666667,
0.764706,0.866667,
0.65,0.65,
0.590909,0.619048,
0.772727,0.75,
0.545455,0.642857,
0.62963,0.772727,
0.380952,0.388889,
0.869565,0.84,
0.375,0.375,
0.631579,0.733333,
0.642857,0.642857,
0.727273,0.5625,
0.625,0.818182,
0.73913,0.791667,
0.625,0.571429,
0.647059,0.846154,
0.866667,0.65,
0.8,0.789474,
0.461538,0.6,
0.642857,0.5625,
0.583333,0.555556,
0.695652,0.681818,
0.615385,0.571429,
0.8125,0.764706,
0.5,0.666667,
0.576923,0.714286,
0.73913,0.703704,
0.64,0.833333,
0.857143,0.6,
0.772727,0.642857,
0.535714,0.652174,
0.793103,0.958333,
0.736842,0.590909,
0.647059,0.733333,
0.7,0.764706,
0.5,0.333333,
0.642857,0.785714,
0.619048,0.625,
0.529412,0.642857,
0.434783,0.6,
0.884615,0.892857,
0.869565,0.826087,
0.75,0.541667,
0.727273,0.888889,
0.954545,0.958333,
0.84,0.692308,
0.666667,0.666667,
0.705882,0.705882,
0.615385,0.818182,
0.6,0.52381,
0.73913,0.586207,
0.352941,0.333333,
0.764706,0.7,
0.4375,0.315789,
0.5,0.642857,
0.5,0.47619,
0.5,0.333333,
0.5,0.533333,
0.6,0.611111,
0.5,0.5625,
0.818182,0.826087,
0.882353,0.888889,
0.5625,0.52381,
0.823529,0.608696,
0.68,0.75,
0.6,0.5,
0.636364,0.4,
0.818182,0.612903,
0.666667,0.666667,
0.772727,0.809524,
0.863636,0.85,
0.827586,0.814815,
0.538462,0.576923,
0.684211,0.736842,
0.846154,0.916667,
0.961538,1,
0.851852,0.851852,
0.529412,0.666667,
0.75,0.708333,
0.7,0.571429,
0.709677,0.793103,
0.5,0.785714,
0.708333,0.772727,
0.714286,0.636364,
0.809524,0.9,
0.611111,0.666667,
0.714286,0.642857,
0.333333,0.411765,
0.666667,0.789474,
0.571429,0.533333,
0.388889,0.388889,
0.789474,0.789474,
0.666667,0.916667,
0.578947,0.47619,
0.545455,0.538462,
0.666667,0.666667,
0.5,0.642857,
0.5,0.428571,
0.470588,0.470588,
0.692308,0.647059,
0.666667,0.5,
0.75,0.684211,
0.5,0.6,
0.85,0.666667,
0.545455,0.4,
0.583333,0.777778,
0.555556,0.642857,
0.5,0.4375,
0.807692,0.714286,
0.521739,0.666667,
0.789474,0.73913,
0.714286,0.789474,
0.47619,0.565217,
0.454545,0.454545,
0.421053,0.421053,
0.842105,0.653846,
0.375,0.5,
0.571429,0.4,
0.545455,0.5,
0.6,0.722222,
0.583333,0.727273,
0.5,0.416667,
0.863636,0.740741,
0.647059,0.647059,
0.863636,0.75,
0.764706,0.684211,
0.666667,0.75,
0.684211,0.607143,
0.5625,0.52381,
0.928571,0.764706,
0.894737,0.75,
0.5,0.526316,
0.555556,0.555556,
0.727273,0.615385,
0.642857,0.588235,
0.75,0.722222,
0.909091,0.769231,
0.52381,0.733333,
0.769231,0.785714,
0.421053,0.5,
0.652174,0.727273,
0.625,0.75,
0.84,0.84,
0.45,0.555556,
0.761905,0.692308,
0.68,0.772727,
0.875,0.875,
0.85,0.727273,
0.75,0.863636,
0.333333,0.384615,
0.705882,0.6,
0.8,0.722222,
0.642857,0.8,
0.714286,0.777778,
0.833333,0.714286,
0.166667,0.272727,
0.6875,0.647059,
0.888889,0.896552,
0.428571,0.5,
0.72,0.703704,
0.764706,0.65,
0.88,0.88,
0.882353,0.882353,
0.538462,0.666667,
0.545455,0.428571,
0.833333,0.611111,
0.466667,0.411765,
0.821429,0.884615,
0.541667,0.538462,
0.625,0.631579,
0.647059,0.647059,
0.736842,0.8,
0.5,0.44,
0.777778,1,
0.681818,0.823529,
0.611111,0.578947,
0.76,0.740741,
0.73913,0.809524,
0.818182,0.727273,
0.652174,0.615385,
0.642857,0.5625,
0.666667,0.576923,
0.4,0.428571,
0.842105,0.8,
0.545455,0.428571,
0.578947,0.785714,
0.846154,0.923077,
0.647059,0.785714,
0.4,0.545455,
0.421053,0.470588,
0.777778,0.8,
0.823529,0.7,
0.555556,0.571429,
0.272727,0.333333,
0.2,0.181818,
0.833333,0.681818,
0.461538,0.333333,
0.826087,0.863636,
0.785714,0.733333,
0.777778,0.84,
0.636364,0.5,
0.814815,0.75,
0.647059,0.6875,
0.307692,0.285714,
0.4,0.411765,
0.55,0.571429,
0.736842,0.866667,
0.73913,0.882353,
0.733333,0.647059,
0.538462,0.5,
0.633333,0.947368,
0.448276,0.517241,
0.8,0.84,
0.736842,0.823529,
0.642857,0.714286,
0.64,0.818182,
0.545455,0.545455,
0.666667,0.684211,
0.666667,0.666667,
0.75,0.75,
0.8125,0.722222,
0.357143,0.454545,
0.615385,0.653846,
0.65,0.590909,
0.733333,0.846154,
0.62963,0.73913,
0.666667,0.733333,
0.538462,0.470588,
0.882353,0.75,
0.705882,0.75,
0.842105,0.653846,
0.416667,0.454545,
0.615385,0.4375,
0.578947,0.588235,
0.714286,0.611111,
0.526316,0.769231,
0.666667,0.521739,
0.823529,0.583333,
0.352941,0.466667,
0.68,0.68,
0.470588,0.473684,
0.814815,0.785714,
0.833333,0.714286,
0.695652,0.7,
0.769231,0.863636,
0.809524,0.73913,
0.571429,0.647059,
0.590909,0.666667,
0.5,0.7,
0.842105,0.875,
0.538462,0.736842,
0.529412,0.571429,
0.411765,0.615385,
0.533333,0.615385,
0.5,0.6875,
1,1,
0.714286,0.722222,
0.777778,0.814815,
0.588235,0.45,
0.714286,0.928571,
0.545455,0.352941,
0.818182,0.857143,
0.68,0.8,
0.642857,0.6,
0.785714,0.611111,
0.769231,0.769231,
0.9375,0.875,
0.56,0.722222,
0.769231,0.904762,
0.615385,0.466667,
0.68,0.722222,
0.47619,0.434783,
0.4,0.25,
0.689655,0.904762,
0.48,0.44,
0.586207,0.6,
0.5,0.636364,
0.6875,0.833333,
0.5,0.391304,
0.913043,0.75,
0.782609,0.818182,
0.333333,0.428571,
0.842105,0.666667,
0.5,0.608696,
0.642857,0.758621,
0.714286,0.76,
0.823529,0.722222,
0.529412,0.615385,
0.842105,0.666667,
0.555556,0.625,
0.47619,0.45,
0.727273,0.789474,
0.916667,1,
0.625,0.631579,
0.6,0.818182,
0.375,0.294118,
0.576923,0.571429,
0.888889,0.809524,
0.454545,0.5,
0.3,0.333333,
0.52381,0.619048,
0.6,0.666667,
0.588235,0.588235,
0.473684,0.5,
0.740741,0.833333,
0.703704,0.76,
0.705882,0.666667,
0.75,0.833333,
0.421053,0.4375,
0.689655,0.769231,
0.625,0.681818,
0.384615,0.294118,
0.772727,0.772727,
0.52,0.5,
0.875,0.714286,
0.357143,0.5,
0.666667,0.666667,
0.5,0.55,
0.75,0.916667,
0.578947,0.647059,
0.625,0.5625,
0.730769,0.904762,
0.6,0.6,
0.777778,0.607143,
0.647059,0.611111,
0.409091,0.5,
0.5,0.5,
0.84,0.826087,
0.666667,0.47619,
0.611111,0.470588,
0.647059,0.578947,
0.578947,0.578947,
0.740741,0.666667,
0.92,0.88,
0.416667,0.5,
0.826087,1,
0.5,0.615385,
0.666667,0.6875,
0.681818,0.857143,
0.315789,0.4375,
0.952381,0.833333,
0.8,0.8,
0.789474,0.833333,
0.347826,0.444444,
0.388889,0.375,
0.611111,0.45,
0.6,0.8,
0.695652,0.73913,
0.411765,0.466667,
0.625,0.6875,
0.521739,0.684211,
0.588235,0.52381,
0.869565,0.916667,
0.521739,0.619048,
0.769231,0.75,
0.59375,0.782609,
0.619048,0.6,
0.411765,0.714286,
0.791667,0.833333,
0.72,0.904762,
0.5,0.625,
0.428571,0.384615,
0.85,0.75,
0.703704,0.904762,
0.722222,0.636364,
0.75,0.875,
0.5,0.571429,
0.521739,0.8125,
0.625,0.736842,
0.761905,0.653846,
0.631579,0.666667,
0.789474,0.592593,
0.625,0.714286,
0.666667,0.533333,
0.823529,0.777778,
0.5,0.666667,
0.583333,0.636364,
0.666667,0.533333,
0.642857,0.47619,
0.352941,0.466667,
0.64,0.833333,
0.875,0.913043,
0.875,0.75,
0.954545,0.785714,
0.7,0.75,
0.892857,0.888889,
0.5,0.722222,
0.6,0.55,
0.5,0.375,
0.5625,0.5,
0.5,0.615385,
0.730769,0.826087,
0.823529,0.714286,
0.692308,0.769231,
0.4,0.4,
0.294118,0.357143,
0.772727,0.826087,
0.68,0.8,
0.56,0.777778,
0.8125,0.789474,
0.5,0.625,
0.72,0.894737,
0.684211,0.785714,
0.466667,0.583333,
0.375,0.272727,
0.857143,0.619048,
0.782609,0.809524,
0.722222,1,
0.727273,0.444444,
0.615385,0.4375,
0.2,0.25,
0.857143,0.772727,
0.866667,0.7,
0.692308,0.533333,
0.5,0.636364,
0.764706,0.722222,
0.5,0.444444,
0.615385,0.571429,
0.555556,0.578947,
0.823529,0.736842,
0.75,0.791667,
0.692308,0.714286,
0.740741,0.952381,
0.615385,0.7,
0.55,0.631579,
0.368421,0.4375,
0.384615,0.5,
0.615385,0.736842,
0.411765,0.4375,
0.5,0.521739,
0.6,0.52381,
0.684211,0.923077,
0.538462,0.571429,
0.615385,0.727273,
0.772727,0.708333,
0.631579,0.75,
0.8,0.631579,
0.521739,0.647059,
0.72,0.62963,
0.625,0.6875,
0.428571,0.5,
1,0.857143,
0.384615,0.428571,
0.88,0.814815,
0.85,0.75,
0.681818,0.76,
0.72,0.842105,
0.6875,0.642857,
0.461538,0.481481,
0.807692,0.952381,
0.863636,0.818182,
0.538462,0.466667,
0.782609,0.818182,
0.733333,0.904762,
0.75,0.866667,
0.789474,0.592593,
0.653846,0.56,
0.7,0.692308,
0.538462,0.4,
0.555556,0.647059,
0.642857,0.5,
0.782609,0.655172,
0.619048,0.705882,
0.9,0.818182,
0.619048,0.56,
0.727273,0.5625,
0.714286,0.6875,
0.653846,0.695652,
0.461538,0.4375,
0.619048,0.8,
0.625,0.684211,
0.666667,0.583333,
0.818182,0.782609,
0.588235,0.666667,
0.833333,0.777778,
0.958333,0.913043,
0.789474,0.636364,
0.857143,0.722222,
0.7,0.583333,
0.647059,0.545455,
0.761905,0.842105,
0.642857,0.642857,
0.857143,0.48,
0.578947,0.846154,
0.88,0.916667,
0.88,0.846154,
0.611111,0.722222,
0.692308,0.529412,
0.653846,0.75,
0.818182,0.727273,
0.95,0.76,
0.9,0.740741,
0.941176,0.73913,
0.695652,0.9375,
0.764706,0.684211,
0.428571,0.416667,
0.789474,0.518519,
0.842105,0.727273,
0.181818,0.2,
0.421053,0.692308,
0.8125,0.652174,
0.5,0.571429,
0.5,0.428571,
0.619048,0.736842,
0.444444,0.533333,
0.727273,0.714286,
0.611111,0.769231,
0.529412,0.615385,
0.571429,0.571429,
0.533333,0.482759,
0.695652,0.842105,
0.913043,0.904762,
0.625,0.681818,
0.642857,0.611111,
0.571429,0.444444,
0.692308,0.857143,
0.4,0.4,
0.72,0.947368,
0.444444,0.615385,
0.583333,0.533333,
0.571429,0.695652,
0.909091,0.814815,
0.555556,0.75,
0.521739,0.6875,
0.941176,0.772727,
0.8,0.777778,
0.636364,0.481481,
0.458333,0.6875,
0.285714,0.5,
0.8,0.6,
0.75,0.631579,
0.76,0.833333,
0.933333,0.714286,
0.692308,0.642857,
0.84,0.807692,
0.708333,0.789474,
0.833333,0.769231,
0.571429,0.411765,
0.625,0.714286,
1,0.730769,
0.761905,0.62963,
0.615385,0.615385,
0.789474,0.933333,
0.611111,0.647059,
0.529412,0.5625,
0.642857,0.642857,
0.875,0.608696,
0.842105,0.9,
0.565217,0.64,
0.772727,0.809524,
0.411765,0.571429,
0.931034,0.833333,
0.84,0.84,
0.578947,0.631579,
0.714286,0.5,
0.642857,0.85,
0.636364,0.615385,
0.724138,0.833333,
0.48,0.37037,
0.6,0.576923,
0.7,0.764706,
0.533333,0.583333,
0.7,0.875,
0.565217,0.777778,
0.666667,0.421053,
0.791667,0.84,
0.5,0.5,
0.722222,1,
0.48,0.631579,
0.695652,0.652174,
0.782609,0.818182,
0.722222,0.684211,
0.8,0.833333,
0.928571,0.777778,
0.368421,0.538462,
0.608696,0.64,
0.470588,0.5625,
0.4,0.375,
0.4,0.307692,
0.666667,0.75,
0.789474,0.555556,
0.592593,0.681818,
0.64,0.666667,
0.588235,0.833333,
0.631579,0.392857,
0.869565,0.826087,
0.75,0.615385,
0.857143,0.857143,
0.714286,0.727273,
0.4375,0.4375,
0.863636,0.72,
0.454545,0.5,
0.375,0.357143,
0.736842,0.928571,
0.807692,0.95,
0.416667,0.5,
0.380952,0.642857,
0.555556,0.6,
0.65,0.8125,
0.64,0.875,
0.714286,0.818182,
0.823529,0.944444,
0.294118,0.333333,
0.416667,0.545455,
0.478261,0.684211,
0.888889,0.821429,
0.846154,0.869565,
0.625,0.529412,
0.857143,0.703704,
0.666667,0.545455,
0.764706,0.866667,
0.517241,0.586207,
0.592593,0.842105,
0.454545,0.454545,
0.5,0.642857,
0.764706,0.777778,
0.714286,0.611111,
0.8,0.8,
0.892857,0.827586,
0.73913,0.678571,
0.882353,0.823529,
0.764706,0.6,
0.375,0.428571,
0.470588,0.583333,
0.521739,0.555556,
0.478261,0.478261,
0.416667,0.222222,
0.7,0.75,
0.583333,0.538462,
0.3,0.2,
0.833333,0.923077,
0.285714,0.285714,
0.363636,0.444444,
0.541667,0.5,
0.722222,0.777778,
0.5625,0.727273,
0.705882,0.73913,
0.6875,0.590909,
0.666667,0.454545,
0.714286,0.55,
0.7,0.590909,
0.428571,0.521739,
0.75,0.833333,
0.615385,0.727273,
0.5,0.545455,
0.52381,0.52381,
0.888889,0.8,
0.944444,0.708333,
0.851852,0.888889,
0.307692,0.363636,
0.5,0.375,
0.92,0.92,
0.826087,0.75,
0.384615,0.3125,
0.722222,0.684211,
0.4,0.411765,
0.466667,0.636364,
0.5,0.363636,
0.714286,0.933333,
0.352941,0.583333,
0.769231,0.875,
0.352941,0.428571,
0.695652,0.6,
0.615385,0.727273,
0.647059,0.6875,
0.6,0.692308,
0.571429,0.55,
0.458333,0.611111,
0.73913,0.894737,
0.730769,0.730769,
0.791667,0.95,
0.764706,0.684211,
0.411765,0.466667,
0.483871,0.636364,
0.761905,0.695652,
0.84,0.740741,
0.666667,0.7,
0.5,0.705882,
0.65,0.636364,
0.583333,0.777778,
0.571429,0.631579,
0.533333,0.421053,
0.833333,0.833333,
0.5,0.75,
0.896552,0.862069,
0.62963,0.736842,
0.952381,0.884615,
0.724138,1,
0.75,0.615385,
0.368421,0.388889,
0.666667,0.55,
0.454545,0.3125,
0.607143,0.73913,
0.9,0.84,
0.529412,0.428571,
0.666667,0.888889,
0.352941,0.5,
0.318182,0.466667,
0.666667,0.692308,
0.636364,0.8125,
0.7,0.7,
0.65,0.47619,
0.88,0.833333,
0.821429,0.814815,
0.6875,0.6875,
0.846154,0.666667,
0.6875,0.611111,
0.888889,0.875,
0.45,0.625,
0.904762,0.72,
0.909091,0.8,
0.857143,0.888889,
0.653846,0.714286,
0.578947,0.6875,
0.791667,0.869565,
0.5,0.526316,
0.695652,0.85,
0.653846,0.888889,
0.772727,0.761905,
0.727273,0.5,
0.5,0.545455,
0.652174,0.736842,
0.521739,0.9375,
0.375,0.545455,
0.75,0.684211,
0.583333,0.5,
0.72,0.653846,
0.47619,0.6,
0.666667,0.714286,
0.454545,0.384615,
0.48,0.481481,
0.333333,0.352941,
0.821429,0.923077,
0.941176,0.818182,
0.5,0.615385,
0.454545,0.409091,
0.923077,0.923077,
0.666667,0.444444,
0.65,0.666667,
0.714286,1,
0.571429,0.470588,
0.892857,0.857143,
0.384615,0.416667,
0.75,0.631579,
0.363636,0.363636,
0.7,0.636364,
0.583333,0.727273,
0.538462,0.411765,
0.5,0.380952,
0.461538,0.461538,
0.7,0.823529,
0.75,0.75,
0.5625,0.533333,
0.6875,0.692308,
0.730769,0.888889,
0.5,0.666667,
0.428571,0.5,
0.608696,0.736842,
0.529412,0.526316,
0.4375,0.5,
0.791667,0.703704,
0.631579,0.631579,
0.625,0.625,
0.551724,0.571429,
0.461538,0.666667,
0.833333,0.736842,
0.833333,0.857143,
0.714286,0.625,
0.916667,0.857143,
0.375,0.357143,
0.925926,0.925926,
0.88,0.857143,
0.84,0.821429,
0.619048,0.6,
0.551724,0.625,
0.705882,0.722222,
0.615385,0.470588,
0.842105,0.62963,
0.6,0.4,
0.655172,0.904762,
0.857143,0.851852,
0.692308,0.5,
0.5,0.368421,
0.608696,0.933333,
0.75,0.615385,
0.631579,0.576923,
0.529412,0.533333,
0.84,0.84,
0.615385,0.894737,
0.277778,0.368421,
0.578947,0.666667,
0.863636,0.846154,
0.55,0.666667,
0.708333,0.666667,
0.583333,0.5,
0.6,0.375,
0.538462,0.4,
0.862069,0.892857,
0.5,0.428571,
0.708333,0.85,
0.363636,0.454545,
0.416667,0.454545,
0.4,0.545455,
0.5,0.4,
0.727273,0.833333,
0.833333,0.833333,
0.777778,0.777778,
0.529412,0.846154,
0.473684,0.526316,
0.25,0.285714,
0.5625,0.409091,
0.708333,0.772727,
0.714286,0.727273,
0.857143,0.884615,
0.714286,0.692308,
0.588235,0.8125,
0.636364,0.538462,
0.9,0.826087,
0.588235,0.625,
0.941176,0.615385,
0.75,0.882353,
0.708333,0.882353,
0.833333,0.75,
0.884615,0.846154,
0.625,0.625,
0.722222,0.647059,
0.833333,0.809524,
0.851852,0.884615,
0.481481,0.777778,
0.8,0.695652,
0.740741,0.95,
0.72,0.85,
0.545455,0.545455,
0.368421,0.466667,
0.888889,0.833333,
0.76,0.826087,
0.363636,0.470588,
0.631579,0.555556,
0.363636,0.416667,
0.823529,0.636364,
0.529412,0.5625,
0.625,0.625,
0.722222,0.8,
0.869565,0.8,
0.470588,0.615385,
0.333333,0.333333,
0.55,0.6875,
0.8,0.705882,
0.814815,1,
0.545455,0.666667,
0.5,0.391304,
0.692308,0.944444,
0.941176,0.772727,
0.827586,0.862069,
0.8125,0.619048,
0.947368,0.666667,
0.863636,0.826087,
0.666667,0.7,
0.714286,0.833333,
0.473684,0.5,
0.470588,0.526316,
0.473684,0.625,
0.761905,0.888889,
1,0.8,
0.666667,0.736842,
0.6,0.75,
0.473684,0.666667,
0.636364,0.615385,
0.571429,0.5,
0.541667,0.777778,
0.571429,0.5625,
0.428571,0.6,
0.541667,0.48,
0.75,0.791667,
0.333333,0.4,
0.764706,0.571429,
0.85,0.8,
0.666667,0.866667,
0.7,0.583333,
0.466667,0.5,
0.608696,0.541667,
0.56,0.565217,
0.538462,0.421053,
0.894737,0.772727,
0.65,0.636364,
0.647059,0.588235,
0.444444,0.571429,
0.4375,0.428571,
0.571429,0.538462,
0.666667,0.75,
0.933333,0.666667,
0.928571,0.631579,
0.714286,0.625,
0.5,0.5,
0.545455,0.583333,
0.631579,0.571429,
0.846154,0.851852,
0.684211,0.52,
0.545455,0.375,
0.941176,0.809524,
0.740741,0.875,
0.705882,0.722222,
0.4,0.461538,
0.736842,0.518519,
0.545455,0.6,
0.272727,0.428571,
0.533333,0.5,
0.904762,0.777778,
0.8,0.8,
0.625,0.636364,
0.588235,0.5,
0.818182,0.818182,
0.736842,0.823529,
0.55,0.55,
0.666667,0.666667,
0.866667,0.619048,
0.645161,0.833333,
0.416667,0.409091,
0.833333,0.714286,
0.8,0.9375,
0.631579,0.75,
0.625,0.541667,
0.375,0.315789,
0.285714,0.307692,
0.8,0.869565,
0.73913,0.761905,
0.75,0.894737,
0.529412,0.533333,
0.533333,0.5,
0.809524,0.842105,
0.785714,0.611111,
0.857143,0.708333,
0.708333,0.777778,
0.517241,0.466667,
0.444444,0.5,
0.409091,0.5625,
0.904762,0.777778,
0.642857,0.714286,
0.48,0.6,
0.380952,0.571429,
0.705882,0.6,
0.521739,0.6,
0.869565,0.913043,
0.736842,0.727273,
0.576923,0.736842,
0.576923,0.789474,
0.6,0.529412,
0.625,0.588235,
0.730769,0.818182,
0.857143,0.619048,
0.6,0.785714,
0.695652,0.9375,
1,0.807692,
0.590909,0.75,
0.416667,0.666667,
0.571429,0.571429,
0.764706,0.583333,
0.818182,0.689655,
0.625,0.5,
0.777778,0.8125,
0.588235,0.666667,
0.428571,0.5,
0.6,0.75,
0.772727,0.68,
0.727273,0.772727,
0.708333,0.75,
0.458333,0.538462,
0.851852,0.851852,
0.4,0.428571,
0.6,0.818182,
0.5,0.526316,
0.607143,0.678571,
0.68,0.703704,
0.869565,0.703704,
0.708333,0.727273,
0.85,0.85,
0.692308,0.894737,
0.470588,0.466667,
0.607143,0.761905,
0.9,0.703704,
0.6,0.4375,
0.529412,0.473684,
0.583333,0.538462,
0.6,0.545455,
0.894737,0.62963,
0.833333,0.695652,
0.821429,0.857143,
0.5,0.692308,
0.736842,0.714286,
0.588235,0.647059,
0.722222,0.65,
0.84,0.791667,
0.888889,0.592593,
0.625,0.714286,
0.625,0.535714,
0.25,0.285714,
0.5,0.416667,
0.833333,0.941176,
0.473684,0.642857,
0.708333,0.894737,
0.84,0.952381,
0.818182,0.8,
0.545455,0.545455,
0.6,0.461538,
0.571429,0.8,
0.6,0.615385,
0.740741,0.695652,
0.636364,0.75,
0.607143,0.655172,
0.666667,0.769231,
0.666667,0.705882,
0.823529,0.8,
0.84,0.76,
0.692308,0.5625,
0.636364,0.764706,
0.791667,0.814815,
0.636364,0.8125,
0.8,0.607143,
0.478261,0.478261,
0.5,0.583333,
0.5,0.454545,
0.782609,0.826087,
0.7,0.6,
0.833333,0.826087,
0.636364,0.615385,
0.666667,0.611111,
0.357143,0.5,
0.833333,0.740741,
0.7,0.764706,
0.529412,0.666667,
0.705882,0.666667,
0.5,0.5,
0.809524,0.9,
0.666667,0.6,
0.478261,0.6875,
0.678571,0.76,
0.642857,0.692308,
0.538462,0.533333,
0.791667,0.826087,
0.904762,0.833333,
0.666667,0.666667,
0.95,0.730769,
0.8,0.8,
0.566667,0.85,
0.666667,0.777778,
0.4375,0.615385,
0.947368,0.8,
0.833333,0.8,
0.461538,0.52381,
0.869565,0.777778,
0.3,0.5,
0.846154,0.785714,
1,0.888889,
0.722222,0.636364,
0.6,0.714286,
0.65,0.666667,
0.909091,1,
0.791667,0.857143,
0.545455,0.7,
0.823529,0.761905,
0.8,0.875,
0.352941,0.416667,
0.615385,0.666667,
0.72,0.772727,
0.642857,0.529412,
0.615385,0.444444,
0.782609,0.740741,
0.809524,0.769231,
0.708333,0.894737,
0.666667,0.631579,
0.782609,0.75,
0.826087,0.75,
0.526316,0.6,
0.695652,0.692308,
0.666667,0.611111,
0.388889,0.368421,
0.642857,0.769231,
0.5,0.4375,
0.6,0.666667,
0.941176,0.64,
0.555556,0.461538,
0.428571,0.428571,
0.96,0.96,
0.642857,0.692308,
0.538462,0.541667,
0.5,0.545455,
0.466667,0.538462,
0.368421,0.470588,
0.791667,0.826087,
0.913043,0.807692,
0.65,0.611111,
0.636364,0.5,
0.846154,0.705882,
0.666667,0.545455,
0.681818,0.75,
0.875,0.875,
0.818182,0.944444,
0.761905,0.714286,
0.84,0.76,
0.8,0.8,
0.769231,0.833333,
0.777778,0.833333,
0.545455,0.714286,
0.461538,0.294118,
0.925926,0.888889,
0.473684,0.571429,
0.7,0.538462,
0.466667,0.545455,
0.642857,0.642857,
0.357143,0.3125,
0.461538,0.6,
0.793103,0.851852,
0.75,0.846154,
0.545455,0.375,
0.333333,0.333333,
0.7,0.652174,
0.666667,0.666667,
0.647059,0.55,
0.5,0.583333,
0.636364,0.551724,
0.76,0.9,
0.583333,0.5,
0.482759,0.517241,
0.862069,0.888889,
0.722222,0.565217,
1,0.740741,
0.695652,0.592593,
0.75,0.565217,
0.421053,0.5625,
0.75,0.478261,
0.571429,0.592593,
0.789474,0.608696,
0.5,0.684211,
0.44,0.413793,
0.538462,0.7,
0.791667,0.863636,
0.434783,0.5,
0.625,0.5,
0.526316,0.578947,
0.647059,0.5,
0.5,0.533333,
0.708333,0.761905,
0.85,0.75,
0.611111,0.521739,
0.6,0.5,
0.75,0.642857,
0.95,0.76,
0.6,0.578947,
0.846154,0.84,
0.68,0.772727,
0.4375,0.4375,
0.368421,0.461538,
0.842105,0.653846,
0.428571,0.333333,
0.588235,0.705882,
0.583333,0.736842,
0.304348,0.368421,
0.8125,0.636364,
0.785714,0.631579,
0.7,0.875,
0.357143,0.444444,
0.5,0.55,
0.555556,0.52381,
0.727273,0.655172,
0.5625,0.642857,
0.545455,0.375,
0.782609,0.73913,
0.611111,0.666667,
0.863636,0.740741,
0.285714,0.235294,
0.833333,0.666667,
0.466667,0.411765,
1,0.75,
0.681818,0.823529,
0.846154,0.75,
0.733333,0.526316,
0.807692,0.84,
0.833333,0.777778,
0.473684,0.555556,
0.65,0.62963,
0.6,0.529412,
0.904762,0.857143,
0.647059,0.5,
0.642857,0.75,
0.913043,0.916667,
0.884615,0.923077,
0.8,0.68,
0.916667,0.785714,
0.416667,0.3125,
0.428571,0.6,
0.5,0.583333,
0.772727,0.944444,
0.619048,0.764706,
0.833333,0.590909,
0.857143,0.821429,
0.8,0.777778,
0.913043,0.807692,
0.636364,0.625,
1,0.807692,
0.5,0.526316,
0.761905,0.666667,
0.428571,0.461538,
0.615385,0.583333,
0.571429,0.692308,
0.92,0.846154,
0.684211,0.5,
0.777778,0.5,
0.545455,0.555556,
0.72,0.894737,
0.75,0.842105,
0.761905,0.653846,
0.5,0.692308,
0.95,0.791667,
0.5,0.714286,
0.642857,0.777778,
0.851852,1,
0.538462,0.444444,
0.789474,0.714286,
0.608696,0.764706,
0.608696,0.722222,
0.375,0.375,
0.5,0.363636,
0.5,0.454545,
0.782609,0.73913,
0.416667,0.5,
0.6,0.666667,
0.705882,0.647059,
0.583333,0.722222,
0.466667,0.583333,
0.846154,0.884615,
0.692308,0.692308,
0.48,0.461538,
0.411765,0.571429,
0.636364,0.736842,
1,0.714286,
0.666667,0.625,
0.75,0.705882,
0.85,0.653846,
0.5625,0.529412,
0.428571,0.52381,
0.636364,0.466667,
0.521739,0.545455,
0.789474,0.714286,
0.5,0.5,
0.642857,0.6875,
0.652174,0.764706,
0.818182,0.6,
0.8,0.8,
1,0.666667,
0.466667,0.590909,
0.538462,0.7,
0.7,0.538462,
0.615385,0.545455,
0.625,0.736842,
0.619048,0.8125,
0.785714,0.740741,
0.782609,0.944444,
0.777778,0.615385,
0.826087,0.863636,
0.5,0.35,
0.588235,0.625,
0.791667,0.842105,
0.619048,0.590909,
0.571429,0.583333,
0.526316,0.611111,
0.814815,0.954545,
0.428571,0.407407,
0.565217,0.684211,
0.785714,0.869565,
0.647059,0.684211,
0.52381,0.611111,
0.625,0.625,
0.470588,0.615385,
0.466667,0.571429,
0.84,0.733333,
0.631579,0.785714,
0.769231,0.863636,
0.615385,0.571429,
0.642857,0.52381,
0.6,0.47619,
0.470588,0.380952,
0.84,0.807692,
0.851852,0.888889,
0.6,0.461538,
0.652174,0.607143,
0.578947,0.733333,
0.842105,0.882353,
1,0.85,
0.75,0.818182,
0.555556,0.611111,
0.318182,0.571429,
0.5,0.470588,
0.789474,0.75,
0.761905,0.882353,
0.8,0.6,
0.5,0.571429,
0.5625,0.5625,
0.75,0.714286,
0.333333,0.411765,
0.454545,0.454545,
0.666667,0.555556,
0.416667,0.555556,
0.607143,0.666667,
0.833333,0.933333,
0.461538,0.5,
0.454545,0.666667,
0.692308,0.909091,
0.5,0.52,
0.769231,0.588235,
0.823529,0.75,
0.75,0.72,
0.72,0.947368,
0.681818,0.68,
0.636364,0.5,
0.611111,0.611111,
0.416667,0.5,
0.777778,0.875,
0.782609,0.9,
0.5,0.416667,
0.592593,0.6,
0.791667,0.730769,
0.538462,0.529412,
0.611111,0.916667,
0.8,0.772727,
0.75,0.72,
0.722222,0.571429,
0.642857,0.5,
0.538462,0.777778,
0.473684,0.529412,
0.454545,0.5,
0.769231,0.5,
0.466667,0.5,
0.761905,0.842105,
0.818182,0.772727,
0.521739,0.722222,
0.52381,0.631579,
0.714286,0.857143,
0.730769,0.863636,
0.68,0.730769,
0.583333,0.7,
0.636364,0.722222,
0.862069,0.928571,
0.333333,0.333333,
0.772727,0.73913,
0.95,0.703704,
0.588235,0.5,
0.586207,0.888889,
0.714286,0.714286,
0.8125,0.590909,
0.5,0.4375,
0.714286,0.652174,
0.76,0.6875,
0.458333,0.45,
0.6875,0.5,
0.611111,0.785714,
0.444444,0.571429,
0.3125,0.333333,
0.6,0.777778,
0.631579,0.6,
0.869565,0.92,
0.947368,0.75,
0.73913,0.692308,
0.444444,0.444444,
0.375,0.4,
0.933333,0.722222,
0.882353,0.772727,
0.722222,0.56,
0.846154,0.88,
0.434783,0.578947,
0.636364,0.625,
0.428571,0.6,
0.769231,0.769231,
0.956522,0.88,
0.571429,0.565217,
0.714286,0.846154,
0.411765,0.4,
0.607143,0.636364,
0.7,0.8125,
0.866667,0.636364,
0.764706,0.722222,
0.678571,0.642857,
0.631579,0.6875,
0.565217,0.65,
0.952381,0.730769,
0.576923,0.73913,
0.5,0.733333,
0.538462,0.5,
0.611111,0.769231,
0.8,0.882353,
0.714286,0.52381,
0.888889,0.727273,
0.73913,0.727273,
0.875,0.84,
0.857143,0.76,
0.789474,0.619048,
0.5,0.642857,
0.416667,0.357143,
0.590909,0.75,
0.761905,0.652174,
0.375,0.3,
0.68,0.615385,
0.714286,0.952381,
0.681818,0.8125,
0.65,0.833333,
0.913043,0.769231,
0.84,0.869565,
0.454545,0.454545,
0.833333,0.869565,
0.6875,0.52381,
0.545455,0.6875,
0.761905,0.652174,
0.818182,0.5625,
0.9,0.692308,
0.9,0.76,
0.434783,0.625,
0.75,0.578947,
0.827586,0.857143,
0.84,0.913043,
0.75,0.684211,
0.5,0.529412,
0.533333,0.5,
0.842105,0.695652,
0.466667,0.368421,
0.875,0.777778,
0.52,0.52,
0.529412,0.529412,
0.1875,0.272727,
0.777778,0.625,
0.73913,0.655172,
0.944444,0.8,
0.571429,0.571429,
0.470588,0.533333,
0.4,0.545455,
0.823529,0.727273,
0.681818,0.583333,
0.588235,0.555556,
0.846154,0.869565,
0.740741,0.833333,
0.5,0.3125,
0.55,0.6875,
0.741935,0.814815,
0.3,0.272727,
0.9375,0.826087,
0.5,0.5,
0.518519,0.608696,
0.608696,0.933333,
0.647059,0.733333,
0.866667,0.896552,
0.642857,0.772727,
0.84,0.947368,
0.47619,0.647059,
0.5,0.666667,
0.466667,0.5,
0.454545,0.454545,
0.73913,0.826087,
0.533333,0.470588,
0.892857,0.862069,
0.8,0.8,
0.866667,0.681818,
0.64,0.727273,
0.44,0.434783,
0.368421,0.421053,
0.909091,0.75,
0.526316,0.733333,
0.916667,0.821429,
0.576923,0.481481,
0.894737,0.772727,
0.833333,0.653846,
0.642857,0.526316,
0.75,0.625,
0.857143,0.73913,
0.928571,0.7,
0.782609,0.791667,
0.727273,0.615385,
0.782609,0.818182,
0.678571,0.8,
0.692308,0.666667,
0.6,0.875,
0.428571,0.466667,
0.470588,0.583333,
0.636364,0.636364,
0.705882,0.571429,
0.6875,0.521739,
0.807692,0.785714,
0.52381,0.714286,
0.588235,0.5,
0.75,0.875,
0.785714,0.647059,
0.461538,0.333333,
0.55,0.578947,
0.631579,0.857143,
0.692308,0.6,
0.428571,0.333333,
0.714286,0.833333,
0.75,0.631579,
0.466667,0.388889,
0.45,0.5,
0.555556,0.555556,
0.791667,0.826087,
0.363636,0.333333,
0.62963,0.62963,
0.692308,0.5,
0.529412,0.571429,
0.923077,0.7,
0.814815,0.785714,
0.615385,0.692308,
0.684211,0.705882,
0.631579,0.545455,
0.8,0.96,
0.625,0.769231,
0.571429,0.4375,
0.545455,0.5,
0.52381,0.75,
0.827586,0.923077,
0.6,0.64,
0.526316,0.5,
0.565217,0.65,
0.461538,0.6,
0.52381,0.521739,
0.5,0.470588,
0.4,0.5,
0.6875,0.565217,
0.411765,0.545455,
0.478261,0.555556,
0.642857,0.791667,
0.6,0.68,
0.909091,0.75,
0.5,0.4375,
0.740741,0.777778,
0.6,0.5,
0.941176,0.782609,
0.615385,0.538462,
0.4,0.545455,
0.65,0.545455,
0.722222,0.608696,
0.714286,0.454545,
0.409091,0.5625,
0.590909,0.5,
0.952381,0.952381,
0.75,0.714286,
0.851852,0.869565,
0.384615,0.545455,
0.444444,0.444444,
0.181818,0.222222,
0.571429,0.583333,
0.466667,0.583333,
0.411765,0.454545,
0.666667,0.666667,
0.833333,0.592593,
0.625,0.8125,
0.666667,0.470588,
0.695652,0.73913,
0.909091,0.826087,
0.538462,0.583333,
0.625,0.615385,
0.578947,0.666667,
0.85,0.818182,
0.590909,0.8125,
0.8,0.592593,
0.909091,0.869565,
0.740741,0.869565,
0.681818,0.625,
0.884615,0.88,
0.6,0.733333,
0.631579,0.923077,
0.928571,0.8125,
0.705882,0.631579,
0.866667,0.736842,
0.533333,0.592593,
0.722222,0.6,
0.583333,0.608696,
0.6,0.5,
0.555556,0.454545,
0.695652,0.681818,
0.4,0.384615,
0.608696,0.823529,
0.708333,0.666667,
0.791667,0.85,
0.652174,0.631579,
0.583333,0.538462,
0.652174,0.636364,
0.789474,0.619048,
0.692308,0.470588,
0.909091,0.740741,
0.777778,0.84,
0.526316,0.454545,
0.588235,0.588235,
0.772727,0.85,
0.740741,0.8,
0.545455,0.666667,
0.857143,0.62963,
0.357143,0.4,
0.714286,0.555556,
0.6875,0.733333,
0.55,0.55,
0.666667,0.6,
0.5,0.538462,
0.7,0.692308,
0.631579,0.52381,
0.470588,0.533333,
0.857143,0.862069,
0.928571,0.571429,
0.666667,0.736842,
0.666667,0.833333,
0.862069,0.92,
0.84,0.740741,
0.6,0.607143,
0.571429,0.5,
0.8,0.842105,
0.857143,0.631579,
0.875,0.75,
0.714286,0.857143,
0.631579,0.583333,
0.85,0.62963,
0.529412,0.5625,
0.533333,0.52381,
0.357143,0.416667,
0.807692,0.84,
0.5625,0.642857,
0.473684,0.5,
0.666667,0.571429,
0.75,0.818182,
0.6,0.545455,
0.684211,0.6,
0.555556,0.416667,
0.84,0.821429,
0.758621,0.916667,
0.615385,0.615385,
0.904762,0.703704,
0.466667,0.4375,
0.428571,0.428571,
0.625,0.833333,
0.842105,0.75,
1,0.689655,
1,1,
0.6,0.8125,
0.625,0.823529,
0.714286,0.5,
0.692308,0.625,
0.411765,0.368421,
0.466667,0.75,
0.3,0.384615,
0.84,0.807692,
0.631579,0.538462,
0.518519,0.608696,
0.535714,0.611111,
0.6,0.407407,
0.388889,0.304348,
0.421053,0.6875,
0.473684,0.529412,
0.761905,0.608696,
0.615385,0.470588,
0.72,0.73913,
0.416667,0.384615,
0.8125,0.722222,
0.285714,0.2,
0.615385,0.642857,
0.740741,0.75,
0.647059,0.833333,
0.851852,0.916667,
0.666667,0.947368,
0.454545,0.555556,
0.586207,0.592593,
0.277778,0.294118,
0.782609,0.72,
0.642857,0.642857,
0.555556,0.5,
0.615385,0.666667,
0.653846,0.652174,
0.56,0.736842,
0.73913,0.64,
0.521739,0.714286,
0.636364,0.8125,
0.866667,0.823529,
0.730769,0.62069,
0.708333,0.944444,
0.846154,0.785714,
0.892857,0.892857,
0.5625,0.533333,
0.6,0.5,
0.68,0.894737,
0.631579,0.857143,
0.714286,0.56,
0.615385,0.8,
0.8125,0.8,
0.5625,0.642857,
0.724138,0.769231,
0.758621,0.95,
0.529412,0.368421,
0.5,0.6875,
0.608696,0.7,
0.8,0.782609,
0.708333,0.666667,
0.571429,0.625,
0.333333,0.5,
0.68,0.772727,
0.740741,0.909091,
0.666667,0.933333,
0.821429,0.923077,
0.571429,0.727273,
0.857143,0.818182,
0.888889,0.727273,
0.551724,0.653846,
0.526316,0.5625,
0.611111,0.52381,
0.526316,0.555556,
0.678571,0.818182,
0.473684,0.473684,
0.541667,0.7,
0.681818,0.75,
0.444444,0.615385,
0.461538,0.5,
0.647059,0.833333,
0.55,0.684211,
0.666667,0.625,
0.4,0.5,
0.642857,0.466667,
0.869565,0.791667,
0.761905,0.818182,
0.458333,0.75,
0.636364,0.5,
0.846154,0.733333,
0.666667,0.642857,
0.866667,0.684211,
0.461538,0.461538,
0.470588,0.666667,
0.73913,0.782609,
0.444444,0.44,
0.571429,0.380952,
0.642857,0.5625,
0.461538,0.333333,
0.642857,0.529412,
0.647059,0.571429,
0.863636,0.875,
0.5,0.533333,
0.545455,0.315789,
0.769231,0.947368,
0.636364,0.5,
0.6,0.565217,
0.545455,0.545455,
0.791667,0.740741,
0.666667,0.666667,
0.8,0.631579,
0.65,0.684211,
0.7,0.954545,
0.652174,0.882353,
0.533333,0.5,
0.76,0.8,
0.466667,0.466667,
0.615385,0.681818,
0.428571,0.5,
0.545455,0.611111,
0.666667,0.5,
0.7,0.933333,
0.733333,0.833333,
0.4,0.5,
0.454545,0.333333,
0.625,0.64,
0.6,0.692308,
0.9375,0.636364,
0.444444,0.470588,
0.730769,0.875,
0.578947,0.6875,
0.5,0.363636,
0.708333,0.73913,
0.529412,0.529412,
0.428571,0.545455,
0.823529,0.583333,
0.782609,0.782609,
0.5,0.5,
0.714286,0.625,
0.538462,0.777778,
0.576923,0.695652,
0.875,0.777778,
0.611111,0.6875,
0.714286,0.642857,
0.541667,0.684211,
0.807692,0.869565,
0.5,0.7,
0.666667,0.909091,
0.736842,0.714286,
0.826087,0.826087,
0.470588,0.35,
0.85,0.85,
0.5,0.466667,
0.571429,0.555556,
0.75,0.583333,
0.545455,0.352941,
0.714286,0.380952,
0.764706,0.866667,
0.714286,0.5,
0.6,0.5,
0.6,0.65,
0.461538,0.4,
0.4,0.352941,
0.862069,0.896552,
0.555556,0.555556,
0.6,0.5,
0.652174,0.571429,
0.65,0.722222,
0.3,0.214286,
0.785714,0.55,
0.470588,0.444444,
0.315789,0.352941,
1,0.944444,
0.5625,0.6,
0.678571,0.814815,
0.545455,0.384615,
0.631579,0.733333,
0.722222,0.481481,
0.615385,0.5,
0.894737,0.782609,
0.777778,0.8125,
0.461538,0.555556,
0.809524,0.75,
0.807692,0.76,
0.631579,0.666667,
0.615385,0.421053,
0.714286,0.588235,
0.833333,0.866667,
0.772727,0.85,
0.6,0.764706,
0.611111,0.733333,
0.533333,0.5,
0.4375,0.5,
0.727273,0.772727,
0.458333,0.481481,
0.533333,0.8,
0.583333,0.5,
0.75,0.772727,
0.7,0.730769,
0.466667,0.444444,
0.892857,0.896552,
0.869565,0.8,
0.782609,0.6,
0.833333,0.833333,
0.666667,0.55,
0.8125,0.7,
0.611111,0.705882,
0.588235,0.47619,
0.583333,0.615385,
0.884615,0.884615,
0.692308,0.703704,
0.789474,0.636364,
0.666667,0.7,
0.625,0.6,
0.75,0.9,
0.652174,0.764706,
0.764706,0.608696,
1,0.869565,
0.47619,0.571429,
0.75,0.708333,
0.5,0.631579,
0.444444,0.666667,
0.785714,0.526316,
0.666667,0.823529,
0.85,0.842105,
0.826087,0.72,
0.823529,0.8125,
0.72,0.791667,
0.75,0.590909,
0.793103,0.884615,
0.619048,0.6875,
0.6,0.789474,
0.538462,0.538462,
0.772727,0.944444,
0.695652,0.8,
0.684211,0.541667,
0.851852,0.814815,
0.48,0.705882,
0.944444,0.769231,
0.9,0.947368,
0.714286,0.689655,
0.6,0.5,
0.84,0.826087,
1,0.814815,
0.666667,0.5,
0.666667,0.590909,
0.941176,0.68,
0.533333,0.538462,
0.8,0.571429,
0.481481,0.481481,
0.714286,0.4,
0.578947,0.733333,
0.733333,0.52381,
0.875,0.75,
0.6,0.6,
0.636364,0.75,
0.722222,0.736842,
1,0.782609,
0.777778,0.695652,
0.833333,0.863636,
0.857143,0.827586,
0.411765,0.461538,
0.703704,0.947368,
0.666667,0.62963,
0.5,0.466667,
0.5,0.384615,
0.444444,0.5,
0.583333,0.5,
0.75,0.782609,
0.555556,0.5,
0.84,0.807692,
0.444444,0.409091,
0.842105,0.714286,
0.666667,0.727273,
0.611111,0.533333,
0.814815,0.913043,
0.592593,0.789474,
0.666667,0.666667,
0.230769,0.333333,
0.3,0.272727,
0.48,0.705882,
0.461538,0.608696,
0.6,0.473684,
0.5,0.454545,
0.571429,0.4,
0.5,0.666667,
0.473684,0.5,
0.826087,1,
0.5,0.583333,
0.764706,0.761905,
0.538462,0.466667,
0.84,0.84,
0.954545,0.8,
0.466667,0.411765,
0.3,0.375,
0.85,0.882353,
0.782609,0.818182,
0.846154,0.923077,
0.814815,1,
0.636364,0.7,
0.8,0.769231,
0.941176,0.64,
0.666667,0.823529,
0.772727,0.857143,
0.375,0.333333,
0.809524,0.85,
0.888889,0.785714,
0.681818,0.8,
0.5,0.428571,
0.689655,0.782609,
0.95,0.95,
0.583333,0.5,
0.666667,0.714286,
0.5,0.444444,
0.4375,0.470588,
0.777778,0.833333,
0.8125,0.619048,
0.636364,0.619048,
0.583333,0.538462,
1,0.740741,
0.791667,0.826087,
0.894737,0.73913,
0.894737,0.782609,
0.92,0.88,
0.954545,0.8,
0.705882,0.857143,
0.444444,0.5,
0.611111,0.647059,
0.555556,0.666667,
0.409091,0.5625,
0.727273,0.8,
0.814815,0.916667,
0.758621,0.869565,
0.294118,0.357143,
0.52381,0.647059,
0.473684,0.6,
0.428571,0.461538,
0.666667,0.75,
0.894737,0.809524,
0.764706,0.541667,
1,0.727273,
0.461538,0.545455,
0.590909,0.578947,
0.75,0.625,
0.529412,0.625,
0.642857,0.52381,
0.846154,0.916667,
0.65,0.75,
0.952381,0.846154,
0.583333,0.466667,
0.5,0.52,
0.769231,0.55,
0.6875,0.846154,
0.526316,0.588235,
0.666667,0.608696,
0.352941,0.466667,
0.941176,0.727273,
0.55,0.647059,
0.375,0.272727,
0.8,0.777778,
0.833333,0.642857,
0.631579,0.722222,
0.535714,0.571429,
0.666667,0.6875,
0.764706,0.823529,
0.588235,0.647059,
0.533333,0.533333,
0.444444,0.615385,
0.62069,0.533333,
0.590909,0.8,
0.65,0.777778,
0.466667,0.5,
0.5,0.416667,
0.607143,0.576923,
0.631579,0.8,
0.454545,0.384615,
0.708333,0.76,
0.84,0.913043,
0.647059,0.65,
0.5,0.411765,
0.681818,0.652174,
0.285714,0.333333,
0.821429,0.928571,
0.647059,0.833333,
0.857143,0.875,
0.703704,0.642857,
0.4375,0.636364,
0.947368,0.863636,
0.4,0.333333,
0.444444,0.444444,
0.56,0.571429,
0.625,0.583333,
0.590909,0.75,
0.681818,0.722222,
0.833333,0.769231,
0.8,0.740741,
0.65,0.75,
0.826087,0.782609,
1,0.8125,
0.666667,0.428571,
0.625,0.647059,
0.827586,0.833333,
0.714286,0.684211,
0.92,0.96,
0.714286,0.47619,
0.5,0.461538,
0.764706,0.764706,
0.631579,0.75,
0.681818,0.631579,
0.863636,0.703704,
0.736842,0.636364,
0.6,0.857143,
0.727273,0.607143,
0.730769,0.888889,
0.5625,0.636364,
0.88,0.733333,
0.647059,0.5,
0.222222,0.454545,
0.578947,0.769231,
0.666667,0.714286,
0.6,0.578947,
0.411765,0.538462,
0.5,0.529412,
0.428571,0.5625,
0.466667,0.5,
0.5,0.555556,
0.789474,0.842105,
0.666667,0.56,
0.481481,0.461538,
0.714286,0.823529,
0.380952,0.32,
0.45,0.5625,
0.724138,0.909091,
0.533333,0.421053,
0.64,0.681818,
0.714286,0.863636,
0.454545,0.454545,
0.818182,0.782609,
0.75,0.818182,
0.888889,0.84,
0.923077,0.923077,
0.863636,0.645161,
0.588235,0.666667,
0.6,0.473684,
0.821429,0.846154,
0.84,0.84,
0.913043,0.84,
0.533333,0.666667,
0.625,0.666667,
0.4375,0.272727,
0.578947,0.55,
0.521739,0.6,
0.8,0.888889,
0.807692,0.740741,
0.5625,0.473684,
0.555556,0.653846,
0.538462,0.823529,
0.52,0.6,
0.428571,0.352941,
0.791667,0.863636,
0.555556,0.6875,
0.789474,0.789474,
0.642857,0.473684,
0.461538,0.461538,
0.631579,0.684211,
0.5,0.5,
0.857143,0.75,
0.642857,0.5,
0.538462,0.5,
0.821429,0.884615,
0.545455,0.545455,
0.705882,0.8,
0.909091,0.6875,
0.636364,0.5,
0.538462,0.625,
0.807692,0.863636,
0.833333,0.909091,
0.6,0.526316,
0.846154,0.631579,
0.444444,0.4,
0.625,0.391304,
0.846154,0.846154,
0.590909,0.521739,
0.466667,0.3,
0.625,0.708333,
0.454545,0.4,
0.75,0.642857,
0.875,0.714286,
0.611111,0.611111,
0.55,0.611111,
0.3,0.272727,
0.545455,0.75,
0.727273,0.666667,
0.764706,0.666667,
0.5,0.444444,
0.5,0.588235,
0.625,0.588235,
0.65,0.764706,
0.703704,0.809524,
0.636364,0.761905,
0.863636,0.72,
0.6,0.722222,
0.5625,0.45,
0.333333,0.153846,
0.583333,0.466667,
0.631579,0.518519,
0.5,0.692308,
0.444444,0.3125,
0.5,0.625,
0.714286,0.454545,
0.411765,0.583333,
0.727273,0.727273,
0.764706,0.583333,
0.235294,0.263158,
0.875,0.695652,
0.875,0.684211,
0.666667,0.666667,
0.777778,0.736842,
0.473684,0.529412,
0.636364,0.736842,
0.916667,0.857143,
0.833333,0.72,
0.777778,0.892857,
0.538462,0.538462,
0.625,0.611111,
0.384615,0.333333,
0.466667,0.428571,
0.583333,0.777778,
0.444444,0.285714,
0.869565,0.769231,
0.6,0.714286,
0.5,0.666667,
0.5,0.666667,
0.5,0.722222,
0.64,0.555556,
0.6,0.818182,
0.3,0.333333,
0.5625,0.588235,
0.583333,0.368421,
0.461538,0.588235,
0.769231,0.666667,
0.6,0.653846,
0.884615,0.884615,
0.423077,0.478261,
0.884615,0.92,
0.666667,0.5,
0.565217,0.428571,
0.875,0.807692,
0.88,0.8,
0.25,0.4,
0.517241,0.684211,
0.5625,0.6,
0.5,0.6,
0.555556,0.736842,
0.809524,0.73913,
0.769231,0.625,
0.851852,0.884615,
0.791667,0.857143,
0.8,0.947368,
0.357143,0.333333,
0.703704,0.809524,
0.3125,0.454545,
0.8,0.7,
0.5,0.4375,
0.76,0.75,
0.375,0.636364,
0.75,0.789474,
0.761905,0.8,
0.869565,0.703704,
0.652174,0.882353,
0.8,0.8,
0.75,0.666667,
0.611111,0.578947,
0.529412,0.625,
0.714286,0.666667,
0.571429,0.470588,
0.4,0.4,
0.5,0.388889,
0.608696,0.722222,
0.464286,0.619048,
0.766667,0.954545,
0.947368,0.8,
0.47619,0.583333,
0.714286,0.586207,
0.56,0.583333,
0.5625,0.45,
0.586207,0.8,
0.266667,0.3125,
0.666667,0.444444,
0.62963,0.75,
0.5,0.714286,
0.631579,0.571429,
0.266667,0.266667,
0.772727,0.809524,
0.821429,0.8,
0.782609,0.833333,
0.692308,0.642857,
0.571429,0.521739,
0.421053,0.571429,
0.478261,0.611111,
0.529412,0.529412,
0.5,0.727273,
0.894737,0.85,
0.588235,0.5625,
0.764706,0.764706,
0.72,0.75,
0.714286,0.5,
0.571429,0.75,
0.833333,0.833333,
0.545455,0.625,
0.862069,0.961538,
0.388889,0.388889,
0.692308,0.76,
0.607143,0.857143,
0.5625,0.55,
0.35,0.411765,
0.913043,0.740741,
0.551724,0.636364,
0.666667,0.533333,
0.9,0.9,
0.851852,0.88,
0.5,0.357143,
0.555556,0.555556,
0.615385,0.388889,
0.65,0.666667,
0.85,0.833333,
0.4375,0.666667,
0.916667,0.916667,
0.434783,0.6875,
0.6,0.692308,
0.647059,0.55,
0.5,0.555556,
0.764706,0.684211,
0.809524,0.75,
0.64,0.809524,
0.611111,0.5625,
0.333333,0.3,
0.652174,0.823529,
0.72,0.791667,
0.588235,0.666667,
0.772727,0.708333,
0.75,0.818182,
0.6,0.818182,
0.758621,0.833333,
0.533333,0.352941,
0.681818,0.8125,
0.631579,0.6875,
0.904762,0.740741,
0.75,0.75,
0.466667,0.4375,
0.8,0.571429,
0.705882,0.571429,
0.5,0.571429,
0.458333,0.44,
0.291667,0.333333,
0.5,0.466667,
0.421053,0.538462,
0.653846,0.75,
0.4,0.583333,
0.8,0.636364,
0.76,0.842105,
0.588235,0.6,
0.607143,0.64,
0.4,0.4,
0.655172,0.947368,
0.761905,0.666667,
0.631579,0.571429,
0.695652,0.714286,
0.5625,0.642857,
0.461538,0.6,
0.769231,0.740741,
0.76,0.76,
0.4375,0.35,
0.4,0.545455,
0.583333,0.470588,
0.6875,0.785714,
0.730769,0.95,
0.952381,0.785714,
0.416667,0.533333,
0.703704,0.730769,
0.8,0.705882,
0.555556,0.769231,
0.571429,0.565217,
0.95,0.791667,
0.5625,0.5625,
0.615385,0.529412,
0.583333,0.666667,
0.733333,0.733333,
0.8125,0.722222,
0.692308,0.611111,
0.758621,0.826087,
0.789474,0.761905,
0.5,0.4,
0.7,0.636364,
0.5,0.333333,
0.636364,0.62963,
0.611111,0.785714,
0.545455,0.6,
0.733333,0.555556,
0.454545,0.555556,
0.384615,0.6,
0.714286,0.714286,
0.916667,0.875,
0.666667,0.5,
0.3125,0.263158,
0.333333,0.375,
0.681818,0.62963,
0.388889,0.5625,
0.611111,0.647059,
0.5,0.444444,
0.277778,0.357143,
0.714286,0.555556,
0.684211,0.666667,
0.461538,0.428571,
0.8,0.615385,
0.428571,0.352941,
0.695652,0.823529,
0.8,0.73913,
0.565217,0.518519,
0.666667,0.478261,
0.5,0.375,
0.5,0.631579,
0.6,0.461538,
0.692308,0.692308,
0.375,0.352941,
0.416667,0.357143,
0.592593,0.64,
0.944444,0.64,
0.571429,0.666667,
0.466667,0.411765,
0.571429,0.541667,
0.857143,0.666667,
0.586207,0.772727,
0.181818,0.181818,
0.583333,0.4375,
0.4,0.555556,
0.964286,0.962963,
0.692308,0.461538,
0.740741,0.909091,
0.7,0.7,
0.571429,0.6875,
0.75,0.68,
0.6,0.733333,
0.789474,0.833333,
0.894737,0.678571,
0.869565,0.84,
0.5,0.473684,
0.571429,0.8,
0.888889,0.821429,
0.315789,0.428571,
0.578947,0.666667,
0.769231,0.647059,
0.590909,0.619048,
0.5,0.428571,
0.944444,0.809524,
0.466667,0.4,
0.652174,0.875,
0.75,0.5625,
0.727273,0.782609,
0.730769,0.904762,
0.590909,0.541667,
0.647059,0.916667,
0.851852,0.8,
0.6,0.625,
0.7,0.583333,
0.5,0.4,
0.826087,0.84,
0.909091,0.791667,
0.625,0.625,
0.578947,0.714286,
0.444444,0.5,
0.785714,0.642857,
0.72,0.941176,
0.6,0.714286,
0.6875,0.857143,
0.777778,0.714286,
0.785714,0.733333,
0.818182,0.882353,
0.416667,0.4,
0.736842,0.736842,
0.555556,0.5,
0.368421,0.333333,
0.571429,0.631579,
0.642857,0.785714,
0.76,0.76,
0.724138,0.869565,
0.428571,0.4,
0.583333,0.7,
0.842105,0.782609,
0.666667,0.714286,
0.47619,0.588235,
0.307692,0.384615,
0.76,0.703704,
0.904762,0.791667,
0.851852,0.892857,
0.666667,0.826087,
0.75,0.695652,
0.6875,0.6,
0.75,0.769231,
0.636364,0.666667,
0.714286,0.6,
0.764706,0.565217,
0.538462,0.736842,
0.368421,0.304348,
0.518519,0.555556,
0.818182,0.75,
0.375,0.375,
0.45,0.75,
0.4375,0.533333,
0.64,0.576923,
0.823529,0.7,
0.6875,0.625,
0.65,0.5,
0.636364,0.615385,
0.769231,0.555556,
0.764706,0.538462,
0.785714,0.846154,
0.35,0.411765,
0.470588,0.461538,
0.692308,0.529412,
0.653846,0.68,
0.363636,0.428571,
0.76,0.785714,
0.583333,0.7,
0.411765,0.538462,
0.636364,0.615385,
0.576923,0.625,
0.777778,0.653846,
0.9,0.666667,
0.842105,0.692308,
0.352941,0.375,
0.863636,0.633333,
0.642857,0.5,
0.518519,0.535714,
0.666667,0.772727,
0.65,0.684211,
0.583333,0.705882,
0.85,0.857143,
0.642857,0.529412,
0.68,0.8,
0.6,0.692308,
0.882353,0.652174,
0.375,0.5,
0.727273,0.833333,
0.958333,0.793103,
0.583333,0.444444,
0.736842,0.666667,
0.833333,0.75,
0.75,0.888889,
0.470588,0.611111,
0.5,0.6,
0.714286,0.9,
0.72,0.857143,
0.823529,0.7,
0.411765,0.388889,
0.611111,0.521739,
0.666667,0.56,
0.461538,0.375,
0.8,0.6875,
0.421053,0.75,
0.642857,0.75,
0.6875,0.545455,
0.64,0.75,
0.882353,0.64,
0.894737,0.73913,
0.533333,0.619048,
0.416667,0.5,
0.769231,0.774194,
0.904762,0.740741,
0.615385,0.631579,
0.761905,0.592593,
0.535714,0.842105,
0.611111,0.6,
0.73913,0.894737,
0.6,0.818182,
0.722222,0.611111,
0.761905,0.833333,
0.428571,0.461538,
0.428571,0.4,
0.777778,0.944444,
0.695652,0.842105,
0.653846,0.642857,
0.769231,0.733333,
0.5,0.555556,
0.909091,0.833333,
0.4375,0.5,
0.75,0.761905,
0.923077,0.777778,
0.695652,0.736842,
0.72,0.558824,
0.5,0.538462,
0.478261,0.666667,
0.416667,0.416667,
0.695652,0.64,
0.958333,0.851852,
0.708333,0.857143,
0.7,0.608696,
0.75,0.65,
0.64,0.5,
0.444444,0.583333,
0.684211,0.541667,
0.466667,0.368421,
0.692308,0.692308,
0.8,0.777778,
0.388889,0.5,
0.444444,0.6,
0.695652,0.695652,
0.72,0.947368,
0.75,0.578947,
0.611111,0.846154,
0.92,0.862069,
0.777778,0.722222,
0.714286,0.526316,
0.47619,0.625,
0.846154,0.892857,
0.791667,0.85,
0.615385,0.625,
0.473684,0.45,
0.689655,0.818182,
0.636364,0.666667,
0.48,0.545455,
0.733333,0.785714,
0.764706,0.6875,
0.625,0.375,
0.692308,0.809524,
0.68,0.842105,
0.407407,0.407407,
0.444444,0.363636,
0.689655,0.807692,
0.625,0.454545,
0.478261,0.526316,
0.5,0.5,
0.884615,0.857143,
0.642857,0.555556,
0.666667,0.73913,
0.461538,0.583333,
0.678571,0.791667,
0.631579,0.8,
0.821429,0.92,
0.454545,0.555556,
0.666667,0.5625,
0.75,0.75,
0.444444,0.461538,
0.666667,0.583333,
0.565217,0.684211,
0.894737,0.857143,
0.583333,0.388889,
0.571429,0.590909,
0.384615,0.5,
0.714286,0.777778,
0.555556,0.590909,
0.789474,0.933333,
0.411765,0.583333,
0.8,0.652174,
0.384615,0.5,
0.821429,0.888889,
0.666667,0.833333,
0.818182,0.72,
0.714286,0.666667,
0.904762,0.76,
0.777778,0.666667,
0.5,0.714286,
0.733333,0.611111,
0.944444,0.791667,
0.75,0.5625,
0.631579,0.666667,
0.769231,0.611111,
0.444444,0.583333,
0.588235,0.533333,
0.888889,0.642857,
0.607143,0.6,
0.59375,0.724138,
0.583333,0.8125,
0.692308,0.5625,
0.714286,0.684211,
0.533333,0.5,
0.73913,0.75,
0.8,0.75,
0.863636,0.826087,
0.736842,0.636364,
0.8125,0.777778,
0.954545,0.875,
0.833333,0.833333,
0.411765,0.388889,
0.5,0.6875,
0.666667,0.75,
0.571429,0.727273,
0.827586,0.916667,
0.611111,0.55,
0.653846,0.789474,
0.5,0.615385,
0.814815,0.785714,
0.529412,0.533333,
0.714286,0.8,
0.857143,0.631579,
0.777778,0.869565,
0.555556,0.8,
0.529412,0.434783,
0.666667,0.75,
0.612903,0.76,
0.823529,0.823529,
0.791667,1,
0.923077,0.956522,
0.666667,0.777778,
0.533333,0.583333,
0.791667,0.851852,
0.636364,0.777778,
0.571429,0.444444,
0.461538,0.461538,
0.583333,0.4,
0.4,0.333333,
0.578947,0.611111,
0.583333,0.666667,
0.875,0.909091,
0.894737,0.857143,
0.285714,0.375,
0.85,0.772727,
0.785714,0.814815,
0.5,0.6875,
0.846154,0.863636,
0.727273,0.5,
0.666667,0.769231,
0.730769,0.9,
0.315789,0.352941,
0.4,0.461538,
0.588235,0.55,
0.75,0.642857,
0.75,0.789474,
0.52,0.722222,
0.727273,0.5,
0.363636,0.272727,
0.791667,0.703704,
0.428571,0.4,
0.65,0.928571,
0.375,0.583333,
0.4,0.615385,
0.529412,0.75,
0.461538,0.3125,
0.826087,0.782609,
0.909091,0.863636,
0.695652,0.666667,
0.666667,0.6,
0.92,0.916667,
0.636364,0.722222,
0.666667,0.666667,
0.681818,0.75,
0.954545,0.777778,
0.666667,0.789474,
0.894737,0.72,
0.769231,0.84,
0.583333,0.4375,
0.461538,0.6,
0.5,0.636364,
0.807692,0.916667,
0.869565,0.730769,
0.714286,0.769231,
0.615385,0.818182,
0.695652,0.818182,
0.736842,0.8125,
0.809524,0.75,
0.538462,0.777778,
0.8,0.8,
0.772727,0.761905,
0.857143,0.818182,
0.823529,0.68,
0.705882,0.785714,
0.8,0.590909,
0.521739,0.733333,
0.851852,0.884615,
0.736842,0.736842,
0.56,0.5,
0.545455,0.8,
0.76,0.8,
0.809524,0.708333,
0.785714,0.625,
0.722222,0.7,
0.785714,0.833333,
0.916667,0.722222,
0.789474,0.823529,
0.727273,0.653846,
0.607143,0.76,
0.625,0.555556,
0.608696,0.684211,
0.733333,0.647059,
0.235294,0.363636,
0.5625,0.818182,
0.75,0.761905,
0.8125,0.681818,
0.666667,0.588235,
0.375,0.5,
0.3,0.375,
0.458333,0.407407,
0.727273,0.789474,
0.894737,0.894737,
0.5,0.466667,
0.6875,0.666667,
0.357143,0.454545,
0.708333,0.8,
0.533333,0.666667,
0.916667,0.8,
0.391304,0.529412,
0.842105,0.809524,
0.857143,0.730769,
0.684211,0.75,
0.75,0.75,
0.777778,0.7,
0.529412,0.391304,
0.555556,0.611111,
0.814815,0.846154,
0.84,0.956522,
0.5,0.333333,
0.777778,0.823529,
0.583333,0.647059,
0.862069,0.862069,
0.470588,0.533333,
0.705882,0.611111,
0.578947,0.733333,
0.619048,0.481481,
0.866667,0.7,
0.666667,0.5,
0.772727,0.85,
0.703704,0.821429,
0.47619,0.615385,
0.666667,0.583333,
0.758621,0.75,
1,0.826087,
0.807692,0.84,
0.833333,0.789474,
0.866667,0.8125,
0.454545,0.285714,
0.85,0.85,
0.5,0.705882,
0.909091,0.75,
0.5625,0.5625,
0.7,0.6,
0.625,0.875,
0.894737,0.62963,
0.73913,0.727273,
0.6,0.631579,
0.875,0.884615,
0.56,0.777778,
0.724138,0.8,
0.631579,0.611111,
0.4,0.333333,
0.785714,0.631579,
0.4375,0.4,
0.695652,0.888889,
0.444444,0.5,
0.695652,0.724138,
0.3,0.333333,
0.923077,0.821429,
0.76,0.777778,
0.533333,0.625,
0.647059,0.785714,
0.52381,0.461538,
0.62963,0.6,
0.4,0.5,
0.592593,0.592593,
0.4,0.363636,
0.684211,0.583333,
0.461538,0.6,
0.84,0.88,
0.8125,0.684211,
0.777778,0.7,
0.6875,0.769231,
0.4375,0.466667,
0.470588,0.421053,
0.363636,0.4,
0.538462,0.5,
0.363636,0.333333,
0.791667,0.818182,
0.636364,0.4375,
0.888889,0.793103,
0.411765,0.357143,
0.538462,0.5,
0.772727,0.894737,
0.62963,0.761905,
0.619048,0.823529,
0.681818,0.517241,
0.705882,0.6875,
0.736842,0.866667,
0.645161,0.857143,
0.807692,0.826087,
0.607143,0.8,
0.722222,0.736842,
0.684211,0.611111,
0.8,0.65,
0.684211,0.611111,
0.761905,0.888889,
0.684211,0.8125,
0.7,0.7,
0.769231,0.72,
0.761905,0.888889,
0.851852,0.793103,
0.72,0.9,
0.7,0.576923,
0.583333,0.666667,
0.571429,0.727273,
0.571429,0.533333,
0.5,0.631579,
0.541667,0.6,
0.722222,0.590909,
0.363636,0.333333,
0.631579,0.571429,
0.615385,0.666667,
0.333333,0.428571,
0.8,0.842105,
0.611111,0.714286,
0.565217,0.583333,
0.722222,0.666667,
0.827586,0.888889,
0.884615,0.916667,
0.782609,0.615385,
0.545455,0.636364,
0.545455,0.466667,
0.625,0.681818,
0.45,0.444444,
0.869565,0.769231,
0.652174,0.875,
0.590909,0.482759,
0.590909,0.608696,
0.842105,0.695652,
0.75,0.772727,
0.375,0.6,
0.631579,0.611111,
0.428571,0.666667,
0.904762,0.76,
0.555556,0.705882,
0.416667,0.5,
0.555556,0.75,
0.526316,0.529412,
0.545455,0.538462,
0.708333,0.607143,
0.875,0.758621,
0.88,0.821429,
0.833333,0.727273,
0.736842,0.8,
0.5,0.533333,
0.636364,0.5,
0.733333,0.88,
0.473684,0.533333,
0.642857,0.470588,
0.684211,0.684211,
0.714286,0.473684,
0.666667,0.653846,
0.526316,0.5,
0.571429,0.533333,
0.692308,0.826087,
0.545455,0.636364,
0.882353,0.652174,
0.647059,0.785714,
0.777778,0.75,
0.6,0.6,
0.6,0.785714,
0.307692,0.307692,
0.625,0.666667,
0.692308,0.666667,
0.894737,0.9,
0.642857,0.75,
0.809524,0.772727,
0.75,0.642857,
0.615385,0.533333,
0.785714,0.75,
0.9,0.692308,
0.6,0.384615,
0.68,0.772727,
0.583333,0.5,
0.461538,0.545455,
0.615385,0.529412,
0.571429,0.48,
0.708333,0.882353,
0.461538,0.333333,
0.736842,0.6,
0.814815,0.892857,
0.571429,0.705882,
0.769231,0.909091,
0.68,0.894737,
0.625,0.764706,
0.473684,0.5,
0.7,0.470588,
0.535714,0.555556,
0.818182,0.692308,
0.791667,0.791667,
0.724138,0.833333,
0.88,0.88,
0.736842,0.583333,
0.5,0.363636,
0.7,0.875,
0.833333,0.652174,
0.84,0.875,
0.210526,0.285714,
0.642857,0.8,
0.884615,0.92,
0.692308,0.703704,
0.578947,0.666667,
0.8,0.52381,
0.407407,0.5,
0.4,0.352941,
0.611111,0.833333,
0.666667,0.736842,
0.923077,0.827586,
0.466667,0.583333,
0.6875,0.611111,
0.6875,0.6875,
0.703704,0.95,
0.727273,0.8,
0.8,0.842105,
0.64,0.842105,
0.85,0.782609,
0.333333,0.315789,
0.6,0.894737,
0.466667,0.636364,
0.555556,0.454545,
0.5,0.35,
0.95,0.826087,
0.526316,0.5,
0.5,0.448276,
0.518519,0.684211,
0.421053,0.4375,
0.4375,0.5,
0.380952,0.642857,
0.521739,0.583333,
0.625,0.636364,
0.357143,0.333333,
0.875,0.807692,
0.5625,0.75,
0.6,0.5,
0.590909,0.72,
0.708333,0.789474,
0.545455,0.583333,
0.857143,0.722222,
0.84,0.875,
0.7,0.615385,
0.75,0.625,
0.714286,0.647059,
0.352941,0.333333,
0.588235,0.8125,
0.916667,0.888889,
0.571429,0.533333,
0.521739,0.705882,
0.846154,0.954545,
0.789474,0.695652,
0.785714,0.55,
0.833333,0.833333,
0.5625,0.428571,
0.466667,0.352941,
0.526316,0.416667,
0.88,0.88,
0.866667,0.65,
0.5,0.5,
0.758621,0.954545,
0.904762,0.869565,
0.666667,0.8,
0.4,0.636364,
0.352941,0.352941,
0.636364,0.466667,
0.272727,0.25,
0.5,0.5,
0.75,0.857143,
0.333333,0.25,
0.923077,0.766667,
0.85,0.85,
0.791667,0.724138,
0.823529,0.736842,
0.96,0.925926,
0.5,0.583333,
0.884615,0.851852,
0.6,0.6,
0.846154,0.75,
0.96,0.846154,
0.655172,0.772727,
0.925926,0.928571,
0.416667,0.277778,
0.789474,0.636364,
0.727273,0.56,
0.869565,0.84,
0.916667,0.611111,
0.571429,0.75,
0.5625,0.75,
0.56,0.666667,
0.705882,0.518519,
0.814815,1,
0.608696,0.875,
0.444444,0.466667,
0.5,0.5,
0.84,0.714286,
0.692308,0.692308,
0.52381,0.5,
0.555556,0.357143,
0.636364,0.590909,
0.8,0.727273,
0.666667,0.705882,
0.592593,0.64,
0.5,0.470588,
0.6,0.5,
0.782609,0.869565,
0.823529,0.7,
0.666667,0.705882,
0.727273,0.8,
0.708333,0.666667,
0.647059,0.5,
0.75,0.9,
0.95,0.76,
0.571429,0.733333,
0.333333,0.333333,
0.615385,0.5625,
0.8125,0.722222,
0.75,0.619048,
0.785714,0.916667,
0.8,0.882353,
0.608696,0.576923,
0.666667,0.642857,
0.7,0.56,
0.615385,0.473684,
0.653846,0.823529,
0.454545,0.416667,
0.789474,0.823529,
0.857143,0.96,
0.789474,0.941176,
0.863636,0.666667,
0.6,0.75,
0.615385,0.615385,
0.357143,0.461538,
0.941176,0.761905,
0.666667,0.611111,
0.814815,0.916667,
0.578947,0.473684,
0.923077,0.827586,
0.5,0.722222,
0.62963,0.62963,
0.636364,0.538462,
0.625,0.833333,
0.869565,0.84,
0.6,0.727273,
0.807692,0.863636,
0.5,0.692308,
0.5625,0.692308,
0.782609,0.807692,
0.692308,0.703704,
0.615385,0.470588,
0.708333,0.809524,
0.647059,0.631579,
0.611111,0.714286,
0.75,0.727273,
0.444444,0.333333,
0.666667,0.695652,
0.5,0.454545,
0.652174,0.823529,
0.928571,0.789474,
0.4375,0.411765,
0.608696,0.619048,
0.388889,0.388889,
0.875,0.636364,
0.75,0.571429,
0.578947,0.571429,
0.962963,0.884615,
0.761905,0.941176,
0.6,0.535714,
0.807692,0.84,
0.65,0.733333,
0.619048,0.705882,
0.5,0.473684,
0.730769,0.904762,
0.62963,0.727273,
0.75,0.714286,
0.636364,0.5,
0.333333,0.3,
0.904762,0.730769,
0.375,0.352941,
0.608696,0.823529,
0.8,0.92,
0.875,0.583333,
0.307692,0.307692,
0.928571,0.866667,
0.461538,0.411765,
0.533333,0.666667,
0.571429,0.578947,
0.75,0.678571,
0.8125,0.565217,
0.666667,0.583333,
0.545455,0.5,
0.25,0.375,
0.666667,0.631579,
0.8,0.6,
0.666667,0.714286,
0.846154,0.611111,
0.538462,0.466667,
0.466667,0.583333,
0.916667,0.857143,
0.45,0.571429,
0.538462,0.545455,
0.631579,0.636364,
0.538462,0.583333,
0.538462,0.764706,
0.666667,0.777778,
0.733333,0.478261,
0.730769,0.954545,
0.809524,0.818182,
0.571429,0.714286,
0.933333,1,
0.615385,0.5,
0.9,0.772727,
0.714286,0.6875,
0.411765,0.461538,
0.4375,0.5,
0.434783,0.4,
0.8,0.789474,
0.769231,0.6,
0.4,0.444444,
0.777778,0.666667,
0.826087,0.818182,
0.875,0.777778,
0.846154,0.846154,
0.666667,0.5,
0.8,0.666667,
0.75,0.75,
0.4375,0.538462,
0.863636,0.653846,
0.666667,0.5,
1,0.857143,
0.2,0.153846,
0.363636,0.25,
0.814815,0.793103,
1,0.703704,
0.681818,0.933333,
0.636364,0.538462,
0.818182,0.72,
0.444444,0.444444,
0.73913,0.8,
0.666667,0.681818,
0.428571,0.555556,
0.727273,0.761905,
0.857143,0.619048,
0.571429,0.470588,
0.4,0.428571,
0.5,0.625,
0.916667,0.766667,
0.944444,0.708333,
0.705882,0.545455,
0.578947,0.578947,
0.571429,0.615385,
0.607143,0.789474,
0.571429,0.5625,
0.272727,0.230769,
0.428571,0.411765,
0.666667,0.692308,
0.866667,0.666667,
0.95,0.84,
0.9,0.9,
0.705882,0.6,
0.689655,0.730769,
0.791667,0.947368,
0.818182,0.818182,
0.85,0.8,
0.681818,0.615385,
0.814815,0.884615,
0.944444,0.678571,
0.636364,0.444444,
0.454545,0.416667,
0.482759,0.789474,
0.75,0.736842,
0.851852,0.846154,
0.714286,0.705882,
0.857143,0.826087,
0.64,0.809524,
0.375,0.315789,
0.5,0.533333,
0.473684,0.588235,
0.631579,0.8125,
0.882353,0.789474,
0.555556,0.555556,
0.684211,0.866667,
0.758621,0.869565,
0.8,0.789474,
0.65,0.56,
0.666667,0.583333,
0.5,0.6875,
0.461538,0.466667,
0.592593,0.75,
0.666667,0.666667,
0.892857,0.785714,
0.692308,0.72,
0.470588,0.416667,
0.384615,0.333333,
0.541667,0.75,
0.782609,0.692308,
0.454545,0.555556,
0.428571,0.428571,
0.666667,0.55,
0.807692,0.758621,
0.4,0.4,
0.785714,0.785714,
0.64,0.75,
0.470588,0.4,
0.777778,0.875,
0.88,0.814815,
0.421053,0.421053,
0.526316,0.692308,
0.764706,0.866667,
0.25,0.375,
0.588235,0.588235,
0.681818,0.875,
0.666667,0.8,
0.8,0.916667,
0.642857,0.611111,
0.5,0.541667,
0.875,0.75,
0.333333,0.357143,
0.833333,0.695652,
0.65,0.866667,
0.736842,0.923077,
0.4,0.363636,
0.608696,0.631579,
0.615385,0.444444,
0.772727,0.85,
0.65,0.75,
0.529412,0.4,
0.333333,0.333333,
0.333333,0.272727,
0.625,0.5,
0.384615,0.384615,
0.566667,0.681818,
0.814815,0.956522,
0.636364,0.823529,
0.52381,0.8,
0.315789,0.4,
0.84,0.8,
0.5,0.5,
0.666667,0.764706,
0.869565,0.857143,
0.411765,0.428571,
0.8,0.761905,
0.576923,0.695652,
0.72,0.869565,
0.904762,0.85,
0.956522,0.766667,
0.714286,0.625,
0.7,0.928571,
0.571429,0.611111,
0.470588,0.615385,
0.708333,0.615385,
0.625,0.625,
0.45,0.631579,
0.846154,0.733333,
0.592593,0.62963,
0.73913,0.809524,
0.411765,0.615385,
0.7,0.583333,
0.785714,0.52381,
0.458333,0.578947,
0.647059,0.555556,
0.782609,0.75,
0.8125,0.7,
0.4,0.384615,
0.851852,0.851852,
0.916667,0.833333,
0.526316,0.733333,
0.8125,0.722222,
0.607143,0.666667,
0.791667,0.791667,
0.888889,0.958333,
0.576923,0.7,
0.636364,0.8125,
0.588235,0.555556,
0.5625,0.615385,
0.777778,0.789474,
0.8,0.764706,
0.7,0.583333,
0.565217,0.65,
0.454545,0.529412,
0.75,0.652174,
0.789474,0.615385,
0.631579,0.611111,
0.833333,0.6875,
0.272727,0.375,
0.583333,0.666667,
0.923077,0.785714,
0.5,0.647059,
0.666667,0.529412,
0.85,0.68,
0.47619,0.714286,
0.857143,0.65,
0.791667,0.703704,
0.736842,0.56,
0.526316,0.6,
0.736842,0.875,
0.529412,0.75,
0.5,0.75,
0.941176,0.695652,
0.666667,0.565217,
0.352941,0.4375,
0.5,0.454545,
0.730769,0.9,
0.695652,0.761905,
0.653846,0.809524,
0.846154,0.884615,
0.6,0.555556,
0.827586,0.916667,
0.454545,0.428571,
0.454545,0.454545,
0.875,0.875,
0.636364,0.833333,
0.652174,0.789474,
0.56,0.823529,
0.692308,0.833333,
0.652174,0.722222,
0.92,0.827586,
0.882353,0.8,
0.888889,0.896552,
0.6,0.619048,
0.666667,0.736842,
0.416667,0.555556,
0.444444,0.666667,
0.863636,0.727273,
0.538462,0.5,
0.727273,0.85,
0.714286,0.681818,
0.533333,0.6,
0.611111,0.52381,
0.92,0.954545,
0.3,0.333333,
0.5,0.7,
0.777778,0.75,
0.5625,0.625,
0.444444,0.363636,
0.807692,0.777778,
0.761905,0.73913,
0.925926,0.888889,
0.958333,0.766667,
0.428571,0.3,
0.76,0.826087,
0.75,0.8,
0.5625,0.529412,
0.722222,0.714286,
0.647059,0.785714,
0.6,0.6,
0.521739,0.6,
0.64,0.681818,
0.470588,0.666667,
0.75,0.7,
0.764706,0.583333,
0.5,0.470588,
0.631579,0.733333,
0.642857,0.642857,
0.458333,0.666667,
0.333333,0.363636,
0.727273,0.789474,
0.807692,0.9,
0.777778,0.608696,
0.653846,0.772727,
0.928571,0.896552,
0.789474,0.714286,
0.733333,0.733333,
0.809524,0.642857,
0.809524,0.708333,
0.576923,0.736842,
0.625,0.636364,
0.65,0.565217,
0.888889,0.809524,
0.95,0.833333,
0.6,0.625,
0.8,0.75,
0.8,0.809524,
0.473684,0.5,
0.571429,0.75,
0.647059,0.647059,
0.705882,0.722222,
0.307692,0.230769,
0.652174,0.652174,
0.727273,0.681818,
0.6,0.75,
0.571429,0.444444,
0.47619,0.625,
0.72,0.772727,
0.695652,0.535714,
0.92,0.833333,
0.526316,0.666667,
0.862069,0.9,
0.625,0.857143,
0.55,0.666667,
0.76,0.857143,
0.833333,0.714286,
0.75,0.545455,
0.4,0.333333,
0.666667,0.8125,
0.666667,0.714286,
0.421053,0.538462,
0.846154,0.705882,
0.423077,0.611111,
0.64,0.62069,
0.789474,0.615385,
0.863636,0.666667,
0.5,0.428571,
0.777778,0.538462,
0.5,0.5,
0.647059,0.625,
0.555556,0.909091,
0.714286,0.714286,
0.625,0.590909,
0.705882,0.866667,
0.375,0.352941,
0.611111,0.611111,
0.842105,0.75,
0.764706,0.565217,
0.578947,0.611111,
0.888889,0.64,
1,0.769231,
0.761905,0.761905,
0.285714,0.25,
0.823529,0.833333,
0.47619,0.588235,
1,0.826087,
0.588235,0.666667,
0.631579,0.857143,
0.875,0.791667,
0.363636,0.4,
0.333333,0.368421,
0.571429,0.538462,
0.851852,0.785714,
0.8125,0.52,
0.789474,0.64,
0.913043,0.833333,
0.952381,0.740741,
0.714286,0.666667,
0.785714,0.75,
1,1,
0.684211,0.590909,
0.76,0.947368,
0.555556,0.454545,
0.5,0.444444,
0.777778,0.653846,
0.75,0.894737,
0.555556,0.692308,
0.785714,0.588235,
0.666667,0.592593,
0.666667,0.789474,
0.769231,0.909091,
0.611111,0.588235,
0.821429,0.916667,
0.636364,0.684211,
0.703704,0.714286,
0.428571,0.4,
0.814815,0.814815,
0.823529,0.666667,
0.75,0.888889,
0.733333,0.631579,
0.727273,0.636364,
0.833333,0.833333,
0.782609,0.772727,
0.5,0.444444,
0.583333,0.666667,
0.625,0.588235,
0.4,0.333333,
0.5,0.473684,
0.705882,0.666667,
0.5,0.4,
0.736842,0.666667,
0.5,0.56,
0.730769,0.782609,
0.533333,0.6,
0.411765,0.615385,
0.846154,0.631579,
0.75,0.555556,
0.681818,0.65,
0.333333,0.3125,
0.733333,0.722222,
0.954545,0.785714,
0.875,0.913043,
0.5,0.411765,
0.652174,0.695652,
0.863636,0.888889,
0.636364,0.777778,
0.590909,0.631579,
0.833333,0.75,
0.466667,0.5,
0.588235,0.578947,
0.65,0.5,
0.352941,0.615385,
0.7,0.7,
0.866667,0.7,
0.62069,0.75,
0.769231,0.666667,
0.678571,0.809524,
0.363636,0.5,
0.666667,0.708333,
0.692308,0.5,
0.851852,0.88,
0.444444,0.571429,
0.428571,0.636364,
0.666667,0.611111,
0.566667,0.551724,
0.695652,0.62069,
0.821429,0.875,
0.5,0.363636,
0.9,0.818182,
0.583333,0.7,
0.571429,0.588235,
0.95,0.807692,
0.555556,0.692308,
0.55,0.785714,
0.884615,0.857143,
0.785714,0.833333,
0.6,0.736842,
0.571429,0.7,
0.791667,0.633333,
0.5,0.666667,
0.733333,0.578947,
0.684211,0.666667,
0.25,0.181818,
0.6875,0.846154,
0.692308,0.555556,
0.857143,0.894737,
0.541667,0.483871,
0.388889,0.388889,
0.875,0.758621,
0.772727,0.761905,
0.444444,0.727273,
0.9,0.944444,
0.791667,0.740741,
0.615385,0.533333,
0.722222,0.722222,
0.473684,0.444444,
0.538462,0.555556,
0.75,0.708333,
0.8125,0.722222,
0.571429,0.533333,
0.529412,0.642857,
0.608696,0.611111,
0.2,0.333333,
0.65,0.8125,
0.862069,0.925926,
0.681818,0.8125,
0.666667,0.714286,
0.411765,0.444444,
0.909091,0.807692,
0.619048,0.8,
0.714286,0.555556,
0.909091,0.826087,
0.857143,0.777778,
0.684211,0.619048,
0.4,0.642857,
0.736842,0.714286,
0.833333,0.722222,
0.5,0.3,
0.625,0.608696,
0.807692,0.777778,
0.5,0.529412,
0.875,0.714286,
0.833333,0.736842,
0.608696,0.777778,
0.619048,0.423077,
0.764706,0.764706,
0.842105,0.730769,
0.611111,0.733333,
0.5,0.5625,
0.904762,0.714286,
0.363636,0.363636,
0.588235,0.421053,
0.6875,0.647059,
0.791667,0.7,
0.764706,0.666667,
0.666667,0.608696,
0.5,0.625,
0.5,0.692308,
0.357143,0.416667,
0.772727,0.692308,
0.7,0.5,
0.636364,0.772727,
0.925926,0.92,
0.571429,0.6,
0.578947,0.846154,
0.666667,0.705882,
0.45,0.692308,
0.736842,0.764706,
0.933333,0.652174,
0.7,0.7,
0.857143,0.857143,
0.769231,0.826087,
0.666667,0.888889,
0.9,0.730769,
0.45,0.533333,
0.625,0.769231,
0.75,0.84,
0.470588,0.391304,
0.875,0.727273,
0.428571,0.411765,
0.62963,0.8,
0.769231,0.909091,
0.230769,0.375,
0.789474,0.652174,
0.916667,0.821429,
0.357143,0.5,
0.869565,0.8,
0.709677,0.846154,
0.6,0.6,
0.769231,0.611111,
0.681818,0.722222,
0.833333,0.758621,
0.692308,0.730769,
0.827586,1,
0.65,0.882353,
0.736842,0.714286,
0.5,0.4375,
0.769231,0.818182,
0.65,0.52,
0.636364,0.565217,
0.647059,0.590909,
0.684211,0.923077,
0.583333,0.466667,
0.84,0.777778,
0.761905,0.625,
0.4,0.411765,
0.625,0.545455,
0.625,0.625,
0.576923,0.823529,
0.76,0.904762,
0.789474,0.777778,
0.6,0.473684,
0.875,0.84,
0.884615,0.888889,
0.444444,0.4,
0.375,0.461538,
0.47619,0.555556,
0.714286,0.681818,
0.352941,0.4,
0.619048,0.56,
0.875,1,
0.5,0.388889,
0.826087,0.826087,
0.625,0.736842,
0.809524,0.708333,
0.285714,0.428571,
0.8,0.64,
0.3125,0.416667,
0.428571,0.5,
0.473684,0.642857,
0.75,0.652174,
0.388889,0.466667,
0.8,0.75,
0.9,0.666667,
0.764706,0.52381,
0.888889,0.8,
0.5,0.421053,
0.588235,0.666667,
0.4375,0.466667,
0.516129,0.666667,
0.681818,0.695652,
0.454545,0.666667,
0.928571,0.896552,
0.777778,0.76,
0.592593,0.714286,
0.85,0.72,
0.5625,0.692308,
0.892857,0.862069,
0.84,0.952381,
0.826087,0.818182,
0.470588,0.5,
0.75,0.714286,
0.888889,0.695652,
0.823529,0.736842,
0.533333,0.47619,
0.333333,0.25,
0.793103,0.741935,
0.590909,0.733333,
0.827586,0.846154,
0.944444,0.727273,
0.8,0.666667,
0.857143,0.772727,
0.47619,0.666667,
0.708333,0.8125,
1,0.793103,
0.769231,0.952381,
0.875,0.833333,
0.8,0.75,
0.5,0.333333,
0.652174,0.727273,
0.666667,0.666667,
0.888889,0.821429,
0.4,0.5,
0.916667,0.846154,
0.6,0.444444,
0.464286,0.722222,
0.5,0.583333,
0.952381,0.807692,
0.769231,0.588235,
0.294118,0.277778,
0.363636,0.363636,
0.318182,0.35,
0.625,0.470588,
0.730769,0.703704,
1,0.8,
0.789474,0.823529,
0.7,0.8125,
0.578947,0.647059,
0.653846,0.894737,
0.533333,0.533333,
0.733333,0.727273,
0.625,0.789474,
0.68,0.777778,
0.538462,0.5,
0.76,0.740741,
0.782609,0.863636,
0.84,0.84,
0.789474,0.888889,
0.75,0.636364,
0.684211,0.8125,
0.769231,0.611111,
0.409091,0.380952,
0.84,0.807692,
0.842105,0.8,
0.684211,0.7,
0.357143,0.384615,
0.6875,0.55,
0.684211,0.764706,
0.75,0.75,
0.76,0.833333,
0.733333,0.733333,
0.421053,0.533333,
0.466667,0.5,
0.631579,0.7,
0.73913,0.842105,
0.818182,0.857143,
0.909091,0.625,
0.695652,0.894737,
0.607143,0.809524,
0.75,0.571429,
0.666667,0.727273,
0.529412,0.714286,
0.769231,0.826087,
0.5,0.625,
0.52381,0.705882,
0.692308,0.642857,
0.625,0.555556,
