0.714286,0.625,
0.533333,0.526316,
0.666667,0.722222,
0.541667,0.705882,
0.571429,0.52381,
0.944444,0.75,
0.368421,0.4375,
0.666667,0.5,
0.266667,0.285714,
0.538462,0.636364,
0.833333,0.666667,
0.947368,0.730769,
0.214286,0.214286,
0.8125,0.714286,
0.826087,0.833333,
0.733333,0.6,
0.538462,0.421053,
0.653846,0.809524,
0.7,0.636364,
0.833333,0.814815,
0.695652,0.875,
0.714286,0.714286,
0.730769,0.777778,
0.727273,0.533333,
0.8,0.5,
0.884615,0.714286,
0.631579,0.6,
0.388889,0.5,
0.666667,0.8125,
0.555556,0.52381,
0.409091,0.5625,
0.529412,0.434783,
0.714286,0.611111,
0.916667,0.588235,
0.5,0.666667,
0.571429,0.5,
0.384615,0.285714,
0.8,0.75,
1,0.888889,
0.384615,0.555556,
0.692308,0.62069,
0.583333,0.7,
0.714286,0.823529,
0.545455,0.5,
0.7,0.615385,
0.904762,0.826087,
0.48,0.705882,
0.571429,0.421053,
0.95,0.791667,
0.857143,0.782609,
0.588235,0.5,
0.6,0.615385,
0.791667,0.826087,
0.421053,0.692308,
0.52381,0.631579,
0.666667,0.565217,
0.73913,0.782609,
0.454545,0.277778,
0.705882,0.833333,
0.740741,0.769231,
0.736842,0.555556,
0.5,0.352941,
0.727273,0.533333,
0.625,0.625,
0.647059,0.571429,
0.692308,0.478261,
0.590909,0.722222,
0.466667,0.583333,
0.625,0.576923,
0.666667,0.533333,
0.5,0.652174,
0.695652,0.695652,
0.807692,0.807692,
0.705882,0.8,
0.454545,0.416667,
0.809524,0.809524,
0.777778,0.56,
0.944444,0.772727,
0.851852,0.821429,
0.925926,0.8,
0.571429,0.652174,
0.466667,0.35,
0.75,0.761905,
0.636364,0.5,
0.36,0.28,
0.692308,0.642857,
0.6,0.5,
0.736842,0.714286,
0.809524,0.904762,
0.7,0.583333,
0.333333,0.428571,
0.666667,0.611111,
0.368421,0.411765,
0.736842,0.7,
0.277778,0.333333,
0.615385,0.470588,
0.4375,0.411765,
0.55,0.625,
0.5,0.461538,
0.785714,0.88,
0.5,0.388889,
0.533333,0.538462,
0.740741,0.678571,
0.56,0.7,
0.55,0.6875,
0.384615,0.416667,
0.857143,0.545455,
0.846154,0.631579,
0.363636,0.363636,
0.88,0.833333,
0.85,0.809524,
0.458333,0.5,
0.625,0.68,
0.47619,0.588235,
0.347826,0.388889,
0.588235,0.625,
0.26087,0.294118,
0.681818,0.833333,
0.611111,0.434783,
0.814815,0.758621,
0.892857,0.888889,
0.84,0.84,
0.607143,0.695652,
0.545455,0.65,
0.230769,0.3,
0.875,0.909091,
0.714286,0.95,
0.692308,0.714286,
0.863636,0.826087,
0.894737,0.73913,
0.352941,0.375,
0.65,0.8,
0.6,0.692308,
0.954545,0.777778,
0.684211,0.705882,
0.608696,0.684211,
0.5,0.692308,
0.538462,0.7,
0.666667,0.666667,
0.772727,0.947368,
0.307692,0.307692,
0.727273,0.652174,
0.73913,0.772727,
0.5,0.5625,
0.631579,0.764706,
0.4,0.5,
0.6,0.727273,
0.807692,0.909091,
0.772727,0.85,
1,0.833333,
0.791667,0.678571,
0.857143,0.772727,
0.5,0.642857,
0.733333,0.769231,
0.529412,0.36,
0.722222,0.684211,
0.666667,0.590909,
0.705882,0.684211,
0.761905,0.592593,
0.5,0.411765,
0.5,0.714286,
0.5,0.7,
0.791667,0.944444,
0.785714,0.55,
0.357143,0.416667,
0.833333,0.8,
0.352941,0.444444,
1,0.741935,
0.769231,0.916667,
0.7,0.777778,
0.818182,0.75,
0.681818,0.684211,
0.571429,0.478261,
0.846154,0.875,
0.791667,0.62069,
0.466667,0.4375,
0.470588,0.466667,
0.388889,0.4,
0.916667,0.846154,
0.75,0.571429,
0.5,0.588235,
0.809524,0.75,
0.521739,0.705882,
0.714286,0.666667,
0.851852,0.851852,
0.142857,0.0909091,
0.8,0.807692,
0.714286,0.642857,
0.764706,0.608696,
0.416667,0.416667,
0.5,0.5,
0.789474,0.823529,
0.583333,0.533333,
0.944444,0.888889,
0.833333,0.869565,
0.421053,0.4,
0.636364,0.5,
0.8,0.857143,
0.666667,0.727273,
0.368421,0.466667,
0.625,0.761905,
0.714286,0.875,
0.592593,0.73913,
0.846154,0.846154,
0.73913,0.809524,
0.464286,0.777778,
0.782609,0.894737,
0.736842,0.592593,
0.611111,0.846154,
0.333333,0.333333,
0.714286,0.782609,
0.352941,0.235294,
0.461538,0.375,
1,0.916667,
0.666667,0.72,
0.473684,0.642857,
0.833333,0.766667,
0.692308,0.708333,
0.818182,0.708333,
0.75,0.666667,
0.4375,0.5,
0.722222,0.8125,
0.538462,0.411765,
0.818182,0.782609,
0.785714,0.666667,
0.714286,0.761905,
0.666667,0.684211,
0.888889,0.72,
0.473684,0.473684,
0.76,0.857143,
0.785714,0.814815,
0.5,0.333333,
0.5625,0.45,
0.6,0.666667,
0.818182,0.73913,
0.733333,0.631579,
0.866667,0.619048,
0.823529,0.684211,
0.473684,0.642857,
0.615385,0.4,
0.545455,0.470588,
0.571429,0.666667,
0.888889,0.925926,
0.592593,0.64,
0.333333,0.5,
0.47619,0.666667,
0.727273,0.533333,
0.583333,0.461538,
0.407407,0.611111,
0.772727,0.62963,
0.642857,0.666667,
0.740741,0.730769,
0.470588,0.666667,
0.545455,0.375,
0.833333,0.791667,
0.647059,0.733333,
0.65,0.857143,
0.529412,0.529412,
0.47619,0.52381,
0.571429,0.411765,
0.647059,0.578947,
0.76,0.72,
0.833333,0.727273,
0.772727,0.85,
0.818182,0.894737,
0.48,0.619048,
0.727273,0.75,
0.5,0.375,
0.833333,0.714286,
0.4,0.666667,
0.689655,0.769231,
0.611111,0.545455,
0.777778,0.636364,
0.285714,0.25,
0.740741,0.833333,
0.916667,0.75,
0.588235,0.611111,
0.692308,0.529412,
0.666667,0.777778,
0.6,0.461538,
0.714286,0.75,
0.384615,0.416667,
0.681818,0.64,
0.909091,0.625,
0.666667,0.571429,
0.92,0.827586,
0.708333,0.818182,
0.6,0.5,
0.777778,0.807692,
0.588235,0.785714,
0.791667,0.791667,
0.647059,0.454545,
0.68,0.809524,
0.777778,0.863636,
0.64,0.789474,
0.944444,0.727273,
0.333333,0.444444,
0.785714,0.703704,
0.764706,0.608696,
0.8125,0.736842,
0.375,0.4375,
0.608696,0.583333,
0.75,0.73913,
0.6875,0.785714,
0.5625,0.555556,
0.608696,0.592593,
0.764706,0.583333,
0.647059,0.588235,
0.857143,0.772727,
0.692308,0.666667,
0.705882,0.8,
0.65,0.65,
0.590909,0.619048,
0.73913,0.75,
0.5,0.642857,
0.592593,0.727273,
0.380952,0.388889,
0.869565,0.8,
0.375,0.375,
0.631579,0.733333,
0.642857,0.642857,
0.818182,0.625,
0.625,0.818182,
0.73913,0.791667,
0.583333,0.571429,
0.647059,0.846154,
0.866667,0.65,
0.7,0.684211,
0.461538,0.6,
0.642857,0.529412,
0.538462,0.555556,
0.695652,0.681818,
0.615385,0.571429,
0.823529,0.777778,
0.5,0.666667,
0.576923,0.714286,
0.782609,0.714286,
0.6,0.777778,
0.857143,0.6,
0.772727,0.642857,
0.5,0.652174,
0.793103,0.958333,
0.736842,0.590909,
0.647059,0.733333,
0.666667,0.764706,
0.5,0.333333,
0.642857,0.785714,
0.619048,0.625,
0.529412,0.642857,
0.391304,0.533333,
0.884615,0.892857,
0.869565,0.826087,
0.6875,0.5,
0.727273,0.888889,
0.954545,0.92,
0.84,0.692308,
0.666667,0.666667,
0.588235,0.529412,
0.615385,0.818182,
0.55,0.47619,
0.73913,0.551724,
0.352941,0.333333,
0.764706,0.7,
0.4375,0.315789,
0.5,0.642857,
0.55,0.52381,
0.5,0.333333,
0.5,0.533333,
0.6,0.578947,
0.5,0.5625,
0.772727,0.73913,
0.823529,0.833333,
0.5625,0.52381,
0.764706,0.608696,
0.68,0.75,
0.6,0.5,
0.636364,0.4,
0.818182,0.612903,
0.666667,0.666667,
0.772727,0.809524,
0.863636,0.85,
0.793103,0.814815,
0.538462,0.576923,
0.684211,0.736842,
0.846154,0.916667,
0.846154,0.916667,
0.851852,0.851852,
0.529412,0.666667,
0.75,0.708333,
0.75,0.571429,
0.709677,0.793103,
0.5,0.785714,
0.708333,0.73913,
0.714286,0.636364,
0.714286,0.761905,
0.611111,0.666667,
0.714286,0.642857,
0.333333,0.411765,
0.666667,0.789474,
0.571429,0.533333,
0.388889,0.388889,
0.789474,0.789474,
0.666667,0.916667,
0.65,0.545455,
0.545455,0.461538,
0.619048,0.619048,
0.5,0.642857,
0.5,0.428571,
0.470588,0.470588,
0.642857,0.647059,
0.5,0.375,
0.6875,0.631579,
0.428571,0.533333,
0.85,0.64,
0.454545,0.333333,
0.583333,0.777778,
0.555556,0.642857,
0.5,0.4375,
0.807692,0.714286,
0.521739,0.666667,
0.789474,0.73913,
0.714286,0.789474,
0.47619,0.565217,
0.454545,0.454545,
0.421053,0.421053,
0.842105,0.615385,
0.333333,0.444444,
0.571429,0.4,
0.545455,0.5,
0.6,0.722222,
0.583333,0.727273,
0.555556,0.461538,
0.869565,0.75,
0.529412,0.529412,
0.772727,0.678571,
0.764706,0.684211,
0.5,0.625,
0.684211,0.607143,
0.5625,0.52381,
0.928571,0.764706,
0.894737,0.75,
0.5,0.526316,
0.481481,0.518519,
0.727273,0.615385,
0.642857,0.588235,
0.75,0.722222,
0.909091,0.769231,
0.52381,0.733333,
0.769231,0.785714,
0.421053,0.5,
0.608696,0.681818,
0.625,0.75,
0.84,0.84,
0.45,0.555556,
0.761905,0.653846,
0.68,0.772727,
0.875,0.875,
0.9,0.772727,
0.75,0.863636,
0.333333,0.384615,
0.705882,0.6,
0.8,0.666667,
0.642857,0.8,
0.714286,0.777778,
0.833333,0.714286,
0.166667,0.272727,
0.6875,0.647059,
0.888889,0.862069,
0.357143,0.416667,
0.72,0.703704,
0.823529,0.7,
0.84,0.84,
0.882353,0.882353,
0.538462,0.666667,
0.545455,0.428571,
0.833333,0.611111,
0.4375,0.388889,
0.821429,0.884615,
0.541667,0.538462,
0.625,0.578947,
0.588235,0.588235,
0.684211,0.733333,
0.5,0.44,
0.740741,1,
0.681818,0.777778,
0.5,0.473684,
0.769231,0.75,
0.73913,0.809524,
0.833333,0.75,
0.652174,0.615385,
0.642857,0.5625,
0.714286,0.576923,
0.4,0.428571,
0.842105,0.8,
0.545455,0.428571,
0.578947,0.785714,
0.846154,0.923077,
0.647059,0.785714,
0.333333,0.454545,
0.421053,0.470588,
0.777778,0.75,
0.823529,0.7,
0.481481,0.535714,
0.272727,0.333333,
0.2,0.181818,
0.833333,0.681818,
0.461538,0.333333,
0.782609,0.818182,
0.785714,0.733333,
0.777778,0.84,
0.636364,0.5,
0.814815,0.75,
0.588235,0.625,
0.307692,0.285714,
0.4,0.411765,
0.55,0.571429,
0.684211,0.866667,
0.73913,0.882353,
0.733333,0.647059,
0.538462,0.5,
0.633333,0.947368,
0.482759,0.551724,
0.8,0.84,
0.736842,0.823529,
0.642857,0.714286,
0.6,0.772727,
0.545455,0.545455,
0.636364,0.684211,
0.666667,0.666667,
0.75,0.75,
0.8125,0.722222,
0.285714,0.363636,
0.576923,0.615385,
0.65,0.590909,
0.733333,0.846154,
0.592593,0.695652,
0.666667,0.733333,
0.538462,0.411765,
0.882353,0.75,
0.647059,0.6875,
0.842105,0.653846,
0.416667,0.454545,
0.615385,0.4375,
0.526316,0.529412,
0.714286,0.611111,
0.526316,0.769231,
0.631579,0.478261,
0.823529,0.583333,
0.352941,0.466667,
0.68,0.64,
0.5,0.5,
0.814815,0.785714,
0.833333,0.714286,
0.695652,0.7,
0.769231,0.863636,
0.772727,0.73913,
0.571429,0.647059,
0.590909,0.666667,
0.5,0.7,
0.789474,0.8125,
0.538462,0.736842,
0.529412,0.571429,
0.411765,0.615385,
0.533333,0.615385,
0.5,0.6875,
1,1,
0.714286,0.722222,
0.814815,0.851852,
0.588235,0.45,
0.714286,0.928571,
0.545455,0.352941,
0.818182,0.857143,
0.68,0.8,
0.642857,0.5625,
0.733333,0.578947,
0.769231,0.769231,
0.9375,0.875,
0.56,0.684211,
0.740741,0.863636,
0.615385,0.466667,
0.6,0.666667,
0.47619,0.434783,
0.4,0.25,
0.689655,0.863636,
0.44,0.4,
0.586207,0.6,
0.5,0.636364,
0.625,0.75,
0.5,0.391304,
0.913043,0.724138,
0.782609,0.818182,
0.333333,0.428571,
0.789474,0.62963,
0.5,0.608696,
0.607143,0.724138,
0.714286,0.76,
0.764706,0.722222,
0.470588,0.538462,
0.85,0.68,
0.555556,0.625,
0.428571,0.4,
0.727273,0.789474,
0.833333,0.9,
0.625,0.631579,
0.6,0.818182,
0.3125,0.235294,
0.576923,0.571429,
0.833333,0.761905,
0.454545,0.5,
0.3,0.333333,
0.52381,0.619048,
0.466667,0.583333,
0.588235,0.588235,
0.473684,0.5,
0.740741,0.833333,
0.740741,0.8,
0.647059,0.611111,
0.75,0.789474,
0.421053,0.4375,
0.689655,0.769231,
0.625,0.681818,
0.461538,0.352941,
0.772727,0.772727,
0.48,0.5,
0.875,0.714286,
0.357143,0.5,
0.583333,0.538462,
0.5,0.55,
0.75,0.875,
0.631579,0.705882,
0.625,0.529412,
0.692308,0.857143,
0.6,0.6,
0.777778,0.607143,
0.647059,0.611111,
0.409091,0.5,
0.5,0.5,
0.84,0.826087,
0.666667,0.47619,
0.611111,0.470588,
0.647059,0.578947,
0.578947,0.578947,
0.740741,0.666667,
0.88,0.84,
0.416667,0.5,
0.826087,0.947368,
0.5,0.615385,
0.666667,0.6875,
0.681818,0.857143,
0.315789,0.4375,
0.909091,0.833333,
0.75,0.75,
0.75,0.833333,
0.347826,0.444444,
0.388889,0.375,
0.611111,0.45,
0.64,0.8,
0.695652,0.73913,
0.411765,0.466667,
0.625,0.6875,
0.521739,0.631579,
0.588235,0.52381,
0.869565,0.875,
0.521739,0.619048,
0.769231,0.75,
0.59375,0.782609,
0.619048,0.6,
0.411765,0.714286,
0.791667,0.833333,
0.72,0.904762,
0.5,0.625,
0.428571,0.384615,
0.8,0.708333,
0.703704,0.904762,
0.722222,0.636364,
0.8,0.882353,
0.4375,0.5,
0.521739,0.8125,
0.666667,0.789474,
0.761905,0.653846,
0.631579,0.666667,
0.8,0.607143,
0.625,0.714286,
0.692308,0.5625,
0.823529,0.777778,
0.444444,0.666667,
0.583333,0.636364,
0.666667,0.533333,
0.642857,0.47619,
0.352941,0.466667,
0.64,0.833333,
0.875,0.913043,
0.875,0.75,
0.954545,0.785714,
0.6,0.625,
0.892857,0.888889,
0.5,0.722222,
0.6,0.55,
0.5,0.375,
0.5625,0.5,
0.466667,0.615385,
0.692308,0.782609,
0.823529,0.666667,
0.615385,0.692308,
0.4,0.4,
0.294118,0.357143,
0.772727,0.826087,
0.68,0.8,
0.56,0.777778,
0.8125,0.736842,
0.5,0.625,
0.72,0.894737,
0.631579,0.785714,
0.466667,0.583333,
0.375,0.272727,
0.857143,0.590909,
0.782609,0.809524,
0.666667,0.916667,
0.727273,0.444444,
0.615385,0.4375,
0.272727,0.375,
0.857143,0.772727,
0.866667,0.7,
0.615385,0.466667,
0.5,0.636364,
0.764706,0.722222,
0.5,0.444444,
0.615385,0.535714,
0.526316,0.578947,
0.833333,0.75,
0.791667,0.833333,
0.653846,0.666667,
0.740741,0.952381,
0.615385,0.7,
0.55,0.631579,
0.368421,0.4375,
0.307692,0.4,
0.615385,0.736842,
0.411765,0.4375,
0.5,0.521739,
0.6,0.52381,
0.684211,0.923077,
0.538462,0.571429,
0.538462,0.636364,
0.772727,0.708333,
0.631579,0.75,
0.8,0.631579,
0.478261,0.588235,
0.72,0.62963,
0.625,0.625,
0.428571,0.5,
1,0.857143,
0.384615,0.428571,
0.84,0.777778,
0.85,0.75,
0.681818,0.76,
0.72,0.842105,
0.5625,0.642857,
0.461538,0.481481,
0.769231,0.904762,
0.863636,0.818182,
0.538462,0.466667,
0.782609,0.772727,
0.7,0.857143,
0.6875,0.75,
0.789474,0.592593,
0.653846,0.538462,
0.7,0.692308,
0.538462,0.4,
0.555556,0.647059,
0.571429,0.4375,
0.782609,0.655172,
0.619048,0.705882,
0.9,0.818182,
0.666667,0.6,
0.636364,0.4375,
0.714286,0.6875,
0.653846,0.695652,
0.461538,0.375,
0.619048,0.8,
0.625,0.684211,
0.666667,0.583333,
0.772727,0.73913,
0.588235,0.666667,
0.777778,0.777778,
0.84,0.913043,
0.789474,0.590909,
0.857143,0.722222,
0.7,0.583333,
0.647059,0.5,
0.761905,0.842105,
0.607143,0.607143,
0.857143,0.48,
0.526316,0.769231,
0.8,0.833333,
0.88,0.846154,
0.611111,0.722222,
0.692308,0.529412,
0.653846,0.75,
0.772727,0.727273,
0.95,0.76,
0.85,0.666667,
0.941176,0.73913,
0.695652,0.9375,
0.764706,0.684211,
0.428571,0.416667,
0.789474,0.518519,
0.842105,0.727273,
0.181818,0.2,
0.421053,0.692308,
0.8125,0.652174,
0.5,0.571429,
0.5,0.428571,
0.619048,0.736842,
0.444444,0.533333,
0.636364,0.619048,
0.611111,0.769231,
0.411765,0.461538,
0.571429,0.571429,
0.533333,0.482759,
0.695652,0.842105,
0.869565,0.904762,
0.625,0.681818,
0.642857,0.611111,
0.571429,0.444444,
0.692308,0.857143,
0.4,0.4,
0.72,0.947368,
0.444444,0.615385,
0.583333,0.533333,
0.571429,0.652174,
0.869565,0.814815,
0.555556,0.75,
0.521739,0.6875,
0.888889,0.772727,
0.8,0.777778,
0.636364,0.481481,
0.5,0.75,
0.285714,0.5,
0.8,0.6,
0.75,0.631579,
0.76,0.833333,
0.866667,0.619048,
0.692308,0.642857,
0.88,0.814815,
0.666667,0.789474,
0.833333,0.769231,
0.571429,0.411765,
0.625,0.714286,
1,0.730769,
0.761905,0.62963,
0.615385,0.615385,
0.789474,0.933333,
0.611111,0.611111,
0.470588,0.5,
0.571429,0.571429,
0.875,0.608696,
0.842105,0.9,
0.565217,0.64,
0.590909,0.619048,
0.411765,0.571429,
0.931034,0.833333,
0.84,0.807692,
0.6,0.65,
0.714286,0.5,
0.607143,0.75,
0.545455,0.538462,
0.724138,0.833333,
0.48,0.37037,
0.6,0.576923,
0.65,0.705882,
0.466667,0.583333,
0.666667,0.875,
0.565217,0.777778,
0.583333,0.368421,
0.791667,0.8,
0.5,0.5,
0.666667,0.928571,
0.48,0.6,
0.695652,0.652174,
0.782609,0.818182,
0.722222,0.684211,
0.769231,0.833333,
0.8,0.722222,
0.368421,0.538462,
0.608696,0.6,
0.470588,0.5625,
0.4,0.375,
0.5,0.384615,
0.666667,0.75,
0.789474,0.555556,
0.571429,0.681818,
0.64,0.666667,
0.529412,0.75,
0.578947,0.392857,
0.869565,0.826087,
0.714286,0.576923,
0.857143,0.857143,
0.571429,0.727273,
0.4375,0.4375,
0.818182,0.72,
0.454545,0.5,
0.375,0.357143,
0.736842,0.866667,
0.807692,0.95,
0.416667,0.5,
0.380952,0.642857,
0.555556,0.6,
0.666667,0.823529,
0.64,0.875,
0.571429,0.636364,
0.823529,0.944444,
0.294118,0.333333,
0.416667,0.545455,
0.478261,0.684211,
0.851852,0.785714,
0.769231,0.782609,
0.625,0.529412,
0.863636,0.714286,
0.666667,0.545455,
0.705882,0.8,
0.551724,0.62069,
0.592593,0.842105,
0.454545,0.454545,
0.444444,0.571429,
0.588235,0.611111,
0.714286,0.611111,
0.866667,0.8125,
0.892857,0.827586,
0.695652,0.642857,
0.882353,0.823529,
0.764706,0.6,
0.375,0.428571,
0.444444,0.583333,
0.521739,0.555556,
0.521739,0.521739,
0.416667,0.222222,
0.7,0.75,
0.5,0.461538,
0.3,0.2,
0.833333,0.923077,
0.285714,0.285714,
0.363636,0.444444,
0.541667,0.5,
0.666667,0.777778,
0.5625,0.727273,
0.705882,0.695652,
0.6875,0.590909,
0.666667,0.454545,
0.714286,0.55,
0.7,0.590909,
0.428571,0.521739,
0.75,0.833333,
0.615385,0.727273,
0.5,0.545455,
0.52381,0.52381,
0.833333,0.75,
0.944444,0.708333,
0.851852,0.888889,
0.384615,0.416667,
0.5,0.375,
0.92,0.92,
0.826087,0.75,
0.384615,0.3125,
0.666667,0.631579,
0.4,0.411765,
0.333333,0.454545,
0.5,0.363636,
0.666667,0.933333,
0.294118,0.5,
0.740741,0.875,
0.352941,0.428571,
0.695652,0.576923,
0.615385,0.727273,
0.647059,0.6875,
0.533333,0.615385,
0.571429,0.55,
0.458333,0.611111,
0.782609,0.947368,
0.730769,0.730769,
0.791667,0.9,
0.764706,0.684211,
0.411765,0.466667,
0.483871,0.636364,
0.761905,0.695652,
0.8,0.703704,
0.761905,0.8,
0.5,0.705882,
0.65,0.636364,
0.5,0.666667,
0.571429,0.631579,
0.533333,0.421053,
0.833333,0.833333,
0.5,0.75,
0.896552,0.862069,
0.62963,0.736842,
0.857143,0.769231,
0.724138,1,
0.75,0.615385,
0.368421,0.388889,
0.666667,0.55,
0.454545,0.3125,
0.607143,0.73913,
0.857143,0.84,
0.529412,0.428571,
0.666667,0.888889,
0.352941,0.5,
0.409091,0.6,
0.666667,0.615385,
0.636364,0.8125,
0.7,0.7,
0.65,0.47619,
0.88,0.833333,
0.75,0.740741,
0.6875,0.6875,
0.769231,0.6,
0.6875,0.611111,
0.777778,0.8125,
0.4,0.5625,
0.857143,0.72,
0.909091,0.8,
0.821429,0.851852,
0.653846,0.714286,
0.578947,0.6875,
0.75,0.782609,
0.5,0.526316,
0.695652,0.85,
0.653846,0.888889,
0.772727,0.761905,
0.727273,0.5,
0.5,0.545455,
0.652174,0.736842,
0.521739,0.9375,
0.375,0.545455,
0.75,0.684211,
0.583333,0.5,
0.72,0.653846,
0.47619,0.6,
0.590909,0.636364,
0.454545,0.384615,
0.48,0.481481,
0.333333,0.352941,
0.785714,0.884615,
0.941176,0.772727,
0.5,0.615385,
0.454545,0.409091,
0.923077,0.923077,
0.666667,0.444444,
0.55,0.555556,
0.714286,1,
0.571429,0.470588,
0.892857,0.857143,
0.384615,0.416667,
0.75,0.631579,
0.363636,0.363636,
0.65,0.590909,
0.583333,0.727273,
0.538462,0.411765,
0.5,0.380952,
0.461538,0.461538,
0.7,0.823529,
0.75,0.75,
0.5,0.533333,
0.6875,0.692308,
0.692308,0.888889,
0.5,0.666667,
0.428571,0.5,
0.608696,0.736842,
0.470588,0.473684,
0.4375,0.5,
0.791667,0.703704,
0.684211,0.65,
0.625,0.625,
0.551724,0.571429,
0.461538,0.666667,
0.833333,0.736842,
0.833333,0.857143,
0.714286,0.625,
0.916667,0.821429,
0.3125,0.357143,
0.925926,0.925926,
0.88,0.857143,
0.84,0.821429,
0.619048,0.6,
0.551724,0.625,
0.647059,0.666667,
0.615385,0.470588,
0.842105,0.62963,
0.6,0.4,
0.689655,0.952381,
0.857143,0.851852,
0.692308,0.5,
0.5,0.368421,
0.608696,0.933333,
0.75,0.615385,
0.631579,0.576923,
0.529412,0.533333,
0.84,0.84,
0.615385,0.894737,
0.277778,0.368421,
0.578947,0.666667,
0.863636,0.846154,
0.55,0.666667,
0.75,0.68,
0.583333,0.5,
0.6,0.375,
0.538462,0.4,
0.827586,0.892857,
0.5,0.428571,
0.708333,0.85,
0.272727,0.333333,
0.416667,0.454545,
0.4,0.545455,
0.5,0.4,
0.681818,0.777778,
0.8,0.833333,
0.703704,0.703704,
0.529412,0.846154,
0.473684,0.526316,
0.25,0.285714,
0.625,0.454545,
0.708333,0.772727,
0.714286,0.727273,
0.821429,0.846154,
0.642857,0.692308,
0.588235,0.8125,
0.545455,0.461538,
0.9,0.826087,
0.588235,0.625,
0.882353,0.615385,
0.8,0.941176,
0.666667,0.823529,
0.833333,0.75,
0.851852,0.846154,
0.5,0.5,
0.722222,0.647059,
0.833333,0.809524,
0.851852,0.884615,
0.481481,0.777778,
0.8,0.695652,
0.740741,0.95,
0.72,0.85,
0.545455,0.545455,
0.368421,0.466667,
0.851852,0.8,
0.76,0.826087,
0.363636,0.470588,
0.578947,0.555556,
0.363636,0.333333,
0.882353,0.681818,
0.529412,0.5625,
0.625,0.625,
0.722222,0.8,
0.869565,0.8,
0.470588,0.615385,
0.333333,0.333333,
0.55,0.6875,
0.866667,0.722222,
0.777778,1,
0.545455,0.666667,
0.5,0.391304,
0.692308,0.944444,
0.941176,0.772727,
0.827586,0.862069,
0.8125,0.619048,
0.947368,0.666667,
0.818182,0.782609,
0.666667,0.7,
0.642857,0.791667,
0.473684,0.5,
0.470588,0.526316,
0.473684,0.625,
0.761905,0.888889,
1,0.8,
0.666667,0.736842,
0.666667,0.833333,
0.473684,0.666667,
0.636364,0.615385,
0.642857,0.533333,
0.541667,0.722222,
0.571429,0.5625,
0.428571,0.6,
0.5,0.44,
0.708333,0.666667,
0.333333,0.4,
0.705882,0.52381,
0.8,0.75,
0.666667,0.866667,
0.7,0.583333,
0.4,0.4375,
0.608696,0.541667,
0.56,0.565217,
0.538462,0.421053,
0.894737,0.772727,
0.666667,0.652174,
0.647059,0.588235,
0.444444,0.571429,
0.4375,0.5,
0.571429,0.538462,
0.666667,0.75,
0.933333,0.666667,
0.857143,0.578947,
0.714286,0.625,
0.5,0.5,
0.545455,0.583333,
0.631579,0.571429,
0.807692,0.814815,
0.684211,0.52,
0.454545,0.3125,
0.941176,0.809524,
0.703704,0.833333,
0.666667,0.722222,
0.4,0.461538,
0.684211,0.481481,
0.545455,0.6,
0.272727,0.428571,
0.533333,0.5,
0.904762,0.777778,
0.766667,0.766667,
0.625,0.636364,
0.588235,0.5,
0.863636,0.863636,
0.736842,0.823529,
0.55,0.55,
0.555556,0.555556,
0.866667,0.619048,
0.645161,0.833333,
0.416667,0.409091,
0.75,0.6,
0.8,0.9375,
0.578947,0.6875,
0.625,0.541667,
0.375,0.315789,
0.285714,0.307692,
0.8,0.869565,
0.695652,0.761905,
0.75,0.894737,
0.529412,0.533333,
0.533333,0.5,
0.761905,0.842105,
0.642857,0.555556,
0.857143,0.708333,
0.708333,0.777778,
0.517241,0.466667,
0.444444,0.5,
0.409091,0.5625,
0.904762,0.777778,
0.607143,0.666667,
0.48,0.6,
0.380952,0.571429,
0.647059,0.52381,
0.478261,0.6,
0.826087,0.869565,
0.736842,0.727273,
0.538462,0.736842,
0.555556,0.789474,
0.6,0.529412,
0.625,0.588235,
0.703704,0.818182,
0.857143,0.619048,
0.6,0.785714,
0.695652,0.9375,
1,0.807692,
0.590909,0.75,
0.375,0.6,
0.571429,0.571429,
0.764706,0.583333,
0.818182,0.689655,
0.5625,0.45,
0.777778,0.8125,
0.588235,0.666667,
0.428571,0.5,
0.6,0.75,
0.772727,0.68,
0.772727,0.818182,
0.708333,0.75,
0.458333,0.538462,
0.851852,0.851852,
0.4,0.428571,
0.6,0.818182,
0.5,0.526316,
0.607143,0.642857,
0.68,0.703704,
0.869565,0.703704,
0.708333,0.727273,
0.85,0.85,
0.692308,0.894737,
0.470588,0.466667,
0.571429,0.714286,
0.857143,0.703704,
0.6,0.4375,
0.470588,0.421053,
0.583333,0.538462,
0.6,0.545455,
0.894737,0.62963,
0.777778,0.652174,
0.821429,0.857143,
0.5,0.692308,
0.736842,0.714286,
0.588235,0.647059,
0.722222,0.65,
0.84,0.791667,
0.894737,0.607143,
0.625,0.714286,
0.625,0.535714,
0.25,0.285714,
0.555556,0.461538,
0.833333,0.941176,
0.473684,0.642857,
0.708333,0.894737,
0.84,0.952381,
0.818182,0.8,
0.545455,0.545455,
0.6,0.461538,
0.5,0.7,
0.666667,0.692308,
0.703704,0.695652,
0.590909,0.75,
0.607143,0.586207,
0.611111,0.769231,
0.666667,0.705882,
0.823529,0.8,
0.72,0.68,
0.615385,0.5,
0.636364,0.764706,
0.791667,0.814815,
0.636364,0.8125,
0.8,0.607143,
0.478261,0.478261,
0.428571,0.5,
0.5,0.454545,
0.782609,0.826087,
0.7,0.6,
0.791667,0.782609,
0.636364,0.615385,
0.6,0.555556,
0.357143,0.5,
0.833333,0.740741,
0.7,0.764706,
0.588235,0.75,
0.705882,0.666667,
0.538462,0.538462,
0.761905,0.8,
0.666667,0.6,
0.478261,0.6875,
0.678571,0.76,
0.6,0.692308,
0.538462,0.533333,
0.791667,0.826087,
0.904762,0.833333,
0.703704,0.714286,
0.95,0.730769,
0.733333,0.733333,
0.5,0.8,
0.571429,0.666667,
0.4375,0.615385,
0.947368,0.8,
0.833333,0.8,
0.461538,0.52381,
0.875,0.785714,
0.3,0.5,
0.807692,0.75,
1,0.888889,
0.722222,0.590909,
0.6,0.714286,
0.75,0.761905,
0.818182,0.888889,
0.791667,0.857143,
0.545455,0.6,
0.764706,0.714286,
0.7,0.75,
0.294118,0.333333,
0.571429,0.666667,
0.72,0.772727,
0.642857,0.529412,
0.615385,0.444444,
0.782609,0.740741,
0.809524,0.769231,
0.708333,0.894737,
0.611111,0.578947,
0.782609,0.75,
0.782609,0.714286,
0.473684,0.6,
0.695652,0.692308,
0.666667,0.611111,
0.388889,0.368421,
0.642857,0.769231,
0.5,0.4375,
0.6,0.666667,
0.941176,0.64,
0.555556,0.461538,
0.428571,0.428571,
0.96,0.96,
0.642857,0.692308,
0.576923,0.625,
0.55,0.590909,
0.4,0.461538,
0.368421,0.470588,
0.791667,0.791667,
0.913043,0.807692,
0.65,0.611111,
0.636364,0.5,
0.846154,0.705882,
0.611111,0.5,
0.681818,0.75,
0.833333,0.833333,
0.772727,0.888889,
0.761905,0.714286,
0.8,0.76,
0.76,0.76,
0.769231,0.833333,
0.740741,0.75,
0.545455,0.714286,
0.461538,0.294118,
0.888889,0.851852,
0.421053,0.571429,
0.6,0.461538,
0.466667,0.545455,
0.642857,0.642857,
0.357143,0.3125,
0.461538,0.6,
0.758621,0.814815,
0.75,0.846154,
0.636364,0.4375,
0.375,0.4,
0.7,0.652174,
0.583333,0.583333,
0.647059,0.55,
0.5,0.583333,
0.681818,0.551724,
0.72,0.85,
0.583333,0.5,
0.482759,0.482759,
0.827586,0.888889,
0.666667,0.521739,
1,0.740741,
0.695652,0.592593,
0.75,0.565217,
0.421053,0.5625,
0.764706,0.458333,
0.535714,0.592593,
0.789474,0.608696,
0.5,0.684211,
0.44,0.413793,
0.538462,0.7,
0.791667,0.863636,
0.434783,0.5,
0.5625,0.444444,
0.526316,0.578947,
0.647059,0.5,
0.5,0.6,
0.75,0.809524,
0.85,0.708333,
0.555556,0.478261,
0.6,0.5,
0.666667,0.571429,
0.95,0.76,
0.6,0.526316,
0.846154,0.84,
0.68,0.727273,
0.5,0.5,
0.368421,0.461538,
0.789474,0.615385,
0.428571,0.333333,
0.588235,0.705882,
0.583333,0.736842,
0.304348,0.368421,
0.8125,0.590909,
0.733333,0.631579,
0.7,0.875,
0.357143,0.444444,
0.458333,0.5,
0.555556,0.52381,
0.727273,0.655172,
0.5625,0.642857,
0.545455,0.375,
0.782609,0.73913,
0.555556,0.6,
0.772727,0.666667,
0.285714,0.235294,
0.833333,0.666667,
0.466667,0.411765,
1,0.75,
0.5,0.705882,
0.846154,0.75,
0.666667,0.526316,
0.807692,0.84,
0.8,0.740741,
0.473684,0.555556,
0.6,0.555556,
0.6,0.529412,
0.904762,0.857143,
0.647059,0.5,
0.642857,0.75,
0.826087,0.833333,
0.884615,0.884615,
0.75,0.64,
0.833333,0.714286,
0.416667,0.3125,
0.47619,0.666667,
0.5,0.583333,
0.772727,0.944444,
0.619048,0.764706,
0.833333,0.590909,
0.821429,0.785714,
0.8,0.777778,
0.913043,0.807692,
0.636364,0.583333,
1,0.769231,
0.5,0.526316,
0.772727,0.703704,
0.466667,0.5,
0.692308,0.666667,
0.571429,0.692308,
0.92,0.846154,
0.684211,0.5,
0.666667,0.428571,
0.454545,0.5,
0.72,0.894737,
0.6875,0.789474,
0.727273,0.653846,
0.5,0.692308,
0.95,0.791667,
0.45,0.642857,
0.642857,0.684211,
0.851852,1,
0.571429,0.473684,
0.789474,0.714286,
0.608696,0.764706,
0.608696,0.722222,
0.375,0.375,
0.5,0.363636,
0.416667,0.454545,
0.826087,0.782609,
0.416667,0.5,
0.6,0.666667,
0.588235,0.588235,
0.541667,0.666667,
0.466667,0.583333,
0.846154,0.884615,
0.692308,0.692308,
0.48,0.461538,
0.352941,0.5,
0.681818,0.789474,
1,0.714286,
0.615385,0.625,
0.75,0.705882,
0.85,0.653846,
0.5,0.470588,
0.428571,0.52381,
0.636364,0.466667,
0.521739,0.545455,
0.789474,0.714286,
0.5,0.5,
0.571429,0.625,
0.652174,0.764706,
0.818182,0.6,
0.8,0.769231,
1,0.666667,
0.5,0.636364,
0.538462,0.7,
0.636364,0.538462,
0.538462,0.545455,
0.583333,0.684211,
0.666667,0.875,
0.785714,0.740741,
0.73913,0.888889,
0.777778,0.538462,
0.782609,0.818182,
0.5,0.35,
0.611111,0.647059,
0.791667,0.842105,
0.636364,0.608696,
0.571429,0.583333,
0.526316,0.611111,
0.814815,0.909091,
0.428571,0.407407,
0.565217,0.684211,
0.785714,0.869565,
0.647059,0.684211,
0.52381,0.555556,
0.625,0.625,
0.411765,0.538462,
0.466667,0.571429,
0.8,0.7,
0.631579,0.785714,
0.769231,0.863636,
0.615385,0.571429,
0.642857,0.52381,
0.6,0.47619,
0.470588,0.380952,
0.8,0.807692,
0.851852,0.851852,
0.545455,0.461538,
0.608696,0.571429,
0.578947,0.6875,
0.842105,0.882353,
0.944444,0.75,
0.75,0.818182,
0.555556,0.611111,
0.318182,0.5,
0.444444,0.411765,
0.789474,0.75,
0.761905,0.882353,
0.8,0.6,
0.5,0.5,
0.5625,0.5625,
0.75,0.642857,
0.333333,0.411765,
0.454545,0.454545,
0.666667,0.555556,
0.416667,0.555556,
0.607143,0.666667,
0.833333,0.933333,
0.461538,0.5,
0.409091,0.666667,
0.692308,0.909091,
0.5,0.52,
0.769231,0.588235,
0.823529,0.75,
0.708333,0.68,
0.72,0.947368,
0.636364,0.64,
0.636364,0.5,
0.611111,0.611111,
0.416667,0.5,
0.777778,0.875,
0.73913,0.85,
0.5,0.416667,
0.592593,0.6,
0.791667,0.730769,
0.538462,0.529412,
0.611111,0.846154,
0.85,0.818182,
0.75,0.72,
0.722222,0.571429,
0.571429,0.444444,
0.571429,0.8,
0.473684,0.529412,
0.454545,0.5,
0.692308,0.45,
0.466667,0.5,
0.761905,0.842105,
0.818182,0.772727,
0.521739,0.722222,
0.47619,0.578947,
0.714286,0.857143,
0.730769,0.863636,
0.68,0.730769,
0.583333,0.636364,
0.636364,0.722222,
0.827586,0.857143,
0.333333,0.333333,
0.772727,0.73913,
0.95,0.703704,
0.588235,0.5,
0.586207,0.888889,
0.714286,0.714286,
0.8125,0.590909,
0.428571,0.375,
0.714286,0.583333,
0.72,0.65625,
0.416667,0.45,
0.6875,0.5,
0.611111,0.785714,
0.444444,0.571429,
0.3125,0.333333,
0.6,0.736842,
0.631579,0.6,
0.869565,0.92,
0.894737,0.75,
0.73913,0.692308,
0.444444,0.444444,
0.3125,0.333333,
0.933333,0.722222,
0.882353,0.772727,
0.777778,0.6,
0.846154,0.84,
0.434783,0.578947,
0.636364,0.583333,
0.428571,0.6,
0.846154,0.846154,
0.956522,0.88,
0.590909,0.583333,
0.642857,0.692308,
0.411765,0.4,
0.607143,0.636364,
0.7,0.8125,
0.933333,0.681818,
0.705882,0.666667,
0.607143,0.642857,
0.631579,0.6875,
0.565217,0.65,
0.952381,0.730769,
0.538462,0.695652,
0.5,0.733333,
0.461538,0.428571,
0.611111,0.769231,
0.8,0.882353,
0.714286,0.47619,
0.888889,0.727273,
0.73913,0.727273,
0.833333,0.8,
0.857143,0.76,
0.789474,0.619048,
0.5,0.642857,
0.416667,0.357143,
0.590909,0.75,
0.761905,0.652174,
0.375,0.272727,
0.68,0.615385,
0.714286,0.952381,
0.636364,0.8125,
0.6,0.777778,
0.913043,0.769231,
0.84,0.869565,
0.454545,0.454545,
0.833333,0.869565,
0.6875,0.52381,
0.454545,0.625,
0.761905,0.652174,
0.818182,0.5625,
0.9,0.692308,
0.9,0.76,
0.434783,0.625,
0.666667,0.526316,
0.793103,0.821429,
0.8,0.869565,
0.75,0.684211,
0.5,0.529412,
0.466667,0.4375,
0.842105,0.695652,
0.466667,0.368421,
0.833333,0.740741,
0.52,0.48,
0.529412,0.529412,
0.25,0.363636,
0.777778,0.625,
0.73913,0.655172,
0.944444,0.8,
0.571429,0.571429,
0.470588,0.533333,
0.4,0.545455,
0.823529,0.727273,
0.681818,0.583333,
0.588235,0.555556,
0.846154,0.869565,
0.740741,0.833333,
0.5,0.3125,
0.55,0.6875,
0.741935,0.814815,
0.3,0.272727,
0.9375,0.826087,
0.416667,0.454545,
0.518519,0.608696,
0.608696,0.933333,
0.705882,0.8,
0.833333,0.862069,
0.607143,0.772727,
0.84,0.947368,
0.47619,0.647059,
0.5,0.611111,
0.4,0.428571,
0.454545,0.416667,
0.73913,0.826087,
0.466667,0.411765,
0.892857,0.862069,
0.75,0.75,
0.866667,0.681818,
0.64,0.727273,
0.44,0.434783,
0.368421,0.421053,
0.909091,0.75,
0.526316,0.733333,
0.916667,0.821429,
0.5,0.444444,
0.894737,0.772727,
0.833333,0.615385,
0.642857,0.526316,
0.75,0.625,
0.857143,0.73913,
0.928571,0.7,
0.73913,0.75,
0.727273,0.615385,
0.782609,0.818182,
0.642857,0.76,
0.692308,0.6,
0.6,0.875,
0.428571,0.466667,
0.411765,0.5,
0.727273,0.727273,
0.705882,0.571429,
0.6875,0.521739,
0.730769,0.714286,
0.52381,0.714286,
0.529412,0.5,
0.75,0.875,
0.714286,0.588235,
0.538462,0.368421,
0.55,0.578947,
0.578947,0.785714,
0.642857,0.6,
0.428571,0.333333,
0.642857,0.75,
0.75,0.631579,
0.466667,0.388889,
0.45,0.5,
0.555556,0.555556,
0.791667,0.826087,
0.363636,0.333333,
0.592593,0.592593,
0.692308,0.5,
0.529412,0.571429,
0.923077,0.7,
0.777778,0.75,
0.615385,0.692308,
0.65,0.722222,
0.631579,0.545455,
0.8,0.96,
0.5,0.615385,
0.571429,0.4375,
0.545455,0.5,
0.52381,0.75,
0.793103,0.884615,
0.56,0.6,
0.526316,0.5,
0.521739,0.6,
0.461538,0.6,
0.52381,0.521739,
0.5,0.470588,
0.4,0.5,
0.6875,0.541667,
0.411765,0.545455,
0.478261,0.555556,
0.642857,0.791667,
0.6,0.68,
0.909091,0.75,
0.5,0.4375,
0.740741,0.777778,
0.533333,0.411765,
0.882353,0.73913,
0.615385,0.538462,
0.4,0.545455,
0.65,0.545455,
0.555556,0.434783,
0.714286,0.454545,
0.409091,0.5625,
0.545455,0.458333,
0.952381,0.952381,
0.6875,0.642857,
0.777778,0.869565,
0.384615,0.545455,
0.444444,0.444444,
0.181818,0.222222,
0.5,0.5,
0.466667,0.583333,
0.411765,0.454545,
0.666667,0.666667,
0.833333,0.592593,
0.625,0.8125,
0.583333,0.352941,
0.652174,0.73913,
0.863636,0.782609,
0.538462,0.583333,
0.625,0.615385,
0.578947,0.666667,
0.8,0.73913,
0.545455,0.8125,
0.8,0.592593,
0.909091,0.869565,
0.740741,0.869565,
0.681818,0.625,
0.884615,0.88,
0.6,0.666667,
0.526316,0.769231,
0.714286,0.625,
0.705882,0.631579,
0.866667,0.736842,
0.533333,0.592593,
0.722222,0.56,
0.541667,0.565217,
0.6,0.5,
0.555556,0.454545,
0.652174,0.636364,
0.4,0.384615,
0.565217,0.764706,
0.75,0.68,
0.791667,0.85,
0.608696,0.631579,
0.666667,0.615385,
0.652174,0.636364,
0.736842,0.571429,
0.615385,0.411765,
0.863636,0.703704,
0.777778,0.807692,
0.526316,0.454545,
0.470588,0.529412,
0.727273,0.8,
0.678571,0.76,
0.545455,0.666667,
0.863636,0.642857,
0.357143,0.4,
0.714286,0.555556,
0.625,0.666667,
0.55,0.55,
0.571429,0.52,
0.428571,0.461538,
0.7,0.653846,
0.631579,0.52381,
0.470588,0.533333,
0.827586,0.862069,
0.928571,0.571429,
0.6,0.631579,
0.6,0.75,
0.793103,0.88,
0.8,0.740741,
0.6,0.607143,
0.571429,0.5,
0.75,0.75,
0.857143,0.631579,
0.875,0.75,
0.678571,0.857143,
0.631579,0.541667,
0.85,0.62963,
0.529412,0.5625,
0.533333,0.47619,
0.428571,0.5,
0.807692,0.84,
0.5625,0.642857,
0.421053,0.444444,
0.666667,0.571429,
0.708333,0.772727,
0.6,0.545455,
0.684211,0.6,
0.555556,0.416667,
0.84,0.821429,
0.758621,0.88,
0.571429,0.615385,
0.857143,0.666667,
0.466667,0.4375,
0.428571,0.428571,
0.625,0.833333,
0.789474,0.7,
1,0.689655,
1,1,
0.6,0.8125,
0.541667,0.764706,
0.714286,0.5,
0.692308,0.625,
0.411765,0.368421,
0.4,0.666667,
0.25,0.384615,
0.8,0.769231,
0.631579,0.538462,
0.444444,0.478261,
0.535714,0.611111,
0.6,0.407407,
0.444444,0.347826,
0.421053,0.6875,
0.473684,0.529412,
0.761905,0.608696,
0.538462,0.411765,
0.64,0.652174,
0.333333,0.307692,
0.8125,0.722222,
0.285714,0.2,
0.615385,0.642857,
0.740741,0.75,
0.647059,0.833333,
0.851852,0.916667,
0.666667,0.947368,
0.454545,0.555556,
0.586207,0.592593,
0.277778,0.294118,
0.782609,0.72,
0.571429,0.571429,
0.555556,0.5,
0.538462,0.583333,
0.615385,0.608696,
0.56,0.736842,
0.73913,0.64,
0.521739,0.714286,
0.636364,0.8125,
0.866667,0.823529,
0.730769,0.62069,
0.708333,0.894737,
0.814815,0.785714,
0.892857,0.892857,
0.5,0.533333,
0.5,0.416667,
0.64,0.842105,
0.631579,0.857143,
0.666667,0.56,
0.538462,0.7,
0.764706,0.8,
0.5625,0.642857,
0.724138,0.769231,
0.758621,0.9,
0.470588,0.368421,
0.5,0.6875,
0.608696,0.7,
0.8,0.782609,
0.708333,0.666667,
0.571429,0.625,
0.333333,0.5,
0.64,0.772727,
0.740741,0.869565,
0.666667,0.933333,
0.75,0.923077,
0.571429,0.727273,
0.809524,0.772727,
0.888889,0.727273,
0.551724,0.653846,
0.526316,0.5625,
0.555556,0.47619,
0.526316,0.555556,
0.689655,0.826087,
0.473684,0.473684,
0.541667,0.7,
0.681818,0.75,
0.444444,0.615385,
0.461538,0.5,
0.647059,0.769231,
0.55,0.684211,
0.666667,0.625,
0.4,0.5,
0.714286,0.533333,
0.869565,0.791667,
0.761905,0.818182,
0.458333,0.75,
0.636364,0.5,
0.846154,0.733333,
0.583333,0.571429,
0.866667,0.684211,
0.461538,0.461538,
0.411765,0.666667,
0.695652,0.73913,
0.444444,0.44,
0.571429,0.380952,
0.642857,0.5625,
0.461538,0.333333,
0.714286,0.588235,
0.647059,0.571429,
0.863636,0.875,
0.428571,0.466667,
0.545455,0.315789,
0.730769,0.947368,
0.666667,0.533333,
0.6,0.565217,
0.545455,0.545455,
0.791667,0.740741,
0.666667,0.666667,
0.733333,0.578947,
0.55,0.578947,
0.7,0.954545,
0.652174,0.882353,
0.533333,0.5,
0.76,0.8,
0.4375,0.466667,
0.653846,0.727273,
0.5,0.533333,
0.5,0.555556,
0.6,0.5,
0.7,0.875,
0.733333,0.833333,
0.4,0.5,
0.454545,0.333333,
0.625,0.64,
0.6,0.692308,
0.9375,0.636364,
0.444444,0.444444,
0.730769,0.84,
0.578947,0.625,
0.5,0.363636,
0.708333,0.73913,
0.529412,0.529412,
0.428571,0.545455,
0.823529,0.583333,
0.782609,0.782609,
0.5,0.5,
0.772727,0.68,
0.461538,0.777778,
0.576923,0.695652,
0.875,0.777778,
0.555556,0.6875,
0.714286,0.642857,
0.541667,0.684211,
0.807692,0.869565,
0.5,0.7,
0.666667,0.909091,
0.736842,0.681818,
0.826087,0.826087,
0.470588,0.35,
0.85,0.85,
0.5,0.466667,
0.535714,0.555556,
0.75,0.583333,
0.545455,0.352941,
0.714286,0.380952,
0.647059,0.733333,
0.714286,0.5,
0.6,0.5,
0.55,0.6,
0.461538,0.4,
0.4,0.352941,
0.862069,0.896552,
0.555556,0.555556,
0.6,0.5,
0.652174,0.571429,
0.65,0.722222,
0.3,0.214286,
0.785714,0.55,
0.470588,0.444444,
0.315789,0.352941,
1,0.944444,
0.5625,0.6,
0.678571,0.785714,
0.545455,0.384615,
0.631579,0.733333,
0.722222,0.481481,
0.538462,0.444444,
0.842105,0.782609,
0.722222,0.75,
0.307692,0.444444,
0.809524,0.708333,
0.807692,0.76,
0.631579,0.666667,
0.538462,0.368421,
0.714286,0.588235,
0.866667,0.866667,
0.727273,0.8,
0.55,0.705882,
0.611111,0.733333,
0.466667,0.4375,
0.5,0.583333,
0.727273,0.772727,
0.375,0.37037,
0.466667,0.7,
0.666667,0.571429,
0.8,0.818182,
0.7,0.692308,
0.533333,0.5,
0.892857,0.896552,
0.913043,0.84,
0.73913,0.566667,
0.833333,0.833333,
0.666667,0.55,
0.75,0.65,
0.611111,0.705882,
0.588235,0.47619,
0.583333,0.571429,
0.884615,0.884615,
0.692308,0.703704,
0.789474,0.636364,
0.714286,0.75,
0.5625,0.533333,
0.75,0.9,
0.666667,0.777778,
0.705882,0.565217,
1,0.826087,
0.428571,0.52381,
0.75,0.708333,
0.5,0.631579,
0.444444,0.666667,
0.785714,0.526316,
0.666667,0.823529,
0.85,0.842105,
0.826087,0.692308,
0.764706,0.75,
0.68,0.708333,
0.75,0.590909,
0.793103,0.884615,
0.571429,0.6875,
0.6,0.789474,
0.5,0.538462,
0.727273,0.888889,
0.73913,0.866667,
0.684211,0.541667,
0.851852,0.814815,
0.48,0.705882,
0.944444,0.769231,
0.857143,0.947368,
0.714286,0.655172,
0.6,0.5,
0.84,0.826087,
0.952381,0.740741,
0.666667,0.5,
0.666667,0.590909,
0.941176,0.68,
0.466667,0.461538,
0.8,0.571429,
0.481481,0.481481,
0.714286,0.4,
0.526316,0.666667,
0.666667,0.47619,
0.875,0.75,
0.6,0.6,
0.636364,0.7,
0.777778,0.789474,
1,0.782609,
0.777778,0.695652,
0.791667,0.818182,
0.857143,0.827586,
0.411765,0.461538,
0.666667,0.894737,
0.666667,0.62963,
0.5,0.466667,
0.5,0.384615,
0.444444,0.5,
0.583333,0.5,
0.75,0.73913,
0.555556,0.5,
0.84,0.777778,
0.444444,0.409091,
0.842105,0.714286,
0.6,0.727273,
0.611111,0.533333,
0.814815,0.913043,
0.592593,0.789474,
0.666667,0.666667,
0.230769,0.333333,
0.4,0.333333,
0.48,0.705882,
0.461538,0.608696,
0.6,0.473684,
0.5,0.454545,
0.5,0.35,
0.5,0.666667,
0.473684,0.5,
0.869565,1,
0.5,0.583333,
0.764706,0.761905,
0.538462,0.466667,
0.84,0.84,
0.909091,0.766667,
0.466667,0.411765,
0.3,0.375,
0.75,0.882353,
0.782609,0.818182,
0.769231,0.846154,
0.814815,1,
0.636364,0.636364,
0.8,0.769231,
0.941176,0.64,
0.666667,0.823529,
0.772727,0.857143,
0.375,0.333333,
0.809524,0.85,
0.851852,0.75,
0.681818,0.75,
0.5,0.428571,
0.689655,0.782609,
0.85,0.8,
0.583333,0.5,
0.533333,0.571429,
0.428571,0.388889,
0.4375,0.470588,
0.777778,0.833333,
0.8125,0.619048,
0.590909,0.571429,
0.583333,0.538462,
1,0.740741,
0.75,0.782609,
0.894737,0.73913,
0.894737,0.782609,
0.88,0.84,
0.909091,0.8,
0.647059,0.857143,
0.444444,0.5,
0.611111,0.647059,
0.5,0.6,
0.409091,0.5625,
0.727273,0.8,
0.814815,0.916667,
0.758621,0.869565,
0.294118,0.357143,
0.52381,0.647059,
0.473684,0.5625,
0.428571,0.461538,
0.666667,0.75,
0.842105,0.761905,
0.764706,0.541667,
1,0.727273,
0.461538,0.545455,
0.590909,0.578947,
0.7,0.583333,
0.529412,0.625,
0.571429,0.47619,
0.846154,0.916667,
0.65,0.75,
0.857143,0.769231,
0.583333,0.466667,
0.5,0.52,
0.769231,0.55,
0.6875,0.846154,
0.526316,0.588235,
0.666667,0.608696,
0.352941,0.466667,
0.941176,0.727273,
0.5,0.588235,
0.375,0.272727,
0.8,0.777778,
0.75,0.571429,
0.631579,0.666667,
0.5,0.571429,
0.631579,0.6875,
0.764706,0.823529,
0.529412,0.588235,
0.533333,0.533333,
0.444444,0.615385,
0.586207,0.5,
0.636364,0.866667,
0.65,0.777778,
0.466667,0.5,
0.4,0.416667,
0.607143,0.576923,
0.55,0.733333,
0.5,0.428571,
0.666667,0.72,
0.84,0.875,
0.647059,0.65,
0.5,0.411765,
0.681818,0.652174,
0.285714,0.333333,
0.821429,0.892857,
0.647059,0.833333,
0.857143,0.875,
0.592593,0.607143,
0.4375,0.636364,
0.842105,0.772727,
0.4,0.333333,
0.4,0.444444,
0.52,0.464286,
0.541667,0.541667,
0.590909,0.705882,
0.652174,0.722222,
0.791667,0.730769,
0.769231,0.740741,
0.6,0.65,
0.826087,0.782609,
1,0.764706,
0.666667,0.428571,
0.625,0.647059,
0.827586,0.833333,
0.636364,0.6,
0.92,0.96,
0.714286,0.47619,
0.5,0.461538,
0.764706,0.764706,
0.631579,0.75,
0.681818,0.631579,
0.818182,0.666667,
0.684211,0.636364,
0.55,0.733333,
0.727273,0.607143,
0.703704,0.888889,
0.5625,0.636364,
0.88,0.733333,
0.647059,0.5,
0.222222,0.454545,
0.578947,0.769231,
0.666667,0.714286,
0.6,0.578947,
0.411765,0.538462,
0.5,0.529412,
0.428571,0.5625,
0.466667,0.5,
0.5,0.555556,
0.631579,0.631579,
0.666667,0.56,
0.481481,0.461538,
0.666667,0.764706,
0.380952,0.32,
0.45,0.5625,
0.724138,0.909091,
0.533333,0.421053,
0.64,0.652174,
0.714286,0.909091,
0.454545,0.454545,
0.818182,0.782609,
0.625,0.681818,
0.888889,0.84,
0.923077,0.888889,
0.909091,0.677419,
0.588235,0.666667,
0.6,0.473684,
0.821429,0.846154,
0.84,0.84,
0.913043,0.84,
0.533333,0.666667,
0.625,0.666667,
0.4375,0.272727,
0.473684,0.5,
0.521739,0.6,
0.8,0.888889,
0.769231,0.703704,
0.5625,0.473684,
0.555556,0.653846,
0.538462,0.823529,
0.52,0.6,
0.428571,0.352941,
0.791667,0.863636,
0.555556,0.6875,
0.789474,0.789474,
0.642857,0.45,
0.461538,0.461538,
0.473684,0.473684,
0.4,0.333333,
0.809524,0.708333,
0.642857,0.5,
0.538462,0.444444,
0.821429,0.846154,
0.545455,0.545455,
0.705882,0.8,
0.818182,0.625,
0.636364,0.5,
0.538462,0.625,
0.730769,0.772727,
0.791667,0.863636,
0.533333,0.473684,
0.769231,0.578947,
0.444444,0.4,
0.625,0.391304,
0.846154,0.846154,
0.590909,0.521739,
0.4,0.25,
0.583333,0.708333,
0.454545,0.4,
0.75,0.642857,
0.875,0.714286,
0.611111,0.611111,
0.55,0.611111,
0.3,0.272727,
0.545455,0.75,
0.727273,0.666667,
0.764706,0.666667,
0.5,0.421053,
0.5,0.588235,
0.625,0.588235,
0.6,0.705882,
0.703704,0.809524,
0.636364,0.714286,
0.863636,0.72,
0.5,0.611111,
0.5625,0.45,
0.333333,0.153846,
0.583333,0.466667,
0.578947,0.518519,
0.5,0.692308,
0.444444,0.3125,
0.5,0.625,
0.714286,0.454545,
0.411765,0.583333,
0.727273,0.727273,
0.764706,0.583333,
0.235294,0.210526,
0.875,0.695652,
0.875,0.684211,
0.666667,0.666667,
0.777778,0.736842,
0.473684,0.529412,
0.590909,0.736842,
0.916667,0.821429,
0.777778,0.6,
0.777778,0.857143,
0.538462,0.538462,
0.625,0.611111,
0.384615,0.333333,
0.466667,0.428571,
0.583333,0.777778,
0.444444,0.285714,
0.869565,0.769231,
0.52,0.619048,
0.5,0.666667,
0.5,0.666667,
0.5,0.722222,
0.64,0.555556,
0.6,0.818182,
0.3,0.333333,
0.5625,0.588235,
0.583333,0.368421,
0.423077,0.588235,
0.769231,0.666667,
0.56,0.615385,
0.846154,0.846154,
0.423077,0.478261,
0.807692,0.88,
0.555556,0.416667,
0.565217,0.428571,
0.791667,0.730769,
0.84,0.766667,
0.25,0.4,
0.517241,0.684211,
0.5625,0.6,
0.5,0.6,
0.571429,0.75,
0.809524,0.73913,
0.769231,0.625,
0.851852,0.851852,
0.791667,0.818182,
0.8,0.947368,
0.357143,0.333333,
0.740741,0.857143,
0.3125,0.454545,
0.733333,0.65,
0.5,0.375,
0.76,0.75,
0.411765,0.666667,
0.75,0.789474,
0.761905,0.8,
0.833333,0.678571,
0.652174,0.882353,
0.8,0.8,
0.6875,0.611111,
0.611111,0.578947,
0.470588,0.5625,
0.714286,0.666667,
0.571429,0.444444,
0.4,0.4,
0.5,0.388889,
0.608696,0.722222,
0.464286,0.619048,
0.766667,0.954545,
1,0.846154,
0.47619,0.583333,
0.714286,0.586207,
0.56,0.583333,
0.5625,0.45,
0.551724,0.8,
0.266667,0.3125,
0.666667,0.444444,
0.62963,0.75,
0.521739,0.785714,
0.631579,0.571429,
0.266667,0.266667,
0.772727,0.809524,
0.793103,0.8,
0.782609,0.833333,
0.692308,0.642857,
0.47619,0.434783,
0.421053,0.571429,
0.434783,0.611111,
0.529412,0.529412,
0.5,0.636364,
0.789474,0.8,
0.588235,0.5625,
0.764706,0.764706,
0.72,0.75,
0.714286,0.5,
0.5,0.666667,
0.833333,0.833333,
0.545455,0.625,
0.827586,0.923077,
0.388889,0.388889,
0.692308,0.76,
0.571429,0.809524,
0.5625,0.55,
0.35,0.411765,
0.869565,0.703704,
0.551724,0.636364,
0.583333,0.466667,
0.9,0.9,
0.814815,0.88,
0.5,0.357143,
0.444444,0.444444,
0.615385,0.388889,
0.65,0.619048,
0.85,0.833333,
0.375,0.6,
0.92,0.92,
0.434783,0.6875,
0.6,0.692308,
0.647059,0.55,
0.5,0.555556,
0.705882,0.631579,
0.809524,0.75,
0.64,0.809524,
0.555556,0.5,
0.333333,0.3,
0.652174,0.823529,
0.72,0.791667,
0.588235,0.666667,
0.772727,0.708333,
0.708333,0.772727,
0.6,0.818182,
0.758621,0.833333,
0.533333,0.352941,
0.681818,0.8125,
0.631579,0.6875,
0.904762,0.740741,
0.761905,0.761905,
0.466667,0.4375,
0.8,0.571429,
0.705882,0.571429,
0.5,0.571429,
0.458333,0.44,
0.291667,0.333333,
0.5,0.466667,
0.421053,0.538462,
0.615385,0.75,
0.4,0.583333,
0.8,0.636364,
0.76,0.842105,
0.588235,0.6,
0.607143,0.64,
0.5,0.5,
0.655172,0.947368,
0.761905,0.666667,
0.631579,0.571429,
0.708333,0.714286,
0.5625,0.642857,
0.461538,0.6,
0.730769,0.703704,
0.72,0.76,
0.4375,0.35,
0.4375,0.636364,
0.416667,0.352941,
0.6875,0.785714,
0.730769,0.95,
0.952381,0.785714,
0.416667,0.533333,
0.703704,0.730769,
0.8,0.705882,
0.555556,0.769231,
0.52381,0.521739,
0.85,0.708333,
0.5625,0.5625,
0.615385,0.529412,
0.583333,0.666667,
0.733333,0.733333,
0.8125,0.722222,
0.538462,0.444444,
0.724138,0.826087,
0.75,0.714286,
0.5,0.363636,
0.65,0.590909,
0.5,0.333333,
0.636364,0.62963,
0.611111,0.785714,
0.545455,0.6,
0.666667,0.555556,
0.363636,0.444444,
0.384615,0.6,
0.642857,0.642857,
0.916667,0.84,
0.666667,0.5,
0.3125,0.263158,
0.333333,0.375,
0.681818,0.62963,
0.388889,0.5625,
0.611111,0.647059,
0.5,0.444444,
0.277778,0.357143,
0.714286,0.555556,
0.736842,0.681818,
0.461538,0.428571,
0.8,0.615385,
0.5,0.411765,
0.695652,0.882353,
0.75,0.695652,
0.565217,0.518519,
0.6,0.478261,
0.5,0.375,
0.5,0.631579,
0.6,0.461538,
0.692308,0.692308,
0.375,0.352941,
0.333333,0.285714,
0.592593,0.64,
0.944444,0.64,
0.571429,0.666667,
0.466667,0.411765,
0.571429,0.541667,
0.857143,0.666667,
0.586207,0.772727,
0.181818,0.181818,
0.583333,0.4375,
0.4,0.555556,
0.857143,0.888889,
0.615385,0.384615,
0.740741,0.909091,
0.6,0.6,
0.571429,0.6875,
0.75,0.68,
0.6,0.733333,
0.736842,0.777778,
0.9,0.689655,
0.869565,0.84,
0.5,0.473684,
0.571429,0.8,
0.888889,0.821429,
0.315789,0.428571,
0.578947,0.666667,
0.769231,0.647059,
0.545455,0.571429,
0.5,0.428571,
0.894737,0.809524,
0.533333,0.466667,
0.652174,0.875,
0.75,0.5625,
0.727273,0.73913,
0.692308,0.857143,
0.590909,0.541667,
0.647059,0.846154,
0.851852,0.8,
0.6,0.625,
0.7,0.583333,
0.5,0.4,
0.826087,0.8,
0.909091,0.791667,
0.5,0.5,
0.473684,0.571429,
0.444444,0.5625,
0.642857,0.571429,
0.72,0.941176,
0.5,0.714286,
0.647059,0.785714,
0.722222,0.666667,
0.785714,0.733333,
0.818182,0.882353,
0.416667,0.4,
0.736842,0.684211,
0.444444,0.416667,
0.368421,0.333333,
0.52381,0.578947,
0.571429,0.714286,
0.76,0.76,
0.724138,0.869565,
0.428571,0.4,
0.583333,0.636364,
0.842105,0.782609,
0.6,0.642857,
0.47619,0.588235,
0.307692,0.384615,
0.68,0.62963,
0.857143,0.75,
0.851852,0.892857,
0.642857,0.791667,
0.75,0.695652,
0.625,0.55,
0.666667,0.692308,
0.590909,0.666667,
0.666667,0.538462,
0.647059,0.478261,
0.538462,0.736842,
0.368421,0.304348,
0.518519,0.555556,
0.818182,0.75,
0.375,0.375,
0.4,0.666667,
0.4375,0.533333,
0.6,0.538462,
0.764706,0.65,
0.625,0.5625,
0.6,0.454545,
0.636364,0.576923,
0.769231,0.555556,
0.764706,0.538462,
0.785714,0.846154,
0.35,0.411765,
0.352941,0.461538,
0.692308,0.529412,
0.653846,0.653846,
0.363636,0.357143,
0.76,0.785714,
0.583333,0.7,
0.352941,0.461538,
0.636364,0.615385,
0.576923,0.625,
0.777778,0.653846,
0.9,0.666667,
0.842105,0.692308,
0.352941,0.375,
0.863636,0.633333,
0.642857,0.5,
0.518519,0.535714,
0.666667,0.772727,
0.65,0.684211,
0.583333,0.705882,
0.8,0.809524,
0.714286,0.588235,
0.68,0.8,
0.6,0.692308,
0.882353,0.625,
0.375,0.5,
0.727273,0.842105,
0.92,0.793103,
0.583333,0.444444,
0.631579,0.571429,
0.84,0.758621,
0.75,0.888889,
0.470588,0.611111,
0.45,0.533333,
0.714286,0.857143,
0.72,0.857143,
0.823529,0.7,
0.411765,0.388889,
0.611111,0.521739,
0.666667,0.56,
0.461538,0.375,
0.733333,0.6875,
0.421053,0.75,
0.571429,0.666667,
0.6875,0.545455,
0.6,0.7,
0.882353,0.64,
0.894737,0.73913,
0.533333,0.619048,
0.416667,0.5,
0.769231,0.774194,
0.857143,0.703704,
0.615385,0.526316,
0.809524,0.62963,
0.517241,0.842105,
0.611111,0.6,
0.695652,0.842105,
0.6,0.818182,
0.722222,0.611111,
0.761905,0.833333,
0.428571,0.461538,
0.428571,0.4,
0.777778,0.944444,
0.695652,0.842105,
0.653846,0.642857,
0.692308,0.6,
0.5,0.5,
0.863636,0.791667,
0.4375,0.5,
0.75,0.761905,
0.923077,0.736842,
0.652174,0.684211,
0.68,0.558824,
0.5,0.461538,
0.478261,0.666667,
0.416667,0.416667,
0.652174,0.6,
0.916667,0.814815,
0.708333,0.857143,
0.7,0.608696,
0.75,0.6,
0.64,0.5,
0.388889,0.5,
0.631579,0.5,
0.466667,0.368421,
0.692308,0.692308,
0.8,0.740741,
0.388889,0.5,
0.444444,0.6,
0.73913,0.73913,
0.72,0.947368,
0.75,0.578947,
0.611111,0.846154,
0.88,0.827586,
0.777778,0.722222,
0.666667,0.526316,
0.47619,0.625,
0.807692,0.857143,
0.791667,0.85,
0.576923,0.625,
0.421053,0.4,
0.689655,0.818182,
0.590909,0.619048,
0.48,0.545455,
0.733333,0.733333,
0.764706,0.6875,
0.625,0.375,
0.692308,0.772727,
0.64,0.789474,
0.407407,0.407407,
0.444444,0.363636,
0.724138,0.846154,
0.625,0.454545,
0.478261,0.526316,
0.5,0.5,
0.884615,0.857143,
0.642857,0.555556,
0.592593,0.695652,
0.461538,0.583333,
0.678571,0.791667,
0.684211,0.866667,
0.821429,0.92,
0.454545,0.555556,
0.5,0.4375,
0.785714,0.785714,
0.444444,0.461538,
0.666667,0.583333,
0.565217,0.684211,
0.894737,0.857143,
0.583333,0.388889,
0.571429,0.590909,
0.357143,0.5,
0.666667,0.777778,
0.555556,0.590909,
0.736842,0.866667,
0.411765,0.583333,
0.8,0.652174,
0.384615,0.5,
0.821429,0.888889,
0.666667,0.789474,
0.818182,0.72,
0.666667,0.666667,
0.904762,0.76,
0.666667,0.583333,
0.4,0.571429,
0.733333,0.578947,
0.944444,0.791667,
0.75,0.5625,
0.631579,0.666667,
0.769231,0.611111,
0.444444,0.583333,
0.588235,0.533333,
0.833333,0.607143,
0.607143,0.6,
0.5625,0.689655,
0.541667,0.8125,
0.692308,0.5625,
0.714286,0.684211,
0.533333,0.5,
0.73913,0.75,
0.8,0.75,
0.863636,0.826087,
0.7,0.636364,
0.8125,0.777778,
0.954545,0.875,
0.842105,0.842105,
0.411765,0.388889,
0.45,0.625,
0.666667,0.75,
0.571429,0.727273,
0.827586,0.916667,
0.555556,0.5,
0.615385,0.789474,
0.5,0.615385,
0.814815,0.785714,
0.555556,0.6,
0.714286,0.8,
0.857143,0.631579,
0.703704,0.782609,
0.555556,0.8,
0.529412,0.434783,
0.52381,0.6875,
0.612903,0.76,
0.823529,0.764706,
0.791667,1,
0.884615,0.913043,
0.666667,0.777778,
0.466667,0.5,
0.791667,0.777778,
0.636364,0.777778,
0.571429,0.444444,
0.384615,0.384615,
0.583333,0.4,
0.4,0.333333,
0.526316,0.555556,
0.615385,0.777778,
0.875,0.909091,
0.842105,0.809524,
0.285714,0.375,
0.8,0.727273,
0.75,0.777778,
0.454545,0.625,
0.846154,0.863636,
0.727273,0.5,
0.666667,0.769231,
0.730769,0.9,
0.315789,0.352941,
0.4,0.461538,
0.588235,0.55,
0.75,0.642857,
0.75,0.789474,
0.52,0.722222,
0.727273,0.470588,
0.363636,0.272727,
0.75,0.703704,
0.357143,0.333333,
0.65,0.866667,
0.3125,0.5,
0.4,0.615385,
0.470588,0.666667,
0.384615,0.25,
0.826087,0.782609,
0.863636,0.818182,
0.695652,0.666667,
0.666667,0.6,
0.84,0.833333,
0.636364,0.722222,
0.777778,0.777778,
0.681818,0.75,
0.954545,0.777778,
0.619048,0.736842,
0.85,0.692308,
0.769231,0.84,
0.583333,0.4375,
0.461538,0.6,
0.461538,0.636364,
0.807692,0.916667,
0.826087,0.692308,
0.714286,0.769231,
0.615385,0.818182,
0.695652,0.772727,
0.7,0.8125,
0.761905,0.708333,
0.461538,0.666667,
0.8,0.8,
0.727273,0.761905,
0.761905,0.727273,
0.823529,0.6,
0.647059,0.714286,
0.8,0.590909,
0.521739,0.6875,
0.851852,0.884615,
0.736842,0.736842,
0.52,0.5,
0.5,0.733333,
0.730769,0.8,
0.809524,0.708333,
0.785714,0.625,
0.722222,0.7,
0.785714,0.833333,
0.75,0.555556,
0.736842,0.764706,
0.772727,0.653846,
0.607143,0.76,
0.6,0.611111,
0.608696,0.684211,
0.666667,0.588235,
0.235294,0.363636,
0.588235,0.833333,
0.708333,0.714286,
0.8125,0.681818,
0.666667,0.588235,
0.375,0.5,
0.3,0.375,
0.44,0.407407,
0.681818,0.736842,
0.842105,0.842105,
0.5,0.466667,
0.6875,0.666667,
0.357143,0.454545,
0.708333,0.8,
0.533333,0.666667,
0.833333,0.8,
0.391304,0.529412,
0.842105,0.809524,
0.904762,0.769231,
0.684211,0.666667,
0.75,0.75,
0.777778,0.7,
0.470588,0.347826,
0.5,0.555556,
0.777778,0.807692,
0.84,0.956522,
0.5,0.333333,
0.777778,0.823529,
0.541667,0.647059,
0.862069,0.862069,
0.470588,0.533333,
0.647059,0.611111,
0.578947,0.733333,
0.571429,0.444444,
0.866667,0.7,
0.619048,0.458333,
0.772727,0.8,
0.703704,0.821429,
0.47619,0.615385,
0.666667,0.541667,
0.758621,0.75,
0.888889,0.73913,
0.807692,0.84,
0.833333,0.789474,
0.8,0.75,
0.363636,0.285714,
0.85,0.85,
0.5,0.647059,
0.818182,0.75,
0.5625,0.5625,
0.727273,0.625,
0.625,0.875,
0.894737,0.62963,
0.73913,0.727273,
0.6,0.578947,
0.833333,0.846154,
0.48,0.666667,
0.758621,0.84,
0.631579,0.611111,
0.4,0.333333,
0.714286,0.526316,
0.5,0.45,
0.695652,0.888889,
0.407407,0.464286,
0.652174,0.689655,
0.3,0.333333,
0.923077,0.821429,
0.76,0.777778,
0.533333,0.625,
0.588235,0.714286,
0.47619,0.423077,
0.592593,0.566667,
0.4,0.5,
0.518519,0.555556,
0.4,0.363636,
0.684211,0.583333,
0.461538,0.6,
0.8,0.8,
0.8125,0.684211,
0.722222,0.65,
0.6875,0.769231,
0.4375,0.466667,
0.470588,0.421053,
0.363636,0.4,
0.461538,0.4375,
0.363636,0.333333,
0.791667,0.818182,
0.636364,0.4375,
0.888889,0.793103,
0.411765,0.357143,
0.538462,0.470588,
0.727273,0.842105,
0.62963,0.761905,
0.619048,0.823529,
0.608696,0.517241,
0.705882,0.6875,
0.684211,0.8125,
0.645161,0.857143,
0.730769,0.73913,
0.571429,0.75,
0.722222,0.736842,
0.578947,0.555556,
0.8,0.65,
0.684211,0.611111,
0.761905,0.888889,
0.684211,0.8125,
0.7,0.7,
0.730769,0.68,
0.761905,0.888889,
0.851852,0.793103,
0.72,0.9,
0.7,0.576923,
0.416667,0.555556,
0.5,0.636364,
0.571429,0.533333,
0.5,0.631579,
0.541667,0.6,
0.684211,0.590909,
0.363636,0.333333,
0.631579,0.571429,
0.615385,0.666667,
0.266667,0.357143,
0.7,0.736842,
0.611111,0.714286,
0.565217,0.583333,
0.611111,0.555556,
0.827586,0.888889,
0.884615,0.916667,
0.782609,0.615385,
0.545455,0.636364,
0.545455,0.466667,
0.625,0.681818,
0.45,0.444444,
0.869565,0.769231,
0.652174,0.875,
0.545455,0.448276,
0.590909,0.608696,
0.8,0.695652,
0.791667,0.818182,
0.375,0.6,
0.526316,0.5,
0.464286,0.722222,
0.904762,0.76,
0.5,0.647059,
0.416667,0.5,
0.5,0.625,
0.526316,0.529412,
0.545455,0.461538,
0.708333,0.607143,
0.833333,0.724138,
0.84,0.785714,
0.833333,0.727273,
0.736842,0.8,
0.5625,0.6,
0.636364,0.5,
0.7,0.88,
0.421053,0.466667,
0.642857,0.470588,
0.684211,0.684211,
0.714286,0.473684,
0.666667,0.653846,
0.526316,0.5,
0.571429,0.533333,
0.653846,0.782609,
0.545455,0.545455,
0.882353,0.652174,
0.647059,0.785714,
0.777778,0.75,
0.6,0.6,
0.52381,0.733333,
0.307692,0.307692,
0.625,0.666667,
0.692308,0.666667,
0.789474,0.8,
0.642857,0.75,
0.666667,0.636364,
0.666667,0.571429,
0.615385,0.533333,
0.714286,0.6875,
0.85,0.653846,
0.6,0.384615,
0.68,0.772727,
0.583333,0.5,
0.461538,0.545455,
0.615385,0.529412,
0.571429,0.48,
0.708333,0.882353,
0.461538,0.333333,
0.736842,0.6,
0.814815,0.892857,
0.571429,0.705882,
0.769231,0.909091,
0.615385,0.8,
0.625,0.764706,
0.368421,0.4375,
0.7,0.470588,
0.535714,0.555556,
0.818182,0.692308,
0.791667,0.791667,
0.689655,0.791667,
0.88,0.846154,
0.684211,0.541667,
0.5,0.363636,
0.7,0.875,
0.833333,0.652174,
0.84,0.875,
0.210526,0.285714,
0.6,0.818182,
0.884615,0.884615,
0.692308,0.703704,
0.578947,0.666667,
0.666667,0.428571,
0.407407,0.5,
0.4,0.352941,
0.611111,0.833333,
0.666667,0.7,
0.923077,0.827586,
0.4,0.5,
0.6875,0.611111,
0.647059,0.625,
0.703704,0.95,
0.727273,0.809524,
0.8,0.842105,
0.64,0.842105,
0.85,0.782609,
0.333333,0.315789,
0.6,0.894737,
0.466667,0.636364,
0.555556,0.454545,
0.5,0.35,
0.904762,0.826087,
0.526316,0.5,
0.5,0.448276,
0.518519,0.684211,
0.421053,0.4375,
0.375,0.428571,
0.380952,0.642857,
0.521739,0.583333,
0.625,0.636364,
0.428571,0.388889,
0.833333,0.769231,
0.5625,0.75,
0.6,0.5,
0.590909,0.72,
0.64,0.789474,
0.545455,0.583333,
0.857143,0.722222,
0.846154,0.88,
0.7,0.615385,
0.75,0.625,
0.642857,0.588235,
0.352941,0.333333,
0.588235,0.8125,
0.875,0.814815,
0.571429,0.533333,
0.521739,0.705882,
0.807692,0.909091,
0.736842,0.608696,
0.714286,0.5,
0.777778,0.777778,
0.5625,0.428571,
0.5,0.388889,
0.526316,0.416667,
0.88,0.88,
0.8125,0.65,
0.5,0.5,
0.758621,0.954545,
0.904762,0.869565,
0.666667,0.761905,
0.4,0.636364,
0.352941,0.352941,
0.727273,0.533333,
0.272727,0.25,
0.5,0.5,
0.75,0.857143,
0.5,0.375,
0.923077,0.766667,
0.85,0.85,
0.791667,0.724138,
0.823529,0.736842,
0.96,0.892857,
0.428571,0.5,
0.884615,0.851852,
0.533333,0.533333,
0.846154,0.75,
0.88,0.769231,
0.655172,0.772727,
0.925926,0.928571,
0.416667,0.277778,
0.789474,0.636364,
0.818182,0.64,
0.869565,0.84,
0.916667,0.611111,
0.571429,0.75,
0.5625,0.75,
0.56,0.666667,
0.705882,0.518519,
0.777778,1,
0.583333,0.875,
0.444444,0.466667,
0.4375,0.4375,
0.84,0.714286,
0.692308,0.692308,
0.52381,0.5,
0.555556,0.357143,
0.636364,0.590909,
0.8,0.727273,
0.666667,0.705882,
0.592593,0.64,
0.5,0.470588,
0.533333,0.4,
0.73913,0.826087,
0.823529,0.7,
0.666667,0.705882,
0.727273,0.8,
0.708333,0.666667,
0.647059,0.5,
0.68,0.809524,
0.95,0.76,
0.571429,0.733333,
0.166667,0.166667,
0.615385,0.5625,
0.8125,0.722222,
0.75,0.619048,
0.785714,0.916667,
0.75,0.823529,
0.608696,0.576923,
0.666667,0.642857,
0.7,0.56,
0.615385,0.473684,
0.653846,0.823529,
0.454545,0.416667,
0.789474,0.823529,
0.862069,0.961538,
0.736842,0.833333,
0.863636,0.666667,
0.6,0.75,
0.615385,0.615385,
0.357143,0.461538,
0.941176,0.761905,
0.666667,0.611111,
0.777778,0.875,
0.578947,0.473684,
0.923077,0.827586,
0.5,0.722222,
0.62963,0.62963,
0.636364,0.538462,
0.625,0.769231,
0.869565,0.84,
0.6,0.727273,
0.807692,0.863636,
0.5,0.692308,
0.5625,0.692308,
0.782609,0.807692,
0.692308,0.703704,
0.538462,0.411765,
0.708333,0.761905,
0.647059,0.631579,
0.473684,0.642857,
0.75,0.727273,
0.333333,0.25,
0.64,0.695652,
0.5,0.454545,
0.652174,0.823529,
0.928571,0.65,
0.4375,0.411765,
0.583333,0.619048,
0.388889,0.388889,
0.75,0.545455,
0.75,0.571429,
0.526316,0.571429,
0.925926,0.846154,
0.714286,0.941176,
0.64,0.535714,
0.807692,0.84,
0.6,0.6875,
0.619048,0.705882,
0.5,0.473684,
0.730769,0.904762,
0.592593,0.727273,
0.7,0.619048,
0.636364,0.5,
0.222222,0.2,
0.904762,0.730769,
0.375,0.352941,
0.583333,0.823529,
0.8,0.92,
0.875,0.583333,
0.307692,0.307692,
0.892857,0.866667,
0.461538,0.352941,
0.533333,0.666667,
0.571429,0.578947,
0.75,0.678571,
0.8125,0.565217,
0.666667,0.583333,
0.545455,0.5,
0.25,0.375,
0.666667,0.631579,
0.8,0.6,
0.666667,0.714286,
0.846154,0.611111,
0.538462,0.466667,
0.466667,0.583333,
0.958333,0.892857,
0.45,0.571429,
0.538462,0.545455,
0.631579,0.636364,
0.538462,0.583333,
0.538462,0.764706,
0.681818,0.789474,
0.6875,0.478261,
0.730769,0.954545,
0.809524,0.782609,
0.571429,0.714286,
0.933333,1,
0.615385,0.5,
0.75,0.608696,
0.714286,0.6875,
0.411765,0.461538,
0.4375,0.5,
0.434783,0.4,
0.75,0.789474,
0.730769,0.6,
0.4,0.444444,
0.777778,0.666667,
0.869565,0.863636,
0.875,0.777778,
0.807692,0.777778,
0.666667,0.5,
0.8,0.666667,
0.75,0.714286,
0.4375,0.5,
0.863636,0.653846,
0.666667,0.5,
1,0.857143,
0.181818,0.153846,
0.363636,0.25,
0.814815,0.758621,
1,0.703704,
0.681818,0.933333,
0.636364,0.538462,
0.818182,0.72,
0.388889,0.388889,
0.73913,0.8,
0.666667,0.681818,
0.428571,0.555556,
0.727273,0.761905,
0.857143,0.619048,
0.571429,0.470588,
0.4,0.428571,
0.5,0.625,
0.916667,0.766667,
0.944444,0.708333,
0.705882,0.545455,
0.578947,0.578947,
0.571429,0.615385,
0.571429,0.736842,
0.571429,0.5625,
0.272727,0.230769,
0.428571,0.388889,
0.666667,0.692308,
0.866667,0.666667,
0.9,0.84,
0.9,0.857143,
0.647059,0.6,
0.689655,0.730769,
0.75,0.947368,
0.818182,0.818182,
0.85,0.8,
0.681818,0.615385,
0.814815,0.846154,
0.944444,0.678571,
0.636364,0.444444,
0.454545,0.416667,
0.448276,0.736842,
0.75,0.736842,
0.851852,0.846154,
0.714286,0.705882,
0.809524,0.782609,
0.653846,0.818182,
0.375,0.315789,
0.5,0.533333,
0.473684,0.588235,
0.631579,0.75,
0.823529,0.736842,
0.555556,0.611111,
0.684211,0.866667,
0.758621,0.869565,
0.8,0.789474,
0.65,0.56,
0.666667,0.583333,
0.5,0.6875,
0.461538,0.4375,
0.592593,0.75,
0.666667,0.666667,
0.892857,0.785714,
0.692308,0.72,
0.470588,0.416667,
0.307692,0.277778,
0.5,0.6875,
0.73913,0.653846,
0.363636,0.444444,
0.428571,0.357143,
0.666667,0.55,
0.807692,0.758621,
0.4,0.4,
0.785714,0.785714,
0.64,0.75,
0.470588,0.4,
0.777778,0.875,
0.88,0.814815,
0.421053,0.421053,
0.55,0.714286,
0.764706,0.866667,
0.25,0.375,
0.529412,0.588235,
0.681818,0.875,
0.666667,0.8,
0.733333,0.75,
0.5,0.444444,
0.5,0.541667,
0.833333,0.75,
0.333333,0.357143,
0.833333,0.695652,
0.65,0.866667,
0.736842,0.923077,
0.4,0.363636,
0.608696,0.631579,
0.571429,0.421053,
0.681818,0.75,
0.65,0.75,
0.529412,0.4,
0.333333,0.333333,
0.444444,0.363636,
0.625,0.5,
0.307692,0.285714,
0.566667,0.681818,
0.777778,0.913043,
0.636364,0.823529,
0.52381,0.8,
0.315789,0.375,
0.84,0.8,
0.5,0.428571,
0.666667,0.764706,
0.869565,0.857143,
0.411765,0.428571,
0.8,0.761905,
0.461538,0.608696,
0.68,0.826087,
0.904762,0.85,
0.956522,0.766667,
0.714286,0.625,
0.7,0.928571,
0.619048,0.666667,
0.470588,0.615385,
0.76,0.666667,
0.625,0.625,
0.4,0.473684,
0.846154,0.733333,
0.592593,0.62963,
0.708333,0.761905,
0.470588,0.692308,
0.636364,0.538462,
0.785714,0.52381,
0.458333,0.578947,
0.588235,0.5,
0.782609,0.75,
0.8125,0.7,
0.4,0.384615,
0.851852,0.851852,
0.916667,0.833333,
0.526316,0.6875,
0.8125,0.722222,
0.607143,0.633333,
0.833333,0.833333,
0.857143,0.958333,
0.538462,0.65,
0.608696,0.8125,
0.470588,0.444444,
0.5625,0.615385,
0.722222,0.736842,
0.8,0.666667,
0.6,0.5,
0.565217,0.65,
0.454545,0.529412,
0.75,0.652174,
0.789474,0.615385,
0.631579,0.611111,
0.833333,0.647059,
0.272727,0.375,
0.5,0.555556,
0.846154,0.714286,
0.5,0.647059,
0.6,0.470588,
0.8,0.64,
0.428571,0.642857,
0.857143,0.65,
0.791667,0.703704,
0.6,0.48,
0.526316,0.6,
0.736842,0.875,
0.470588,0.666667,
0.5,0.75,
0.941176,0.695652,
0.722222,0.608696,
0.352941,0.4375,
0.45,0.409091,
0.692308,0.85,
0.695652,0.761905,
0.653846,0.809524,
0.807692,0.846154,
0.6,0.555556,
0.793103,0.875,
0.454545,0.428571,
0.454545,0.454545,
0.875,0.875,
0.545455,0.722222,
0.608696,0.736842,
0.52,0.777778,
0.538462,0.583333,
0.608696,0.722222,
0.92,0.827586,
0.823529,0.75,
0.888889,0.896552,
0.65,0.666667,
0.666667,0.736842,
0.416667,0.555556,
0.388889,0.666667,
0.772727,0.727273,
0.461538,0.428571,
0.727273,0.8,
0.619048,0.590909,
0.533333,0.6,
0.611111,0.52381,
0.92,0.954545,
0.3,0.333333,
0.461538,0.65,
0.777778,0.75,
0.5,0.5625,
0.444444,0.363636,
0.846154,0.814815,
0.761905,0.73913,
0.925926,0.888889,
0.958333,0.766667,
0.428571,0.3,
0.76,0.826087,
0.6875,0.733333,
0.5625,0.529412,
0.722222,0.714286,
0.588235,0.785714,
0.6,0.6,
0.478261,0.55,
0.64,0.681818,
0.388889,0.583333,
0.75,0.7,
0.705882,0.541667,
0.375,0.411765,
0.631579,0.733333,
0.642857,0.6,
0.416667,0.666667,
0.333333,0.363636,
0.727273,0.789474,
0.769231,0.9,
0.777778,0.608696,
0.653846,0.772727,
0.892857,0.862069,
0.789474,0.714286,
0.733333,0.733333,
0.714286,0.535714,
0.809524,0.708333,
0.576923,0.736842,
0.583333,0.590909,
0.65,0.565217,
0.833333,0.761905,
0.95,0.791667,
0.6,0.625,
0.7,0.75,
0.8,0.809524,
0.473684,0.5,
0.590909,0.764706,
0.647059,0.647059,
0.705882,0.722222,
0.307692,0.230769,
0.652174,0.652174,
0.681818,0.636364,
0.6,0.75,
0.5,0.388889,
0.47619,0.625,
0.72,0.772727,
0.565217,0.5,
0.92,0.833333,
0.526316,0.666667,
0.862069,0.9,
0.625,0.857143,
0.5,0.666667,
0.76,0.857143,
0.842105,0.727273,
0.625,0.454545,
0.4,0.333333,
0.666667,0.8125,
0.583333,0.666667,
0.421053,0.538462,
0.846154,0.705882,
0.423077,0.611111,
0.64,0.62069,
0.789474,0.615385,
0.863636,0.666667,
0.5,0.428571,
0.777778,0.538462,
0.5,0.5,
0.588235,0.5625,
0.5,0.818182,
0.714286,0.714286,
0.625,0.590909,
0.647059,0.733333,
0.375,0.352941,
0.611111,0.611111,
0.842105,0.75,
0.764706,0.565217,
0.578947,0.611111,
0.842105,0.64,
1,0.769231,
0.761905,0.761905,
0.285714,0.25,
0.823529,0.833333,
0.47619,0.588235,
0.894737,0.73913,
0.588235,0.666667,
0.631579,0.857143,
0.875,0.791667,
0.363636,0.4,
0.333333,0.368421,
0.5,0.461538,
0.851852,0.785714,
0.75,0.48,
0.789474,0.64,
0.913043,0.833333,
0.904762,0.703704,
0.714286,0.666667,
0.785714,0.75,
1,1,
0.684211,0.590909,
0.76,0.947368,
0.555556,0.454545,
0.5,0.444444,
0.777778,0.653846,
0.708333,0.842105,
0.555556,0.615385,
0.785714,0.588235,
0.666667,0.592593,
0.611111,0.736842,
0.615385,0.727273,
0.611111,0.588235,
0.785714,0.875,
0.590909,0.631579,
0.703704,0.714286,
0.428571,0.4,
0.777778,0.777778,
0.705882,0.619048,
0.666667,0.777778,
0.733333,0.578947,
0.681818,0.636364,
0.791667,0.791667,
0.73913,0.772727,
0.5,0.444444,
0.583333,0.666667,
0.625,0.588235,
0.4,0.333333,
0.5,0.473684,
0.705882,0.666667,
0.5,0.4,
0.578947,0.611111,
0.5,0.56,
0.692308,0.782609,
0.533333,0.6,
0.388889,0.538462,
0.769231,0.578947,
0.666667,0.5,
0.681818,0.65,
0.333333,0.3125,
0.733333,0.722222,
0.954545,0.785714,
0.84,0.913043,
0.5,0.411765,
0.652174,0.695652,
0.772727,0.833333,
0.590909,0.722222,
0.590909,0.631579,
0.777778,0.7,
0.466667,0.5,
0.588235,0.578947,
0.65,0.5,
0.352941,0.615385,
0.6,0.6,
0.866667,0.7,
0.62069,0.75,
0.769231,0.666667,
0.678571,0.809524,
0.363636,0.5,
0.666667,0.708333,
0.461538,0.375,
0.851852,0.88,
0.444444,0.571429,
0.428571,0.636364,
0.722222,0.666667,
0.566667,0.551724,
0.695652,0.62069,
0.821429,0.875,
0.5,0.363636,
0.9,0.818182,
0.5,0.545455,
0.571429,0.588235,
0.9,0.730769,
0.555556,0.615385,
0.55,0.785714,
0.884615,0.857143,
0.785714,0.833333,
0.68,0.842105,
0.571429,0.7,
0.791667,0.633333,
0.5,0.666667,
0.6,0.473684,
0.684211,0.666667,
0.25,0.181818,
0.6875,0.785714,
0.692308,0.555556,
0.857143,0.842105,
0.541667,0.483871,
0.388889,0.388889,
0.84,0.724138,
0.772727,0.761905,
0.444444,0.727273,
0.85,0.888889,
0.791667,0.740741,
0.615385,0.533333,
0.722222,0.722222,
0.473684,0.444444,
0.5,0.555556,
0.75,0.708333,
0.764706,0.722222,
0.571429,0.533333,
0.529412,0.642857,
0.608696,0.611111,
0.2,0.333333,
0.65,0.8125,
0.827586,0.888889,
0.636364,0.8125,
0.666667,0.714286,
0.470588,0.5,
0.909091,0.807692,
0.619048,0.8,
0.714286,0.555556,
0.863636,0.782609,
0.857143,0.777778,
0.684211,0.619048,
0.4,0.642857,
0.684211,0.666667,
0.722222,0.666667,
0.5,0.3,
0.625,0.608696,
0.807692,0.777778,
0.5,0.470588,
0.875,0.714286,
0.833333,0.736842,
0.565217,0.722222,
0.619048,0.461538,
0.705882,0.705882,
0.842105,0.692308,
0.611111,0.733333,
0.5,0.5625,
0.904762,0.714286,
0.363636,0.363636,
0.529412,0.368421,
0.647059,0.647059,
0.791667,0.7,
0.705882,0.611111,
0.666667,0.608696,
0.5,0.625,
0.444444,0.615385,
0.428571,0.5,
0.772727,0.692308,
0.7,0.5,
0.636364,0.772727,
0.925926,0.92,
0.5,0.466667,
0.578947,0.846154,
0.666667,0.705882,
0.4,0.615385,
0.736842,0.764706,
0.933333,0.652174,
0.65,0.65,
0.892857,0.892857,
0.692308,0.782609,
0.666667,0.888889,
0.85,0.653846,
0.4,0.533333,
0.588235,0.769231,
0.75,0.84,
0.470588,0.391304,
0.875,0.727273,
0.428571,0.411765,
0.62963,0.8,
0.769231,0.909091,
0.307692,0.5,
0.842105,0.695652,
0.916667,0.785714,
0.357143,0.5,
0.826087,0.76,
0.709677,0.846154,
0.6,0.6,
0.769231,0.611111,
0.681818,0.722222,
0.875,0.793103,
0.692308,0.730769,
0.793103,0.956522,
0.65,0.882353,
0.736842,0.666667,
0.5,0.4375,
0.769231,0.818182,
0.65,0.52,
0.636364,0.565217,
0.611111,0.545455,
0.631579,0.846154,
0.583333,0.466667,
0.76,0.703704,
0.761905,0.625,
0.4,0.411765,
0.625,0.545455,
0.5625,0.5625,
0.576923,0.823529,
0.76,0.904762,
0.789474,0.722222,
0.6,0.473684,
0.875,0.84,
0.884615,0.888889,
0.444444,0.4,
0.375,0.461538,
0.428571,0.5,
0.681818,0.652174,
0.352941,0.4,
0.619048,0.56,
0.833333,0.954545,
0.5,0.388889,
0.833333,0.869565,
0.583333,0.684211,
0.809524,0.708333,
0.285714,0.428571,
0.8,0.64,
0.3125,0.416667,
0.357143,0.416667,
0.473684,0.642857,
0.714286,0.652174,
0.388889,0.466667,
0.8,0.705882,
0.9,0.666667,
0.705882,0.47619,
0.888889,0.8,
0.5,0.421053,
0.529412,0.5625,
0.4375,0.466667,
0.516129,0.666667,
0.681818,0.695652,
0.454545,0.666667,
0.892857,0.862069,
0.777778,0.76,
0.592593,0.714286,
0.85,0.72,
0.5625,0.692308,
0.862069,0.862069,
0.84,0.909091,
0.826087,0.818182,
0.470588,0.5,
0.75,0.666667,
0.888889,0.695652,
0.823529,0.736842,
0.533333,0.47619,
0.333333,0.25,
0.793103,0.741935,
0.636364,0.8,
0.758621,0.807692,
0.944444,0.727273,
0.8,0.666667,
0.857143,0.772727,
0.47619,0.666667,
0.708333,0.8125,
0.95,0.793103,
0.769231,0.952381,
0.875,0.833333,
0.733333,0.6875,
0.5,0.333333,
0.608696,0.636364,
0.666667,0.666667,
0.851852,0.785714,
0.4,0.5,
0.875,0.807692,
0.6,0.444444,
0.464286,0.722222,
0.5,0.5,
0.952381,0.807692,
0.769231,0.588235,
0.294118,0.277778,
0.363636,0.363636,
0.318182,0.35,
0.625,0.470588,
0.730769,0.703704,
1,0.8,
0.736842,0.823529,
0.7,0.8125,
0.578947,0.647059,
0.615385,0.842105,
0.466667,0.466667,
0.733333,0.681818,
0.625,0.736842,
0.68,0.777778,
0.538462,0.5,
0.769231,0.75,
0.782609,0.818182,
0.84,0.84,
0.789474,0.888889,
0.75,0.636364,
0.684211,0.8125,
0.769231,0.611111,
0.454545,0.428571,
0.84,0.807692,
0.842105,0.8,
0.684211,0.7,
0.357143,0.384615,
0.75,0.6,
0.65,0.764706,
0.75,0.75,
0.76,0.833333,
0.733333,0.733333,
0.473684,0.6,
0.466667,0.5,
0.631579,0.7,
0.695652,0.75,
0.818182,0.818182,
0.909091,0.625,
0.652174,0.842105,
0.571429,0.761905,
0.6875,0.5,
0.583333,0.636364,
0.529412,0.714286,
0.692308,0.73913,
0.5,0.625,
0.47619,0.647059,
0.615385,0.607143,
0.625,0.555556,
0.666667,0.666667,
0.578947,0.647059,
0.5,0.538462,
0.714286,0.952381,
0.692308,0.642857,
0.636364,0.470588,
0.777778,0.75,
0.538462,0.6,
0.5,0.45,
0.736842,0.5,
0.4,0.388889,
0.631579,0.611111,
0.7,0.5,
0.823529,0.7,
0.6,0.666667,
0.857143,0.8,
0.4,0.7,
0.909091,0.807692,
0.875,0.724138,
0.84,0.88,
0.9,0.8,
0.666667,0.521739,
0.615385,0.571429,
0.6,0.55,
0.777778,0.75,
0.272727,0.2,
0.625,0.578947,
0.666667,0.703704,
0.894737,0.72,
0.689655,0.95,
0.444444,0.333333,
0.538462,0.4375,
0.952381,0.758621,
0.764706,0.681818,
0.434783,0.533333,
0.9375,0.652174,
0.9,0.730769,
0.875,0.666667,
0.684211,0.866667,
0.4,0.461538,
0.6,0.6875,
0.454545,0.625,
0.666667,0.782609,
0.5,0.368421,
0.823529,0.625,
0.470588,0.5,
0.388889,0.380952,
0.72,0.645161,
0.428571,0.470588,
0.9,0.76,
0.555556,0.526316,
0.545455,0.461538,
0.571429,0.631579,
0.565217,0.666667,
0.538462,0.5,
0.333333,0.5,
0.666667,0.714286,
0.461538,0.590909,
0.736842,0.7,
0.592593,0.75,
0.714286,0.791667,
0.6,0.7,
0.851852,0.88,
0.5,0.75,
0.73913,0.75,
0.708333,0.789474,
0.809524,0.76,
0.615385,0.529412,
0.647059,0.6875,
0.64,0.833333,
0.75,0.777778,
0.516129,0.714286,
0.708333,0.666667,
0.541667,0.684211,
0.555556,0.535714,
0.730769,0.909091,
0.235294,0.210526,
0.75,0.826087,
0.5625,0.692308,
0.785714,0.52381,
0.857143,0.666667,
0.5,0.5,
0.64,0.727273,
0.68,0.653846,
0.3125,0.25,
0.6,0.5,
0.736842,0.6,
0.4,0.363636,
0.4,0.363636,
0.5,0.6,
0.9,0.714286,
0.545455,0.666667,
0.545455,0.428571,
0.625,0.434783,
0.533333,0.4,
0.73913,0.708333,
0.363636,0.444444,
0.5,0.344828,
0.909091,0.740741,
0.333333,0.444444,
0.777778,0.8125,
0.5,0.357143,
0.571429,0.5625,
0.789474,0.652174,
0.533333,0.615385,
0.708333,0.809524,
0.277778,0.3125,
0.625,0.47619,
0.863636,0.75,
0.666667,0.526316,
0.588235,0.769231,
0.9,0.75,
0.375,0.25,
0.4,0.461538,
0.909091,0.863636,
0.866667,0.7,
0.615385,0.714286,
0.444444,0.533333,
0.315789,0.352941,
0.555556,0.555556,
0.666667,0.625,
0.590909,0.7,
0.625,0.722222,
0.75,0.6,
0.588235,0.647059,
0.909091,0.625,
0.722222,0.52381,
0.92,0.774194,
0.857143,0.9,
0.583333,0.538462,
0.666667,0.764706,
0.586207,0.653846,
0.727273,0.888889,
0.470588,0.666667,
0.230769,0.3,
0.5625,0.692308,
0.533333,0.444444,
0.538462,0.666667,
0.636364,0.571429,
0.4,0.571429,
0.75,0.882353,
0.769231,0.769231,
0.823529,0.736842,
0.538462,0.636364,
0.8,0.782609,
0.727273,0.666667,
0.92,0.827586,
0.52381,0.578947,
0.695652,0.708333,
0.736842,0.764706,
0.461538,0.555556,
0.538462,0.565217,
0.3125,0.461538,
0.470588,0.473684,
0.5,0.588235,
0.722222,0.764706,
0.76,0.678571,
0.578947,0.846154,
0.777778,0.736842,
0.6,0.529412,
0.684211,0.647059,
0.473684,0.6,
0.818182,0.666667,
0.931034,0.892857,
0.692308,0.75,
0.666667,0.944444,
0.75,0.583333,
0.928571,0.684211,
0.9375,0.695652,
0.777778,0.789474,
0.833333,0.75,
0.785714,0.814815,
0.4,0.461538,
0.736842,0.666667,
0.461538,0.444444,
0.772727,0.666667,
0.47619,0.578947,
0.565217,0.875,
0.153846,0.153846,
0.357143,0.416667,
0.681818,0.875,
0.428571,0.333333,
0.388889,0.368421,
0.666667,0.733333,
0.571429,0.470588,
0.758621,0.833333,
0.5,0.636364,
0.8125,0.684211,
0.689655,0.95,
0.428571,0.518519,
0.8,0.769231,
0.611111,0.423077,
0.434783,0.555556,
0.869565,0.814815,
0.807692,0.863636,
0.461538,0.466667,
0.578947,0.571429,
0.35,0.411765,
0.8,0.777778,
0.666667,0.857143,
0.428571,0.5,
0.8,0.625,
0.526316,0.6875,
0.666667,0.736842,
0.684211,0.866667,
0.692308,0.529412,
0.428571,0.478261,
0.478261,0.705882,
0.571429,0.8,
0.285714,0.285714,
0.736842,0.777778,
0.533333,0.461538,
0.782609,0.689655,
0.5,0.411765,
0.625,0.454545,
0.625,0.375,
0.842105,0.72,
0.666667,0.590909,
0.818182,0.5625,
0.666667,0.631579,
0.666667,0.545455,
0.733333,0.545455,
0.4,0.428571,
0.730769,0.666667,
0.64,0.941176,
0.428571,0.555556,
0.809524,0.904762,
0.466667,0.5,
0.473684,0.571429,
0.5625,0.75,
0.473684,0.642857,
0.791667,0.791667,
0.5,0.333333,
0.538462,0.444444,
0.545455,0.75,
0.666667,0.875,
0.642857,0.538462,
0.791667,0.689655,
0.681818,0.8,
0.5,0.357143,
0.56,0.777778,
0.913043,0.814815,
0.588235,0.473684,
0.333333,0.444444,
0.666667,0.8,
0.375,0.466667,
0.821429,0.851852,
0.846154,0.814815,
0.25,0.181818,
0.928571,0.923077,
0.466667,0.470588,
0.736842,0.636364,
1,0.647059,
0.5,0.625,
0.666667,0.384615,
0.541667,0.6,
0.888889,0.730769,
0.807692,0.703704,
0.944444,0.75,
0.583333,0.666667,
0.958333,0.814815,
0.6,0.8,
0.529412,0.529412,
0.666667,0.590909,
0.642857,0.529412,
0.5,0.545455,
0.586207,0.791667,
0.772727,0.551724,
0.692308,0.727273,
0.52381,0.785714,
0.761905,0.8,
0.681818,0.75,
0.333333,0.25,
0.714286,0.555556,
0.5,0.4375,
0.428571,0.333333,
0.681818,0.636364,
0.666667,0.619048,
0.375,0.461538,
0.4,0.315789,
0.806452,0.83871,
0.793103,0.84,
0.65,0.928571,
0.789474,0.833333,
0.636364,0.608696,
0.777778,0.764706,
0.4,0.307692,
0.869565,0.727273,
0.533333,0.470588,
0.470588,0.470588,
0.263158,0.384615,
0.555556,0.454545,
0.533333,0.428571,
0.789474,0.7,
0.947368,0.703704,
0.416667,0.37037,
0.533333,0.444444,
0.5625,0.380952,
0.318182,0.315789,
0.625,0.625,
0.541667,0.705882,
0.666667,0.666667,
0.769231,0.692308,
0.352941,0.315789,
0.8,0.695652,
0.615385,0.73913,
0.5,0.5,
0.5,0.6875,
0.461538,0.75,
0.764706,0.56,
0.722222,0.666667,
0.5,0.444444,
0.666667,0.535714,
0.571429,0.473684,
0.8125,0.75,
0.642857,0.692308,
0.782609,0.727273,
0.375,0.461538,
0.84,0.807692,
0.857143,0.857143,
0.5,0.357143,
0.714286,0.736842,
0.75,0.666667,
0.894737,0.818182,
0.5,0.583333,
0.307692,0.4,
0.933333,0.8125,
0.8125,0.75,
0.473684,0.37037,
0.454545,0.357143,
0.352941,0.333333,
0.642857,0.869565,
0.75,0.692308,
0.6,0.428571,
0.692308,1,
0.583333,0.538462,
0.727273,0.615385,
0.75,0.75,
0.793103,1,
0.444444,0.4,
0.68,0.944444,
0.708333,0.64,
0.62069,0.809524,
0.807692,0.84,
0.888889,0.818182,
0.576923,0.576923,
0.6875,0.611111,
0.461538,0.545455,
0.863636,0.730769,
0.631579,0.923077,
0.653846,0.68,
0.444444,0.571429,
0.611111,0.916667,
0.692308,1,
0.724138,0.75,
0.6875,0.666667,
0.190476,0.266667,
0.444444,0.705882,
0.68,0.9375,
0.72,0.809524,
0.636364,0.76,
0.538462,0.421053,
0.761905,0.666667,
0.555556,0.652174,
0.722222,0.636364,
0.521739,0.705882,
0.636364,0.583333,
0.375,0.24,
0.692308,0.380952,
0.565217,0.684211,
0.521739,0.764706,
0.833333,0.689655,
0.714286,0.592593,
0.740741,0.791667,
0.6875,0.55,
0.538462,0.590909,
0.56,0.482759,
0.647059,0.52381,
0.625,0.652174,
0.666667,0.928571,
0.347826,0.368421,
0.666667,0.461538,
0.647059,0.846154,
0.5,0.45,
0.52381,0.571429,
0.833333,0.576923,
0.3,0.428571,
0.625,0.55,
0.65,0.857143,
0.809524,0.708333,
0.6875,0.733333,
0.65,0.8125,
0.3,0.272727,
0.6,0.535714,
0.8,0.727273,
0.875,0.652174,
0.8,0.888889,
0.904762,0.84,
0.785714,0.75,
0.210526,0.285714,
0.608696,0.7,
0.526316,0.529412,
0.3125,0.333333,
0.428571,0.461538,
0.862069,0.862069,
0.5,0.7,
0.52381,0.785714,
0.555556,0.481481,
0.6875,0.647059,
0.518519,0.684211,
0.428571,0.5,
0.529412,0.642857,
0.642857,0.642857,
0.782609,0.681818,
0.5,0.5,
0.588235,0.526316,
0.578947,0.764706,
0.846154,0.647059,
0.526316,0.625,
0.464286,0.518519,
0.8125,0.7,
0.823529,0.736842,
0.647059,0.588235,
0.875,0.777778,
0.703704,0.818182,
0.363636,0.333333,
0.952381,0.793103,
0.545455,0.470588,
0.68,0.888889,
0.380952,0.444444,
0.863636,0.724138,
0.689655,0.904762,
0.904762,0.791667,
0.96,0.952381,
0.826087,0.826087,
0.625,0.727273,
0.833333,0.769231,
0.809524,0.653846,
0.444444,0.533333,
0.736842,0.684211,
0.411765,0.5,
0.388889,0.5,
0.75,0.5625,
0.533333,0.727273,
0.684211,0.619048,
0.461538,0.461538,
0.565217,0.8125,
0.809524,0.941176,
0.6,0.615385,
0.666667,0.666667,
0.692308,0.68,
0.590909,0.590909,
0.444444,0.769231,
0.714286,0.846154,
0.266667,0.333333,
0.75,0.529412,
0.333333,0.4,
0.653846,0.818182,
0.5,0.666667,
0.65,0.615385,
0.769231,0.904762,
0.538462,0.684211,
0.809524,0.842105,
0.625,0.692308,
0.653846,0.888889,
0.666667,0.791667,
0.625,0.416667,
0.857143,0.857143,
0.4,0.636364,
0.64,0.75,
0.863636,1,
0.5625,0.769231,
0.4,0.545455,
0.888889,0.64,
0.793103,0.96,
0.772727,0.809524,
1,0.863636,
0.6875,0.619048,
0.875,0.684211,
0.727273,0.882353,
0.777778,0.681818,
0.533333,0.615385,
0.727273,0.64,
0.6,0.8,
0.814815,0.766667,
0.545455,0.416667,
0.736842,0.666667,
0.769231,0.791667,
0.666667,0.722222,
0.714286,0.777778,
0.818182,0.642857,
0.769231,0.733333,
0.454545,0.384615,
0.75,0.642857,
0.578947,0.428571,
0.571429,0.482759,
0.8,0.666667,
0.72,0.62963,
0.588235,0.526316,
0.588235,0.6,
0.684211,0.684211,
0.92,0.785714,
0.736842,0.777778,
0.571429,0.6,
0.857143,0.655172,
0.809524,0.8,
0.818182,0.869565,
0.545455,0.5,
0.6,0.5,
0.695652,0.736842,
0.692308,0.947368,
0.75,0.909091,
1,0.884615,
0.571429,0.470588,
0.730769,0.730769,
0.76,0.826087,
0.44,0.611111,
0.5,0.470588,
0.923077,0.578947,
0.85,0.692308,
0.785714,0.647059,
0.571429,0.727273,
0.521739,0.666667,
0.666667,0.666667,
0.833333,0.869565,
0.84,0.814815,
0.730769,0.894737,
0.416667,0.461538,
0.666667,0.615385,
0.846154,0.814815,
0.578947,0.722222,
0.666667,0.631579,
0.833333,0.8,
0.357143,0.5,
0.333333,0.296296,
0.588235,0.625,
0.545455,0.6875,
0.708333,0.75,
0.647059,0.407407,
0.458333,0.6,
0.461538,0.538462,
0.666667,0.722222,
0.526316,0.588235,
0.833333,0.588235,
0.4,0.444444,
0.5625,0.642857,
0.894737,0.73913,
0.555556,0.714286,
0.5,0.615385,
0.684211,0.48,
0.526316,0.5,
0.785714,0.55,
0.526316,0.714286,
0.793103,0.724138,
0.65,0.681818,
0.461538,0.6,
0.633333,0.592593,
0.6,0.727273,
0.611111,0.578947,
0.769231,0.625,
0.653846,0.73913,
0.666667,0.764706,
0.933333,0.681818,
0.62069,0.818182,
0.615385,0.68,
0.62963,0.736842,
0.666667,0.826087,
0.615385,0.571429,
0.814815,0.821429,
0.5,0.529412,
0.666667,0.5,
0.740741,0.677419,
0.814815,0.916667,
0.740741,0.869565,
0.5625,0.473684,
0.62069,0.772727,
0.666667,0.533333,
0.647059,0.846154,
0.615385,0.421053,
0.785714,0.625,
0.724138,0.733333,
0.88,0.956522,
0.625,0.5625,
0.652174,0.64,
0.9375,0.695652,
0.647059,0.52381,
0.545455,0.583333,
0.583333,0.466667,
0.789474,0.761905,
0.888889,0.882353,
0.916667,0.888889,
0.384615,0.454545,
0.761905,0.761905,
0.692308,0.607143,
0.285714,0.454545,
0.375,0.428571,
0.714286,0.769231,
0.636364,0.6,
0.652174,0.625,
0.777778,0.846154,
0.631579,0.5,
0.833333,0.56,
0.526316,0.705882,
0.681818,0.75,
0.52381,0.733333,
0.615385,0.636364,
0.814815,0.84,
0.538462,0.384615,
0.47619,0.588235,
0.631579,0.52,
0.705882,0.521739,
0.75,0.652174,
0.222222,0.222222,
0.526316,0.625,
0.708333,0.894737,
0.6,0.416667,
0.916667,0.846154,
0.758621,0.785714,
0.5,0.470588,
0.727273,0.761905,
0.52381,0.55,
0.8,0.818182,
0.625,0.846154,
0.8,0.705882,
0.210526,0.222222,
0.416667,0.454545,
0.285714,0.363636,
0.533333,0.5625,
0.782609,0.68,
0.695652,0.85,
0.666667,0.882353,
0.4,0.285714,
0.615385,0.5,
0.8125,0.75,
0.583333,0.4,
0.857143,0.631579,
0.851852,0.758621,
0.529412,0.818182,
0.545455,0.428571,
0.823529,0.777778,
0.84,0.807692,
0.647059,0.6875,
0.65,0.857143,
0.428571,0.4,
0.7,0.75,
0.695652,0.761905,
0.461538,0.4,
0.592593,0.727273,
0.714286,0.8,
0.5,0.588235,
0.615385,0.4,
0.73913,0.76,
0.833333,0.678571,
0.315789,0.333333,
0.875,0.714286,
0.722222,0.590909,
0.857143,0.793103,
0.823529,0.583333,
0.73913,0.8,
0.526316,0.692308,
0.791667,0.769231,
0.65,0.75,
0.368421,0.466667,
0.708333,0.789474,
0.533333,0.5,
0.6,0.615385,
0.5,0.538462,
0.653846,0.708333,
0.368421,0.352941,
0.411765,0.368421,
0.692308,0.529412,
0.5,0.666667,
0.761905,0.576923,
0.545455,0.5,
0.727273,0.653846,
0.791667,0.72,
0.421053,0.470588,
0.666667,0.6875,
0.652174,0.6,
0.722222,0.8125,
0.84,0.777778,
0.5,0.357143,
0.740741,0.904762,
0.666667,0.875,
0.5,0.416667,
0.333333,0.4,
0.619048,0.5,
0.789474,0.73913,
0.454545,0.5,
0.545455,0.666667,
0.884615,0.884615,
0.761905,0.592593,
0.545455,0.666667,
0.666667,0.8125,
0.47619,0.578947,
0.4375,0.5,
0.4,0.4375,
0.3125,0.4,
0.809524,0.9375,
0.411765,0.466667,
0.7,0.64,
0.538462,0.461538,
0.652174,0.823529,
0.857143,0.88,
0.357143,0.238095,
0.75,0.6,
0.764706,0.695652,
0.636364,0.517241,
0.678571,0.782609,
0.615385,0.615385,
0.875,0.625,
0.384615,0.416667,
0.733333,0.5625,
0.8,0.809524,
0.72,0.818182,
0.444444,0.5625,
0.533333,0.529412,
0.916667,0.785714,
0.56,0.652174,
0.730769,0.772727,
0.6,0.764706,
0.875,0.785714,
0.913043,0.88,
0.631579,0.384615,
0.6875,0.571429,
0.8,0.772727,
0.636364,0.5,
0.615385,0.615385,
0.607143,0.666667,
0.4,0.363636,
0.538462,0.727273,
0.833333,0.714286,
0.6,0.857143,
0.869565,0.826087,
0.3125,0.416667,
0.705882,0.764706,
0.5,0.625,
0.769231,0.769231,
0.666667,0.733333,
0.571429,0.571429,
0.5,0.470588,
0.578947,0.52381,
0.695652,0.761905,
0.857143,0.72,
0.52381,0.625,
0.6875,0.6875,
0.8125,0.56,
0.388889,0.583333,
0.714286,0.478261,
0.5,0.411765,
0.615385,0.666667,
0.5,0.4,
0.941176,0.782609,
0.705882,0.647059,
0.75,0.842105,
0.736842,0.681818,
0.608696,0.777778,
0.5,0.642857,
0.666667,0.625,
0.833333,0.76,
0.538462,0.7,
0.714286,0.555556,
0.703704,0.904762,
0.633333,0.653846,
0.545455,0.588235,
0.785714,0.733333,
0.6,0.647059,
0.76,0.782609,
0.526316,0.769231,
0.566667,0.68,
0.333333,0.454545,
0.727273,0.571429,
0.541667,0.666667,
0.882353,0.64,
0.666667,0.833333,
0.4,0.368421,
0.823529,0.777778,
0.692308,0.894737,
0.636364,0.666667,
0.4375,0.368421,
0.68,0.857143,
0.576923,0.615385,
0.68,0.75,
0.842105,0.9375,
0.6,0.5,
0.416667,0.666667,
0.769231,0.807692,
0.842105,0.882353,
0.625,0.5,
0.826087,0.714286,
0.64,0.761905,
0.875,0.777778,
0.818182,0.5625,
0.625,0.588235,
0.454545,0.428571,
0.545455,0.631579,
0.846154,0.916667,
0.6,0.583333,
0.333333,0.315789,
0.8,0.666667,
0.588235,0.642857,
0.45,0.615385,
0.785714,0.6,
0.75,0.777778,
0.375,0.6,
0.222222,0.307692,
0.571429,0.470588,
0.653846,0.857143,
0.375,0.4375,
0.538462,0.538462,
0.375,0.461538,
0.736842,0.652174,
0.73913,0.772727,
0.636364,0.5,
0.619048,0.541667,
0.6875,0.458333,
0.615385,0.533333,
0.434783,0.357143,
0.653846,0.809524,
0.37037,0.5,
0.529412,0.5625,
0.538462,0.466667,
0.5,0.5,
0.714286,0.576923,
0.583333,0.518519,
0.857143,0.666667,
0.653846,0.592593,
0.333333,0.545455,
0.6875,0.652174,
0.384615,0.384615,
0.727273,0.894737,
0.793103,0.821429,
0.863636,0.740741,
0.533333,0.666667,
0.263158,0.333333,
0.842105,0.761905,
0.655172,0.75,
0.821429,0.846154,
0.333333,0.444444,
0.705882,0.6,
0.375,0.307692,
0.545455,0.428571,
0.590909,0.541667,
0.769231,0.769231,
0.863636,0.769231,
0.5625,0.529412,
0.846154,0.846154,
0.913043,0.758621,
0.75,0.764706,
0.470588,0.5,
0.56,0.684211,
0.4375,0.388889,
0.470588,0.444444,
0.363636,0.363636,
0.5625,0.642857,
0.545455,0.6,
0.388889,0.368421,
0.615385,0.681818,
0.5,0.4375,
0.666667,0.466667,
0.6,0.647059,
0.4,0.444444,
0.636364,0.615385,
0.518519,0.608696,
0.875,0.88,
0.789474,0.75,
0.6,0.5,
0.571429,0.7,
0.866667,0.896552,
0.526316,0.526316,
0.772727,0.708333,
0.571429,0.347826,
0.5625,0.375,
0.428571,0.6,
0.714286,0.818182,
0.882353,0.6,
0.363636,0.444444,
0.3,0.230769,
0.454545,0.666667,
0.375,0.315789,
0.4,0.466667,
0.733333,0.862069,
0.478261,0.526316,
0.6875,0.571429,
0.5,0.714286,
0.769231,0.740741,
0.625,0.769231,
0.434783,0.666667,
0.888889,0.888889,
0.47619,0.578947,
0.75,0.642857,
0.538462,0.619048,
0.6,0.473684,
0.5,0.4,
0.466667,0.692308,
0.545455,0.529412,
0.521739,0.722222,
0.666667,0.85,
0.96,0.923077,
0.444444,0.692308,
0.708333,0.888889,
0.666667,0.619048,
0.705882,0.684211,
0.375,0.384615,
0.857143,0.666667,
0.772727,0.85,
0.636364,0.681818,
0.4,0.285714,
0.526316,0.625,
0.647059,0.5,
0.611111,0.611111,
0.72,0.818182,
0.772727,0.8,
0.576923,0.517241,
0.333333,0.352941,
0.703704,0.904762,
0.892857,0.88,
0.789474,0.772727,
0.913043,0.84,
0.444444,0.4,
0.875,0.764706,
0.714286,0.454545,
0.944444,0.84,
0.913043,0.758621,
0.444444,0.4375,
0.958333,0.88,
0.826087,0.791667,
0.809524,0.809524,
0.692308,0.578947,
0.5,0.384615,
0.758621,0.863636,
0.62963,0.714286,
0.4,0.363636,
0.521739,0.705882,
0.428571,0.5625,
0.352941,0.333333,
0.541667,0.684211,
0.555556,0.47619,
0.571429,0.705882,
0.578947,0.44,
0.478261,0.6875,
0.761905,0.8,
0.52381,0.478261,
0.833333,0.652174,
0.647059,0.5,
0.611111,0.647059,
0.611111,0.555556,
0.478261,0.555556,
0.571429,0.727273,
0.75,0.714286,
0.5,0.466667,
0.615385,0.411765,
0.6,0.631579,
0.615385,0.666667,
0.85,0.727273,
0.884615,0.821429,
0.588235,0.578947,
0.85,0.85,
0.642857,0.5,
0.863636,0.791667,
0.555556,0.647059,
0.851852,0.857143,
0.869565,0.714286,
0.916667,0.88,
0.714286,0.818182,
0.565217,0.590909,
0.894737,0.818182,
0.588235,0.555556,
0.923077,0.857143,
0.5625,0.818182,
0.740741,0.863636,
0.842105,0.538462,
0.576923,0.789474,
0.461538,0.285714,
0.416667,0.416667,
0.578947,0.578947,
0.428571,0.538462,
0.842105,0.789474,
0.631579,0.846154,
0.5,0.578947,
0.772727,0.653846,
0.642857,0.75,
0.466667,0.533333,
0.277778,0.333333,
0.88,0.814815,
0.4,0.647059,
0.9,0.72,
0.684211,0.521739,
0.666667,0.636364,
0.521739,0.44,
0.45,0.6,
0.791667,0.714286,
0.6,0.555556,
0.92,0.896552,
0.571429,0.642857,
0.692308,0.555556,
0.62963,0.809524,
0.83871,0.833333,
0.941176,0.772727,
0.84,0.846154,
0.791667,0.62069,
0.25,0.3,
0.75,0.736842,
0.473684,0.473684,
0.793103,0.869565,
0.689655,0.807692,
0.3125,0.454545,
0.8125,0.722222,
0.588235,0.555556,
0.722222,0.590909,
0.642857,0.470588,
0.722222,0.636364,
0.444444,0.4,
0.75,0.666667,
0.75,0.842105,
0.8,0.761905,
0.529412,0.5,
0.555556,0.642857,
0.714286,0.789474,
0.5,0.4,
0.823529,0.705882,
0.923077,0.888889,
0.73913,0.941176,
0.333333,0.5,
0.48,0.5,
0.333333,0.266667,
0.73913,0.615385,
0.65,0.666667,
0.714286,0.714286,
0.555556,0.681818,
0.875,0.833333,
0.619048,0.684211,
0.615385,0.666667,
0.833333,0.923077,
0.333333,0.428571,
0.809524,0.818182,
0.642857,0.409091,
0.5,0.375,
0.555556,0.416667,
0.909091,0.724138,
0.666667,0.56,
0.526316,0.533333,
0.826087,0.782609,
0.866667,0.590909,
0.428571,0.615385,
0.789474,0.8,
0.894737,0.708333,
0.555556,0.666667,
0.789474,0.833333,
0.666667,0.655172,
0.518519,0.65,
0.76,0.857143,
0.444444,0.470588,
0.653846,0.888889,
0.615385,0.727273,
0.4375,0.421053,
0.611111,0.631579,
0.526316,0.692308,
0.954545,0.821429,
0.807692,0.954545,
0.730769,0.904762,
0.368421,0.368421,
0.8,0.9,
0.615385,0.533333,
0.576923,0.681818,
0.75,0.789474,
0.611111,0.631579,
0.541667,0.666667,
0.823529,0.666667,
0.352941,0.352941,
0.555556,0.619048,
0.909091,0.909091,
0.583333,0.5,
0.72,0.72,
0.6,0.705882,
0.869565,0.730769,
0.666667,0.6875,
0.5,0.666667,
0.956522,0.821429,
0.538462,0.583333,
0.909091,0.913043,
0.5625,0.571429,
0.315789,0.347826,
0.952381,0.76,
0.642857,0.692308,
0.5,0.384615,
0.777778,0.7,
0.925926,0.925926,
0.8,0.5,
0.35,0.4375,
0.5,0.6,
0.85,0.857143,
0.4375,0.466667,
0.730769,0.826087,
0.764706,0.75,
0.714286,0.736842,
0.636364,0.5,
0.75,0.75,
0.681818,0.56,
0.823529,0.833333,
0.653846,0.842105,
0.571429,0.666667,
0.913043,0.724138,
0.461538,0.470588,
0.764706,0.631579,
0.821429,0.833333,
0.636364,0.636364,
0.791667,0.75,
0.684211,0.636364,
0.8,0.615385,
0.75,0.588235,
0.375,0.4,
0.62069,0.655172,
0.461538,0.294118,
0.363636,0.444444,
0.846154,0.814815,
0.826087,0.730769,
0.6,0.6,
0.761905,0.842105,
0.833333,0.814815,
0.88,0.814815,
0.615385,0.45,
0.764706,0.64,
0.631579,0.8,
0.695652,0.538462,
0.5,0.571429,
0.8,0.695652,
0.588235,0.555556,
0.647059,0.4,
0.705882,0.6,
0.875,0.777778,
0.666667,0.526316,
0.647059,0.769231,
0.611111,0.458333,
0.647059,0.55,
0.941176,0.818182,
0.619048,0.608696,
0.578947,0.8,
0.818182,0.85,
0.666667,0.64,
0.666667,0.8,
0.588235,0.5625,
0.785714,0.733333,
0.777778,0.583333,
0.727273,0.615385,
0.764706,0.625,
0.821429,0.958333,
0.761905,0.708333,
0.529412,0.666667,
0.636364,0.4375,
0.6875,0.666667,
0.666667,0.470588,
0.357143,0.777778,
0.583333,0.470588,
0.521739,0.578947,
0.590909,0.75,
0.55,0.666667,
0.5,0.555556,
0.76,0.842105,
0.5,0.384615,
0.6875,0.5,
0.45,0.6,
0.466667,0.4,
0.478261,0.55,
0.8125,0.7,
0.68,0.653846,
0.181818,0.153846,
0.73913,0.695652,
0.565217,0.521739,
0.666667,0.714286,
0.684211,0.576923,
0.375,0.466667,
0.809524,0.826087,
0.72,0.678571,
0.565217,0.64,
0.833333,0.826087,
0.45,0.4,
0.5,0.333333,
0.434783,0.526316,
0.826087,0.703704,
0.619048,0.619048,
0.434783,0.5625,
0.461538,0.538462,
0.533333,0.4375,
0.708333,0.941176,
0.65,0.578947,
0.8125,0.619048,
0.65,0.8,
0.705882,0.666667,
0.9,0.633333,
0.722222,0.483871,
0.785714,0.785714,
0.6,0.428571,
0.84,0.84,
0.857143,0.774194,
0.625,0.473684,
0.827586,0.724138,
0.692308,0.894737,
0.571429,0.571429,
0.5,0.666667,
0.714286,0.714286,
0.35,0.4375,
0.916667,0.846154,
0.647059,0.526316,
0.695652,0.695652,
0.428571,0.428571,
0.6,0.636364,
0.444444,0.307692,
0.692308,0.944444,
0.85,0.772727,
0.888889,0.85,
0.590909,0.695652,
0.692308,0.647059,
0.809524,0.708333,
0.68,0.64,
0.666667,0.75,
0.653846,0.73913,
0.916667,0.611111,
0.692308,0.9,
0.833333,0.681818,
0.588235,0.647059,
0.666667,0.666667,
0.6,0.529412,
0.55,0.722222,
0.736842,0.789474,
0.666667,0.764706,
0.791667,0.941176,
0.545455,0.458333,
0.5,0.565217,
0.73913,0.727273,
0.904762,0.785714,
0.615385,0.5,
0.413793,0.458333,
0.884615,0.821429,
0.75,0.692308,
0.6,0.5,
0.714286,0.588235,
0.85,0.782609,
0.785714,0.954545,
0.793103,0.958333,
0.64,0.8,
0.5,0.461538,
0.357143,0.454545,
0.65,0.705882,
0.8,0.695652,
0.846154,0.821429,
0.8,0.75,
0.5,0.636364,
0.545455,0.4,
0.666667,0.428571,
0.478261,0.55,
0.5,0.533333,
0.5,0.428571,
0.736842,0.823529,
0.8,0.740741,
0.4,0.411765,
0.529412,0.5,
0.789474,0.933333,
0.666667,0.619048,
0.75,0.76,
0.285714,0.333333,
0.772727,0.772727,
0.7,0.714286,
0.647059,0.590909,
0.625,0.454545,
0.166667,0.2,
0.583333,0.583333,
0.5625,0.47619,
0.470588,0.636364,
0.555556,0.6,
0.8,0.5625,
0.619048,0.6,
0.821429,0.916667,
0.4,0.333333,
0.5,0.384615,
0.25,0.222222,
0.65,0.789474,
0.466667,0.466667,
0.5,0.473684,
0.5,0.6,
0.47619,0.75,
0.894737,0.68,
0.695652,0.615385,
0.583333,0.7,
0.333333,0.555556,
0.466667,0.5,
0.764706,0.684211,
0.736842,0.777778,
0.736842,0.576923,
0.666667,0.631579,
0.789474,0.823529,
0.785714,0.954545,
0.5,0.533333,
0.5,0.533333,
0.666667,0.5,
0.5,0.583333,
0.772727,0.666667,
0.647059,0.590909,
0.65625,0.884615,
0.863636,0.730769,
0.782609,0.75,
0.333333,0.230769,
0.666667,0.625,
0.814815,0.846154,
0.6,0.75,
0.590909,0.733333,
0.666667,0.666667,
0.375,0.333333,
0.821429,0.793103,
0.714286,0.761905,
0.470588,0.380952,
0.545455,0.461538,
0.576923,0.636364,
0.571429,0.636364,
0.705882,0.647059,
0.705882,0.590909,
0.461538,0.5,
0.692308,0.5625,
0.761905,0.761905,
0.551724,0.551724,
0.533333,0.444444,
0.769231,0.5,
0.583333,0.7,
0.586207,0.714286,
0.5,0.411765,
0.730769,0.894737,
0.545455,0.5,
0.8,0.8,
0.647059,0.631579,
0.952381,0.913043,
0.55,0.55,
0.8,0.846154,
0.590909,0.52381,
0.533333,0.666667,
0.684211,0.52,
0.75,0.782609,
0.388889,0.4,
0.5,0.692308,
0.333333,0.315789,
0.571429,0.533333,
0.666667,0.545455,
0.5,0.588235,
0.714286,0.588235,
0.411765,0.5,
0.5,0.529412,
0.625,0.5,
0.571429,0.785714,
0.454545,0.5625,
0.826087,0.869565,
0.722222,0.684211,
0.727273,0.727273,
0.375,0.5,
0.5625,0.555556,
0.666667,0.777778,
0.611111,0.545455,
0.5,0.333333,
0.894737,0.64,
0.64,0.894737,
0.444444,0.6,
0.421053,0.473684,
0.653846,0.541667,
0.769231,0.730769,
0.740741,0.769231,
0.578947,0.714286,
0.5,0.666667,
0.875,0.75,
0.666667,0.75,
0.625,0.714286,
0.684211,0.619048,
0.533333,0.470588,
0.375,0.3,
0.388889,0.466667,
0.458333,0.392857,
0.777778,0.608696,
0.73913,0.642857,
0.695652,0.642857,
0.826087,0.909091,
0.647059,0.733333,
0.909091,0.8,
0.869565,0.758621,
0.52381,0.565217,
0.642857,0.75,
0.869565,0.875,
0.666667,0.666667,
0.407407,0.619048,
0.368421,0.5,
0.785714,0.846154,
0.473684,0.571429,
0.52,0.555556,
0.545455,0.666667,
0.789474,0.736842,
0.653846,0.653846,
0.4,0.428571,
0.571429,0.470588,
0.857143,0.962963,
0.85,0.809524,
0.416667,0.461538,
0.375,0.545455,
0.625,0.454545,
0.571429,0.666667,
0.814815,0.740741,
0.411765,0.411765,
0.6875,0.55,
0.538462,0.636364,
0.6,0.526316,
0.652174,0.652174,
0.285714,0.4,
0.608696,0.722222,
0.642857,0.8,
0.866667,0.9,
0.722222,0.722222,
0.5,0.625,
0.757576,0.757576,
0.764706,0.631579,
0.823529,0.681818,
0.428571,0.315789,
0.555556,0.529412,
0.75,0.772727,
0.5,0.416667,
0.851852,0.851852,
0.5,0.5,
0.4375,0.583333,
0.363636,0.444444,
0.615385,0.473684,
0.714286,0.875,
0.421053,0.5,
0.75,0.875,
0.48,0.647059,
0.5625,0.555556,
0.571429,0.388889,
0.444444,0.692308,
0.72,0.888889,
0.772727,0.75,
0.695652,0.9375,
0.714286,0.761905,
0.454545,0.357143,
0.642857,0.733333,
0.565217,0.55,
0.692308,0.857143,
0.666667,0.714286,
0.933333,0.75,
0.482759,0.666667,
0.625,0.625,
0.625,0.666667,
0.625,0.454545,
0.411765,0.538462,
0.733333,0.705882,
0.785714,0.766667,
0.655172,0.809524,
0.75,0.65,
0.608696,0.571429,
0.681818,0.736842,
0.6,0.533333,
0.37931,0.44,
0.913043,0.724138,
0.8,0.823529,
0.764706,0.764706,
0.705882,0.769231,
0.736842,0.75,
0.647059,0.545455,
0.807692,0.814815,
0.84,0.807692,
0.5,0.6,
0.869565,0.913043,
0.653846,0.727273,
0.678571,0.782609,
0.6875,0.578947,
0.416667,0.416667,
0.684211,0.928571,
0.862069,0.888889,
0.75,0.941176,
0.904762,0.777778,
0.6875,0.916667,
0.388889,0.466667,
0.5,0.5,
0.363636,0.533333,
0.5,0.5625,
0.65,0.590909,
0.708333,0.791667,
0.411765,0.411765,
0.384615,0.333333,
0.708333,0.772727,
0.461538,0.6,
0.777778,1,
0.875,0.7,
0.538462,0.411765,
0.352941,0.5,
0.4,0.545455,
0.454545,0.5,
0.555556,0.75,
0.368421,0.5,
0.545455,0.5,
0.653846,0.681818,
0.814815,0.846154,
0.722222,0.8,
0.62963,0.571429,
0.55,0.611111,
0.785714,0.666667,
0.608696,0.518519,
0.375,0.4,
0.583333,0.411765,
0.538462,0.5,
0.608696,0.736842,
0.4375,0.538462,
0.631579,0.5,
0.75,0.62069,
0.772727,0.818182,
0.533333,0.538462,
0.782609,0.826087,
0.636364,0.933333,
0.666667,0.882353,
0.576923,0.64,
0.714286,0.913043,
0.647059,0.5,
0.785714,0.884615,
0.357143,0.3125,
0.809524,0.666667,
0.611111,0.578947,
0.714286,0.833333,
0.3,0.272727,
0.6,0.4375,
0.333333,0.333333,
0.5,0.642857,
0.857143,0.666667,
0.714286,0.5625,
0.714286,0.888889,
0.75,0.703704,
0.631579,0.611111,
0.555556,0.5,
0.333333,0.416667,
0.928571,0.931034,
0.8,0.555556,
0.869565,1,
0.833333,0.791667,
0.727273,0.681818,
0.533333,0.583333,
0.818182,0.642857,
0.666667,0.65,
0.384615,0.5,
0.5,0.545455,
0.944444,0.653846,
0.4375,0.5,
0.5,0.625,
0.692308,0.5625,
0.65,0.789474,
0.5625,0.615385,
0.478261,0.555556,
0.583333,0.375,
0.428571,0.421053,
0.642857,0.6,
0.666667,0.6875,
0.954545,0.875,
0.615385,0.736842,
0.882353,0.615385,
0.590909,0.722222,
1,0.777778,
0.5,0.5,
0.586207,0.636364,
0.761905,0.64,
0.444444,0.5,
0.8,0.888889,
0.615385,0.615385,
0.388889,0.5,
0.75,0.631579,
0.75,0.642857,
0.529412,0.615385,
0.555556,0.307692,
0.818182,0.666667,
0.76,0.9,
0.857143,0.8,
0.733333,0.684211,
0.863636,0.826087,
0.666667,0.625,
0.818182,0.857143,
0.7,0.666667,
0.692308,0.678571,
0.48,0.521739,
0.75,0.6,
0.428571,0.636364,
0.3,0.3,
0.823529,0.777778,
0.764706,0.722222,
0.8125,0.65,
0.692308,0.708333,
0.807692,0.785714,
0.545455,0.578947,
0.705882,0.8,
0.769231,0.6875,
0.586207,0.736842,
0.8,0.862069,
0.461538,0.428571,
0.666667,0.636364,
0.857143,0.75,
0.6,0.4,
0.714286,0.681818,
0.75,0.470588,
0.5,0.625,
0.95,0.84,
0.5,0.473684,
0.5,0.529412,
0.384615,0.5,
0.52381,0.846154,
0.52381,0.785714,
0.72,0.947368,
0.6,0.538462,
0.52,0.518519,
0.615385,0.666667,
0.892857,0.884615,
0.571429,0.636364,
0.642857,0.526316,
0.631579,0.55,
0.481481,0.619048,
0.76,0.76,
0.588235,0.434783,
0.777778,0.84,
0.916667,0.785714,
0.652174,0.789474,
0.75,0.695652,
0.454545,0.666667,
0.72,0.518519,
0.75,0.954545,
0.625,0.666667,
0.571429,0.5,
0.391304,0.529412,
0.647059,0.5,
0.9375,0.666667,
0.5,0.714286,
0.714286,0.833333,
0.708333,0.636364,
0.5,0.6,
0.470588,0.5,
0.333333,0.272727,
0.533333,0.470588,
0.695652,0.85,
0.6,0.6,
0.444444,0.444444,
0.65,0.8,
0.846154,0.923077,
0.666667,0.75,
0.75,0.470588,
0.363636,0.333333,
0.444444,0.583333,
0.708333,0.85,
0.809524,0.592593,
0.545455,0.705882,
0.807692,0.8,
0.833333,0.785714,
0.75,0.761905,
0.769231,0.730769,
0.636364,0.6,
0.6875,0.785714,
0.428571,0.461538,
0.882353,0.64,
0.5,0.5,
0.8,0.8,
0.681818,0.636364,
0.590909,0.684211,
0.44,0.611111,
0.678571,0.894737,
0.863636,0.785714,
0.538462,0.5,
0.636364,0.4375,
0.5,0.6,
0.5,0.352941,
0.666667,0.866667,
0.5,0.5,
0.904762,0.703704,
0.714286,0.904762,
0.785714,0.909091,
0.652174,0.75,
0.55,0.55,
0.758621,1,
0.7,0.6,
0.777778,0.842105,
0.631579,0.785714,
0.823529,0.764706,
0.538462,0.4,
0.68,0.571429,
0.909091,0.904762,
0.411765,0.538462,
0.826087,0.655172,
0.458333,0.736842,
0.769231,0.782609,
0.882353,0.789474,
0.444444,0.421053,
0.789474,0.714286,
0.724138,0.916667,
0.55,0.625,
0.458333,0.611111,
0.761905,0.842105,
0.75,0.727273,
0.692308,0.772727,
0.461538,0.583333,
0.6875,0.6875,
1,0.727273,
0.863636,0.655172,
0.454545,0.565217,
0.6,0.5,
0.444444,0.5,
0.5,0.428571,
0.740741,0.714286,
0.769231,0.714286,
0.761905,0.8,
0.555556,0.714286,
0.6875,0.647059,
0.666667,0.818182,
0.692308,0.68,
0.789474,0.64,
0.461538,0.5,
0.538462,0.533333,
0.7,0.736842,
0.55,0.714286,
0.583333,0.466667,
0.8,0.818182,
0.411765,0.615385,
0.375,0.3,
0.8,0.789474,
0.681818,0.695652,
0.941176,0.695652,
0.714286,0.95,
0.73913,0.636364,
0.285714,0.4,
0.4,0.555556,
0.75,0.6875,
0.76,0.724138,
0.75,0.826087,
