0.0953299,
0.00734143,
0.169589,
0.0144922,
0.33441,
0.000975523,
0.0981741,
0.0839851,
0.254026,
0.218652,
0.241531,
0.0716444,
0.37118,
0.0646367,
0.0258572,
0.0515775,
0.335587,
0.487315,
0.199731,
0.335833,
0.196389,
0.0106829,
0.0414352,
0.148791,
0.0209336,
0.163512,
0.0642292,
0.133332,
0.141511,
0.0650563,
0.382451,
0.447981,
0.448123,
0.0886028,
0.315445,
0.115739,
0.351417,
0.056369,
0.104878,
0.200836,
0.326782,
0.0880913,
0.183738,
0.152767,
0.113105,
0.264713,
0.308505,
0.369486,
0.0138935,
0.129136,
0.438706,
0.140841,
0.0134689,
0.00859026,
0.127551,
0.24041,
0.0221674,
0.156565,
0.0332814,
0.152996,
0.0883896,
0.303379,
0.0853024,
0.21558,
0.903665,
0.322912,
0.000167531,
0.231395,
0.24587,
0.0169061,
0.0807497,
0.00650422,
0.0199881,
0.16004,
0.395413,
0.137975,
0.00294074,
0.222447,
0.466991,
0.215551,
0.0878799,
0.0758468,
0.100544,
0.0997505,
0.21963,
0.403625,
0.43168,
0.316505,
0.224253,
0.209906,
0.317634,
0.0552705,
0.30426,
0.0465877,
0.0754841,
0.439867,
0.192183,
0.118433,
0.324328,
0.0656104,
0.219058,
0.24641,
0.0234653,
0.148227,
0.293098,
0.0861525,
0.160112,
0.204785,
0.00557815,
0.0991858,
0.252113,
0.433857,
0.0477999,
0.276596,
0.0863891,
0.0448512,
0.0396168,
0.116705,
0.0833007,
0.116895,
0.0399673,
0.0139681,
0.00266656,
0.238011,
0.301758,
0.0265902,
0.167743,
0.368332,
0.0074807,
0.370418,
0.0741003,
0.228407,
0.0724672,
0.172919,
0.280615,
0.42036,
0.300612,
0.00256557,
0.398477,
0.144312,
0.0714363,
0.0822657,
0.164277,
0.0248494,
0.153304,
0.0155408,
0.112732,
0.0828005,
0.360261,
0.339998,
0.150479,
0.110583,
0.338133,
0.19619,
0.22834,
0.235033,
0.405644,
0.00918846,
0.0232556,
0.0902998,
0.21521,
0.0738718,
0.29439,
0.0381,
0.210633,
0.00708006,
0.169172,
0.193103,
0.291299,
0.1164,
0.130546,
0.276941,
0.304728,
0.109217,
0.00135428,
0.398873,
0.047808,
0.295972,
0.0573596,
0.0313436,
0.0281107,
0.237958,
0.207906,
0.459358,
0.164955,
0.311314,
0.00859593,
0.152029,
0.441492,
0.484175,
0.0801942,
0.146458,
0.255087,
0.0333271,
0.255841,
0.0485432,
0.299069,
0.00586009,
0.300841,
0.0790975,
0.15832,
0.213514,
0.0757877,
0.0406264,
0.240797,
0.0861317,
0.0103771,
0.00102002,
0.0927605,
0.220064,
0.176415,
0.121717,
0.00799724,
0.141067,
0.0568094,
0.0235372,
0.168937,
0.218544,
0.0704703,
0.111436,
0.654111,
0.0100709,
0.196378,
0.00525906,
0.0743984,
0.0857991,
0.376821,
0.316624,
0.140729,
0.124821,
0.14325,
0.00404729,
0.192205,
0.166892,
0.106405,
0.209673,
0.0608469,
0.0110001,
0.429257,
0.152263,
0.0785707,
0.244032,
0,
0.126991,
0.393916,
0.121313,
0.572035,
0.236104,
0.16108,
0.0502796,
0.200774,
0.253937,
0.238605,
0.109856,
0.222753,
0.191817,
0.167448,
0.468282,
0.00352994,
0.0365805,
0.122088,
0.634281,
0.0736342,
0.0695418,
0.0878729,
0.358264,
0.216778,
0.56921,
0.451885,
0.0484681,
0.0704974,
0.228814,
0.167677,
0.392206,
0.0456142,
0.132936,
0.165609,
0.336493,
0.0692081,
0.152998,
0.254041,
0.0457916,
0.122522,
0.186807,
0.107461,
0.0155418,
0.0394204,
0.262027,
0.0925738,
0.0136525,
0.465831,
0.38342,
0.0360504,
0.0765619,
0.436743,
0.175893,
0.167932,
0.104123,
0.226976,
0.0175718,
0.0402563,
0.257238,
0.103702,
0.159965,
0.162512,
0.374056,
0.0116445,
0.279076,
0.13812,
0.214715,
0.366893,
0.133902,
0.0673588,
0.190983,
0.306295,
0.139622,
0.103771,
0.105465,
0.101593,
0.0234849,
0.252425,
0.226146,
0.00636356,
0.083186,
0.378616,
0.0450969,
0.0257273,
0.202607,
0.0946883,
0.0105984,
0.142052,
0.381054,
0.120907,
0.0418479,
0.794861,
0.429182,
0.0119237,
0.283903,
0,
0.185895,
0.594274,
0.227045,
0.0907238,
0.113029,
0.0642615,
0.103675,
0.00594176,
0.294025,
0.32875,
0.281093,
0.060253,
0.0485779,
0.287544,
0.139718,
0.084773,
0.337034,
0.122789,
0.248855,
0.285802,
0.0556814,
0.133917,
0.0603263,
0.00629471,
0.245338,
0.00303503,
0.0937768,
0.306769,
0.19533,
0.00554501,
0.664448,
0.252613,
0.132463,
0.0632357,
0.163562,
0.255896,
0.577481,
0.253517,
0.0942794,
0.11152,
0.417058,
0.0769778,
0.0946189,
0.339066,
0.206994,
0.262257,
0.277028,
0.0387509,
0.260421,
0.574453,
0.359986,
0.0420134,
0.0405071,
0.106717,
0.0567297,
0.0469815,
0.255102,
0.0302119,
0.205799,
0.00878667,
0.193645,
0.312739,
0.11003,
0.091797,
0.0853234,
0.0999158,
0.0896812,
0.281575,
0.0184359,
0.345987,
0.210069,
0.10252,
0.244206,
0.212207,
0.0412756,
0.121675,
0.358204,
0.0261099,
0.279801,
0.0189462,
0.0807671,
0.120369,
0.0539192,
0.268608,
0.266285,
0.270998,
0.48749,
0.13143,
0.372876,
0.282886,
0.225812,
0.322379,
0.0413709,
0.282189,
0.0758418,
0.435604,
0.151733,
0.324108,
0.161274,
0.141812,
0.170516,
0.104835,
0.175323,
0.0431956,
0.148428,
0.0692508,
0.0750592,
0.0773624,
0.0231089,
0.303869,
0.0340437,
0.337396,
0.0460729,
0.0465011,
0.261607,
0.0874433,
0.202488,
0.0220332,
0.187842,
0.0943989,
0.10457,
0.144161,
0.047904,
0.035665,
0.00483972,
0.0349579,
0.16652,
0.425189,
0.0958976,
0.0113552,
0.449282,
0.0498591,
0.302554,
0.12095,
0.129453,
0.00676823,
0.0308731,
0.0248671,
0.121544,
0.06936,
0.0348477,
0.0733858,
0.284883,
0.309548,
0.156559,
0.16798,
0.174217,
0.136418,
0.0962239,
0.0258986,
0.155159,
0.257588,
0.0879688,
0.266498,
0.0302555,
0.0183495,
0.0161536,
0.180936,
0.0336742,
0.621789,
0.207414,
0.159081,
0.116973,
0.255737,
0.06177,
0.0137634,
0.399407,
0.317634,
0.502456,
0.0792097,
0.00852597,
0.222426,
0.221531,
0.0777598,
5.07329e-05,
0.55038,
0.306663,
0.221368,
0.132803,
0.00608806,
0.0593193,
0.118475,
0.177005,
0.0334701,
0.00779583,
0.112715,
0.316106,
0.00430381,
0.00215345,
0.022356,
0.223326,
0.0382427,
0.494395,
0.187466,
0.125173,
0.154485,
0.0547831,
0.0233761,
0.25832,
0.104335,
0.092547,
0.226564,
0.00635183,
0.268321,
0.15628,
0.100812,
0.0497963,
0.190515,
0.0267039,
0.137619,
0.0899236,
0.123411,
0.0847912,
0.257147,
0.0965863,
0.0036794,
0.0216744,
0.180154,
0.229828,
0.270696,
0.035014,
0.0972978,
0.247885,
0.288118,
0.128262,
0.0805011,
0,
0.319262,
0.0291763,
0.0420637,
0.0782603,
0.128075,
0.178498,
0.155426,
0.0964304,
0.283037,
0.433213,
0.0356027,
0.404094,
0.167254,
0.0690587,
0.268106,
0.227592,
0.0550705,
0.0539961,
0.359547,
0.256757,
0.125191,
0.261723,
0.0116175,
0.0266238,
0.101026,
0.0262012,
0.0981544,
0.209165,
0.191036,
0.0191448,
0.0370414,
0.238141,
0.0170907,
0.469234,
0.124893,
0.392163,
0.206289,
0.309652,
0,
0.816629,
0.113819,
0.0280814,
0.00290701,
0.086793,
0.0543321,
0.130091,
0.149549,
0.296045,
0.149401,
0.267571,
0.125403,
0.0869289,
0.818023,
0.385058,
0.139919,
0.378155,
0.0234774,
0.117657,
0.0266492,
0.207509,
0.219423,
0.400961,
0.0315593,
0.240698,
0.151469,
0.225588,
0.32626,
0.0870892,
0.00453607,
0.336786,
0.218094,
0.286219,
0.0944793,
0.110605,
0.144435,
0.0907087,
0.36574,
0.250901,
0.150084,
0.0648611,
0.283428,
0.36181,
0.22094,
0.140584,
0.111742,
0.0557428,
0.0272028,
0.249008,
0.164803,
0.00026957,
0.304104,
0.0264306,
0.0270105,
0.116229,
0.13528,
0.0867168,
0.0769582,
0.0364304,
0.110077,
0.313017,
0.337968,
0.252571,
0.0810971,
0.0229638,
0.553796,
0.0811657,
0.279999,
0.0458063,
0.162759,
0.0789523,
0.156911,
0.074547,
0.370634,
0.160359,
0.0837601,
0.123065,
0.0104206,
0.0256615,
0.0197834,
0.430473,
0.299602,
0.383367,
0.338442,
0.0966414,
0.374482,
4.65268e-16,
0.264257,
0,
0.20999,
0,
0.0305065,
0.000933836,
0.125595,
0.408534,
0.0685627,
0.118121,
0.182699,
0.0774298,
0.416219,
0,
0.122733,
0.126282,
0.158375,
0.330637,
0.43165,
0.0590876,
0.610709,
0.324226,
0.0699098,
0.250664,
0.0781987,
0.0243633,
0.249085,
0.111498,
0.323728,
0.273749,
0.48323,
0.148889,
0.318096,
0.0535288,
0.0505226,
0.0260608,
0.0339733,
0.186724,
0.0296055,
0.352243,
0.222981,
0.0817957,
0.291897,
0.0968341,
0.475717,
0.185389,
0.0727413,
0.165292,
0.115495,
0.189582,
0.0410819,
0.0375023,
0.216706,
0.183286,
0.271,
0.653754,
0.31267,
0.143604,
0.111838,
0.0309732,
0.0947237,
0.126816,
0.210535,
0.110055,
0.0083406,
0.424077,
0.0900984,
0.0796636,
0.0330149,
0.04057,
0.0731561,
0.39254,
0.245851,
0.359799,
0.487608,
0.12068,
0.125156,
0.0218647,
0.317278,
0.0719177,
0.198018,
0.0827831,
0.735234,
0.0785824,
0.0385098,
0.0699992,
0.327278,
0.0109526,
0.328529,
0.337084,
0.019751,
0.157346,
0.157026,
0.135307,
0.321846,
0.123934,
0.0367345,
0.134726,
0.368522,
0.0362989,
0.151287,
0.646952,
0.059768,
0.274019,
0.219083,
0.352727,
0.0815624,
0.577676,
0.0555146,
0.442516,
0.256544,
0.243847,
0.0946322,
0.00202443,
0.760249,
0.42607,
0.0810985,
0.0136716,
0.252144,
0.136294,
0.171383,
0.0883846,
0.0642387,
0.445931,
0.192044,
0.0922345,
0.315095,
0.420638,
0.203594,
0.0428475,
0.289229,
0.138293,
0.0946348,
0.092312,
0.0283111,
0.097723,
0.075287,
0.155816,
0.116329,
0.197261,
0.0440127,
0.0760749,
0.00483094,
0.0884173,
0.0341844,
0.238342,
0.317234,
0.00924121,
0.0661207,
0.163072,
0.305843,
0.455369,
0.00121297,
0.0797558,
0.258234,
0.621778,
0.246412,
0.456171,
0.0683635,
0.0409113,
0.165709,
0.062177,
0.127864,
0.20338,
0.138668,
0.468094,
0.0337668,
0.16453,
0.110897,
0.0214152,
0.149265,
0.268806,
0.183667,
0.125116,
0.127964,
0.0829424,
0.0917579,
0.114039,
0.160433,
0.0209017,
0.161402,
0.0959049,
0.246173,
0.00305962,
0.0524094,
0.118677,
0.155518,
0.372875,
0.107289,
0.109,
0.0315698,
0.0511629,
0.120557,
0.365697,
0.0193177,
0.0805491,
0.113468,
0.269592,
0.045803,
0.0183704,
0.392098,
0.16714,
0.116757,
0.106922,
0.272797,
0.561164,
0.254219,
0.331762,
0.156582,
0.242513,
0.107501,
0.0271851,
0.0189302,
0.0204591,
0.0173638,
0.365848,
0.0407354,
0.134724,
0.0551382,
0.0296101,
0.161651,
0.208894,
0.0234717,
0.0816829,
0.287032,
0.348326,
0.0400504,
0.125507,
0.138388,
0.155039,
0.216311,
0.146246,
0.581126,
0.114988,
0.0550108,
0.0415775,
0.255986,
0.0288037,
0.209631,
0.267306,
0.29047,
0.20485,
0.173593,
0.165078,
0.0566591,
0.100943,
0.0860082,
0.406838,
0.0475232,
0.516797,
0.287874,
0.0742969,
0.0277221,
0.146882,
0.0592162,
0.0782696,
0.170022,
0.184178,
0.218563,
0.293527,
0.0566897,
0.254173,
0.302577,
0.297196,
0.0217742,
0.0571499,
0.0111546,
0.319369,
0.394985,
0.37179,
0.0686015,
0.0761846,
0.0695134,
0.035319,
0.313688,
0.0827135,
0.206198,
0.180894,
0.1118,
0.195133,
0.097291,
0.128689,
0.00901246,
0.145429,
0.143755,
0.0447594,
0.0962446,
0.274601,
0.151539,
0.0726663,
0.0191138,
0.361761,
0.177479,
0.00121029,
0.43519,
0.360989,
0.10534,
0.185577,
0.0380427,
0.0720424,
0.133833,
0.239166,
0.0994958,
0.329185,
0.187426,
0.301734,
0.026064,
0.182156,
0.105584,
0.28335,
0.0928894,
0.0990505,
0.214348,
0.0260695,
0.307272,
0.522821,
0.0406941,
0.277812,
0.185346,
0.335491,
0.0635996,
0.0561143,
0.00523944,
0.275023,
0.091291,
0.116811,
0.0763227,
0.018052,
0.194549,
0.0162941,
0.190541,
0.0555683,
0.0566868,
0.201426,
0.0426473,
0.17212,
0.0222681,
0.24165,
0.271666,
0.0429099,
0.235925,
0.0956063,
0.0937469,
0.259191,
0.0210836,
0.0408338,
0.0626565,
0.251009,
0.0191389,
0.30426,
0.0399366,
0.206189,
0.0285959,
0.483249,
0.0205145,
0.159769,
0.121448,
0.229668,
0.0793053,
0.145336,
0.19652,
0.299553,
0.17866,
0.0185423,
0.203688,
0.16473,
0.240791,
0.565741,
0.235791,
0.041709,
0.366279,
0.0978331,
0.0766111,
0.323323,
0.172721,
0.0383373,
0.0368861,
0.488215,
0.391417,
0.0304003,
0.296004,
0.0696175,
0.326468,
0.198794,
0.150393,
0.0215723,
0.0205559,
0.511378,
0,
0.0883096,
0.160989,
0.461847,
0.00974248,
0.109606,
0.133669,
0.19869,
0.134315,
0.125478,
0.266425,
0.122791,
0.249016,
0.118496,
0.153827,
0.496095,
0.174684,
0.0482705,
0.0800554,
0.266546,
0.167653,
0.088138,
0.494521,
0.032622,
0.128424,
0.17425,
0.0431172,
0.352782,
0.321867,
0.195619,
0.223873,
0.00178724,
0.216896,
0.48167,
0.0296971,
0.0316072,
0.0189714,
0.343954,
0.363681,
0,
0.319684,
0.00192957,
0.168596,
0.120529,
0.108131,
0.0847556,
0.373622,
0.0403424,
0.257039,
0.138312,
0.0864281,
0.322687,
0.0477753,
0.0557483,
0.301399,
0.236153,
0.0538798,
0.00294756,
0,
0.0198498,
0.024032,
0.0325132,
0.377507,
0.0245184,
0.00777222,
0.280606,
0.18916,
0.0477928,
0.10884,
0.0963415,
0.147135,
0.0200735,
0.0572903,
0.191994,
0.274215,
0.141725,
0.149684,
0.0433332,
0.034133,
0.0906419,
0.175367,
0.0715176,
0.00104294,
0.0077579,
0.668504,
0.0813017,
0.378765,
0.0351215,
0.0239398,
0.253095,
0.0664097,
0.224396,
0.15,
0.0463912,
0.0530407,
0.0194585,
0.448728,
0.17333,
0.164409,
0.061705,
0.0644641,
0.285233,
0.162,
0.284307,
0.0269396,
0.364992,
0.0917883,
0.162194,
0.101539,
0.118945,
0.110138,
0.267638,
0.124588,
0.0273566,
0.0348285,
0.631429,
0.182514,
0.0794421,
0.164896,
0.11918,
0.121729,
0.154379,
0.112721,
0,
0.0055358,
0.131599,
0.343422,
0.368952,
0.170998,
0.023976,
0.0929556,
0.237156,
0.0882711,
0.341845,
0.198713,
0.168747,
0.0199536,
0.00108283,
0.284273,
0.00244455,
0.303505,
1.11022e-16,
0.175987,
0.0654335,
0.297702,
0.113564,
0.0631547,
0.245349,
0.156546,
0.0334814,
0.0587798,
0.0400736,
0.127816,
0.120642,
0.150139,
0.0804006,
0.0129214,
0.314913,
0.0364141,
0.132744,
0.0943069,
0.866158,
0.167167,
0.00448346,
0.219645,
0.133796,
0.0945693,
0.110123,
0.115262,
0.247831,
0.18129,
0.0243701,
0.204481,
0.412276,
0.203446,
0.0451076,
0.35911,
0.0609668,
0.026882,
0.310727,
0.113255,
0.055069,
0.240714,
0.18222,
0.0745716,
0.418313,
0.0537024,
0.0638205,
0.480342,
0.0309696,
0.0650563,
0.321867,
0.107015,
0.0867224,
0.00577453,
0.0212492,
0.553204,
0.341893,
0.292812,
0.234164,
0.155771,
0.297406,
0.341119,
0.00958277,
0.440709,
0.193149,
0.125404,
0.0497249,
0.155058,
0.0945489,
0.101197,
0.193218,
0.172971,
0.244468,
0.00225821,
0.0793348,
0.0981286,
0.128759,
0.203772,
0.00171415,
0.285783,
0.0664615,
0.106303,
0.11929,
0.110727,
0.55569,
0.458002,
0.119931,
0.197374,
0.0221131,
0.101848,
0.0358281,
0.0857167,
0.142224,
0.0942115,
0.228236,
0.217444,
0.31915,
0.343017,
0.0218809,
0.203249,
0.0586442,
0.148083,
0.185605,
0.0103488,
0.326626,
0.0246121,
0.213996,
0.240704,
0.179207,
0.418262,
0.264052,
0.0107318,
0.030245,
0.0195478,
0.152203,
0.183663,
0.329214,
0.0395861,
0.0328873,
0.0719685,
0.261371,
0.202603,
0.124109,
0.286818,
0.0975769,
0.104623,
0.0887905,
0.171124,
0.125508,
0.0129067,
0.129787,
0.0689308,
0.294816,
0.00956313,
0.146251,
0.384803,
0,
0.0967528,
0.166013,
0.0927942,
0.366942,
0.0196203,
0.0396763,
0.351881,
0.263503,
0.090849,
0.0271708,
0.0843998,
0.0370273,
0.0190565,
0.252187,
0.122936,
0.320713,
0.0480248,
0.53857,
0.125259,
0.0601165,
0.185415,
0.141441,
0.205704,
0.0256843,
0.872015,
0.0982688,
0.091791,
0.370601,
0.30651,
0.192363,
0.26105,
0.188659,
0.153426,
0.160546,
1.22125e-15,
0.0521034,
0.196839,
0.0492198,
0.0498714,
0.0845996,
0.038536,
0.0660917,
0.536919,
0.0938372,
0.103022,
0.38212,
0.0635905,
0.0858921,
0.266864,
0.124578,
0.0140098,
0.0506737,
0.226566,
0.154855,
0.298501,
0.203745,
0.0290119,
0.144822,
0.342454,
0.319785,
0.0702647,
0.0594256,
0.108147,
0.0544354,
0.0756862,
0.0225304,
0.539901,
0.116713,
0.0487372,
0.268858,
0.0177391,
0.152896,
0.410734,
0.459606,
0.070852,
0.05875,
0.0482492,
0.122914,
0.239549,
0.158665,
0.0421785,
0.183872,
0.22483,
0.0956316,
0.0155212,
0.196127,
0.153663,
0.00610294,
0.175482,
0.18508,
0.117622,
0.191423,
0.0167068,
0.00036402,
0.0376309,
0.0121638,
0.096066,
0.0446791,
0.191124,
0.241826,
0.0972267,
0.313538,
0.0637391,
0.233218,
0.115951,
0.126893,
0.108156,
0.0172465,
0.27188,
0.343013,
0.0793695,
0.0197474,
0.262465,
0.287012,
0.196687,
0.083554,
0.246311,
0.117521,
0.0465224,
0.110369,
0.197398,
0.0389125,
0.257562,
0.0703747,
0.117947,
0.476355,
0.142976,
0.49344,
0.14466,
0.00522746,
0.0277954,
0.0782,
0.0954368,
0.0176085,
0.132237,
0.0668893,
0.0412406,
0.0269578,
0.234153,
0.146252,
0.0792477,
0.333776,
0.0919653,
0.0624436,
0.0640505,
0.587095,
0.130699,
0.121399,
0.0572721,
0.132558,
0.00261528,
0.0441503,
0.266525,
0.0267712,
0.199017,
0.1607,
0.10881,
0.0723476,
0.0196149,
0.311445,
0.00099182,
0.000454116,
0.0404264,
0.336258,
0.0211651,
0.0740338,
0.0518588,
0.00477275,
0.505105,
0.00921844,
0.25042,
0.49269,
0.0369924,
0.0602774,
0.199627,
0.0165834,
0.103156,
0.284034,
0.132725,
0.445634,
0.0534082,
0.0397992,
0.0415106,
0.23364,
0.131328,
0.0414151,
0.0888842,
0.0759139,
0.0286067,
0.258591,
0.0410901,
0.331082,
0.688824,
0.0170525,
0.017764,
0.320381,
0.253592,
0.10177,
0.0996956,
0.0623906,
0.227747,
0.110813,
0.0521141,
0.200163,
0.0961587,
0.165834,
0.0416785,
0.016273,
0.187052,
0.297092,
0.0158709,
0.661156,
0.0371481,
0.0188148,
0.693508,
0.127554,
0.00921176,
0.174991,
0.0241687,
0.0376682,
0.00602995,
0.022014,
0.24157,
0.174387,
0.248231,
0.0461069,
0.200171,
0.0846456,
0.00824545,
0.282536,
0.109673,
0.207854,
0.192634,
0.305356,
0.0588444,
0.0322218,
0.446556,
0.0620659,
0.104495,
0.11947,
0.162589,
0.0836154,
0.136474,
0.0404955,
0.0730805,
0.182919,
0.255986,
0.132541,
0.0264545,
0.3943,
0.00686506,
0.111543,
0.120077,
0.0377776,
0.0633892,
0.0760349,
0.0764262,
0.248825,
0.0744117,
0.234929,
0.0788415,
0.267653,
0.121411,
0.026051,
0.142073,
0.0252716,
0.184312,
0.0659786,
0.15701,
0.0393457,
0.195765,
0.193927,
0.302964,
0.111949,
0.0453309,
0.0215771,
0.149178,
0.0252321,
0.296716,
0.325964,
0.0431361,
0.451245,
0.0429597,
0.243812,
0.0498511,
0.157393,
0.205474,
0.0293226,
0.0457641,
0.218099,
0.0578105,
0.124883,
0.135814,
0.165306,
0.360814,
0.0553706,
0.00131816,
0.172023,
0.121887,
0.0070727,
0.398705,
0.0766152,
0.0992256,
0.205871,
0.0138393,
0.152595,
0.174213,
0.242381,
0.293828,
0.0135341,
0.0811531,
0.00659048,
0.22169,
0.170856,
0.332043,
0.782162,
0.0354523,
0.170464,
0.0514555,
0.224795,
0.447616,
0.128163,
0.209492,
0.0855604,
0.00571729,
0.323825,
0.00626211,
0.147437,
0.15185,
0.168679,
0.236719,
0.0707758,
0.213593,
0.338486,
0.103322,
0.079712,
0.0496277,
0.0344568,
0.106099,
0.0861279,
0.0981486,
0.168318,
0.0128435,
0.24884,
0.0112398,
0.0148941,
0.0221236,
0.0779598,
0.231351,
0.0880882,
0.0401048,
0.303794,
0.014784,
0.0252196,
0.314395,
0.287429,
0.0542031,
0.0807362,
0.365008,
0.143167,
0.53412,
0.533529,
0.231936,
0.1274,
0.0403905,
0.0334154,
0.0120908,
0.105215,
0.300661,
0.246123,
0.18459,
0.473408,
0.609053,
0.00626731,
0.144678,
0.0106331,
0.290917,
0.137485,
0.104806,
0.12383,
0.0258017,
0,
0.0238698,
0.155913,
0.275064,
0.157678,
0.030803,
0.0305265,
0.0971674,
0.104042,
0.128888,
0.0680513,
0.137509,
0.144832,
0.145922,
0.524507,
0.117583,
0.150099,
0.256326,
0.29356,
0.424925,
0.0750609,
0.24464,
0.137358,
0.44737,
0.0484952,
0.407001,
0.12027,
0.163738,
0.47575,
0.275939,
0.104578,
0.0983574,
0.157268,
0.0272504,
0.202887,
0.15097,
0.0444839,
0.0731067,
0.0933936,
0.166078,
0.129609,
0.0416851,
0.21949,
0.217472,
0.0851232,
0.0917938,
0.121845,
0.250395,
0.098871,
0.636965,
0.00638322,
0.0913056,
0.113345,
0.159809,
0.0829505,
0.211878,
0.0716348,
0.0768558,
0.0472673,
0.21342,
0.65491,
0.430443,
0.0422187,
0.248492,
0.199966,
0.0028493,
0.191826,
0.235569,
0.0889497,
0.0349643,
0.517857,
0.2607,
0.483836,
0.0817472,
0.140109,
0.0246849,
0.255846,
0.33274,
0.137172,
0.0120412,
0.177045,
0.250471,
0.0245405,
0.100519,
0.285276,
0.173268,
0.186037,
0.449894,
0.302679,
0.361155,
0.149445,
0.220207,
0.075444,
0.551063,
0,
0.143015,
1.60525e-05,
0.0942432,
0.4406,
0.163772,
0.0594277,
0.164119,
0.0111802,
0.15197,
0.328063,
0.0890226,
0.157995,
0.0820308,
0.184859,
5.55112e-17,
0.087215,
0.149447,
0.425746,
0.348701,
0.165314,
0.646905,
0.267374,
0.297896,
0.281693,
0.360556,
0.0123659,
0.0179659,
0.0619943,
0.0347356,
0.0127999,
0.239318,
0.120558,
0.136129,
0.0928919,
0.332355,
0.0629671,
0.153902,
0.0876892,
0.0356174,
0.340421,
0.0278369,
0.0854396,
0.524743,
0.0198622,
0.31906,
0.203954,
0.330143,
0.238335,
0.116438,
0.479243,
0.082017,
0.304191,
0.090962,
0.285321,
0.151758,
0.56951,
0.198221,
0.0733694,
0.118077,
0.0310892,
0.135837,
0.409904,
0.213206,
0.0277552,
0.00762216,
0.22022,
0.388524,
0.0813184,
0.204621,
0.152082,
0.105903,
0.343939,
0.117471,
0.0826207,
0.10093,
0.479696,
0.0369337,
0.423834,
0.154554,
0.267337,
0.17702,
0.13725,
0.55932,
0.100379,
0.0252905,
0.121059,
0.0300677,
0.0389039,
7.73318e-05,
0.127805,
0.100724,
0.242376,
0.427297,
0.42646,
0.365708,
0.500574,
0.0181254,
0.00538157,
0.468055,
0.169905,
0.280611,
0.0173694,
0.00374708,
0.180772,
0.207936,
0.590056,
0.0784712,
0.236271,
0.247008,
0.122473,
0.0654842,
0.0873321,
0.0351608,
0.227053,
0.20952,
0.144696,
0.0903557,
0.148946,
0.375871,
0.000218518,
0.107423,
0.165524,
0.228387,
0.0445204,
0.393352,
0.284586,
0.0234166,
0.3256,
0.132948,
0.368093,
0.103696,
0.0507479,
0.105565,
0.00164509,
0.257598,
0.0463376,
0.060646,
0.549455,
0.0954059,
0.30426,
0.0174608,
0.0220794,
0.263919,
0.0607682,
0.275475,
0.107985,
0.0527455,
0.258216,
0.159809,
0.0774957,
0.296836,
0.0643434,
0.0362621,
0.222415,
0.230303,
0.605534,
0.0304377,
0.0603053,
0.682079,
0.000837813,
0.0604952,
0.301513,
0.206634,
0.194229,
0.0877792,
0.240265,
0.0161943,
0.156018,
0.302793,
0.0327177,
0.430717,
0.00771203,
0.129282,
0.091226,
0.163256,
0.150773,
0.184214,
0.149671,
0.0444744,
0.0238495,
0.218477,
0.293344,
0.184968,
0.323178,
0.0466906,
0.129486,
0.00973966,
0.0890422,
0.274986,
0.0857929,
0.0515265,
0.197943,
0.162775,
0.325758,
0.0287722,
0.0621631,
0.398924,
0.132184,
0.453494,
0.101288,
0.00500437,
0.0695332,
0.364202,
0.069541,
0.114428,
0.255352,
0.463683,
0.0618071,
0.000378694,
0.161799,
0.00464575,
0.106525,
0.0525917,
0.137925,
0.223882,
0.108229,
0.334849,
0.135174,
0.064094,
0.538233,
0.294131,
0.0976,
0.403563,
0.0479306,
0.319927,
0.00342655,
0.0957303,
0.373523,
0.10485,
0.00524103,
0.0150225,
0.190193,
0.131617,
0.0821829,
0.305677,
0.167881,
0.0535879,
0.00497871,
0.0799023,
0.434927,
0.0896624,
0.137485,
0.0369036,
0.0589684,
0.0422661,
0.517535,
0.148574,
0.0457153,
0.194985,
0.122044,
0.00542153,
0.0255579,
0.186612,
0.0193415,
0.120377,
0.0221508,
0.121013,
0.0375473,
0.270746,
0.0290217,
0.118238,
0.0159255,
0.0847826,
0.240442,
0.0251167,
0.0851256,
0.176337,
0.353556,
0.47513,
0.351984,
0.0837919,
0.263802,
0.218501,
0.180566,
0.398225,
0.311823,
0.347948,
0.0543192,
0.180948,
0.30426,
0,
0.144993,
0.101174,
0.0482109,
0.0322449,
0.0438238,
0.447919,
0.086992,
0.00643746,
0.146669,
0.0974526,
0.0795228,
0.0243701,
0.0736902,
0.0237382,
0.185499,
0.236804,
0.30344,
0.0328516,
0.105713,
0.188218,
0.0640256,
0.283404,
0.178267,
0.00551123,
0.355072,
0.00352864,
0.704403,
0.00938712,
0.0623332,
0.205502,
0.31474,
0.105603,
0.101161,
0.0538344,
0.107946,
0.114288,
0.123812,
0.0278348,
0.0141049,
0.1259,
0.146153,
0.0828612,
0.236094,
0.371112,
0.146157,
0.109948,
0.243974,
0.217846,
0.0412125,
0.0217664,
0.346104,
0.114749,
0.0168677,
0.22199,
0.0342686,
0.128442,
0.108751,
0.1125,
0.202144,
0.233957,
0.0256203,
0,
0.0685504,
0.0619643,
0.0585986,
0.215815,
0.0654294,
0.214367,
0.214917,
0.0746432,
0.0908393,
0.325655,
0.224133,
0.16178,
0.356927,
0.248204,
0.43012,
0.0870566,
0.313246,
0.142492,
0.158403,
0.0777055,
0.16512,
0.251067,
0.168916,
0.0899261,
0.204032,
0.0562098,
0.0238048,
0.0717363,
0.05326,
0.144949,
0.209903,
0.14629,
0.00319197,
0.23659,
0.097019,
0.0623259,
0.0505542,
0.0369437,
0.265338,
0.62962,
0.220253,
0.0890215,
0.158884,
0.066593,
0.124966,
0.0725064,
0.200873,
0.211283,
0,
0.0604946,
0.179061,
0.0434872,
0.0588338,
0.163941,
0.134237,
0.0662835,
0.0959652,
0.178447,
0.17258,
0.0430262,
0.0663112,
0.00820921,
0.379913,
0.11077,
0.138923,
0.0248341,
0.0810356,
0.064272,
0.0572358,
0.01424,
0.0398268,
0.00340045,
0.0404798,
0.465586,
0.239593,
0.0614007,
0.0310341,
0.0541009,
0.141661,
0.165176,
0.420167,
0.0256442,
0.0889277,
0.0218943,
0.164499,
0.205701,
0.145279,
0.0103771,
0.371758,
0.26356,
0.0305958,
0.462355,
0.26639,
0.111246,
0.358192,
0.0132877,
0.541867,
0.0705938,
0.077568,
0.0616108,
0.0531432,
0.04633,
0.213195,
0.0513504,
0.197163,
0.148571,
0.280779,
0.0140174,
0.0829531,
0.0855381,
0.142591,
0.0693277,
0.0996289,
0.260806,
0.151228,
0.171691,
0.0104283,
0.0187073,
0.0531856,
0.373571,
0.23583,
0.0441236,
0.346999,
0.0699098,
0.232169,
0.378974,
0.318643,
0.0456028,
0.0133995,
0.0725304,
0.308463,
0.228094,
0.0574765,
0.0551838,
0.0575123,
0.127443,
0.00398729,
0.054872,
0.0358649,
0.249038,
0.0089683,
0.323329,
0.0247828,
0.113161,
0.0581861,
0.0700649,
0.0404633,
0.123365,
0.297447,
0.168825,
0.144105,
0.265092,
0.0499556,
0.209992,
0.545778,
0.232228,
0.197212,
0.0208647,
0.280407,
0.255936,
0.0801737,
0.542397,
0.142748,
0.124027,
0.0123799,
0.052192,
0.0263663,
0.117038,
0.163199,
0.317233,
0.0288913,
0.0354281,
0.0690398,
0.00834974,
0.065954,
0.242342,
0.0341866,
0.027341,
0.0541302,
0.0149782,
0.0265266,
0.2756,
0.0435435,
0.123228,
0.394127,
0.0883566,
0.331177,
0.481018,
0.0294388,
0.167491,
0.0164843,
0.105473,
0.081839,
0.295311,
0.0835078,
0.162531,
0.0124591,
0.234523,
0.296154,
0.0117311,
0.3611,
0.465641,
0.230462,
0.23888,
0.197186,
1.11022e-16,
0.154548,
0.0162404,
0.00878714,
0.100977,
0.0214286,
0.0572347,
0.0863513,
0.0707439,
0.0661841,
0.334937,
0.0276518,
0.256796,
0.115875,
0.163578,
0.111261,
0.312742,
0.235346,
0.12528,
0.0368404,
0.165215,
0.18131,
0.126347,
0.00756621,
0.106195,
0.192817,
0.602929,
0.16384,
0.234895,
0.102188,
0.150913,
0.136132,
0.232753,
0.0904903,
0.587861,
0.411343,
0.00340667,
0.275445,
0.253816,
0.16088,
0.247874,
0.0653255,
0.19466,
0.131763,
0.190304,
0.0797517,
0.138409,
0.155739,
0.23086,
0.014622,
0.177961,
0.252925,
0.0885514,
0.0574064,
0.0863703,
0.109964,
0.100374,
0.638384,
0.298403,
0.114996,
0.344525,
0.128166,
0.279293,
0.442138,
0.347653,
0.0603777,
0.301315,
0.257622,
0.0139338,
0.345697,
0.725787,
0.0362494,
0.255806,
0.0235189,
0.14017,
0.11252,
0.491818,
0.00224452,
0.182186,
0.0332226,
0.0448939,
0.205285,
0.211168,
0.116558,
0.0660065,
0.0151103,
0.234255,
0.254006,
0.245117,
0.0422916,
0.251637,
0.134368,
0.206961,
0.144851,
0.314553,
0.300466,
0.0196655,
0.336481,
0.126778,
0.364385,
0.0397088,
0.21576,
0.156277,
0.027172,
0.322815,
0.277726,
0.0116801,
0.167603,
0.428584,
0.625041,
0.310759,
0.177913,
0.0795241,
0.146322,
0.103339,
0.089108,
0.267293,
0.135574,
0.0382652,
0.00967385,
0.00901124,
0.24399,
0.22887,
0.43941,
0.167531,
0.0303803,
0.495912,
0.0895228,
0.132619,
0.150938,
0.228422,
0.266283,
0.0106084,
0.301328,
0.0427435,
0.144605,
0.0468225,
2.45969e-05,
0.345547,
0.0489377,
0.0743033,
0.0151858,
0.300061,
0.0549963,
0.0527446,
0.333453,
0.0876438,
0,
0.163353,
0.102419,
0.40611,
0.0186479,
0.0814174,
0.0846298,
0.0174493,
0.0793956,
0.0352711,
0.027306,
0.0429128,
0.143168,
0.036571,
0.03322,
0.488247,
0.0269364,
0.194421,
0.000916031,
0.317565,
0.0925572,
0.0280082,
0.00644069,
0.031663,
0.33885,
0.0944966,
0.0201182,
0.17247,
0.155337,
0.105786,
0.350549,
0.117412,
0.000393549,
0.0873107,
0.290943,
0.0592571,
0.0741951,
0.17749,
0.175323,
0.459221,
0.0168227,
0.184803,
0.309471,
0.128231,
0.10892,
0.227421,
0.0236164,
0.0798331,
0.106156,
0.31204,
0.0554838,
0.343641,
0.135411,
0.152305,
0.418046,
0.177516,
0.0612933,
0.182448,
0.0683629,
0.244055,
0.127733,
0.0148492,
0.214327,
0.0598985,
0.133899,
0.185664,
0.0555638,
0.125403,
0.062563,
0.236973,
0.00913907,
0.219311,
0.0297809,
0.124198,
0.0447765,
0.0453484,
0.132128,
0.0890215,
0.403906,
0.141119,
0.267971,
0.065287,
0.408054,
0.181278,
0.137318,
0.0204868,
0.0506244,
0.170968,
0.110398,
0.0874478,
0.0874286,
0.0912617,
0.00594516,
0.037935,
0.50544,
0.588944,
0.243254,
0.0824629,
0.0720996,
0.128065,
0.0463589,
0.388835,
0.0274869,
0.30579,
0.0929899,
0.024633,
0.281528,
0.355068,
0.0114124,
0.214582,
0.249927,
0.0596166,
0.00113048,
0.0715633,
0.0867621,
0.007242,
0.00688449,
0.0430262,
0.0663735,
0.188241,
0.246223,
0.338801,
0.294419,
0.181861,
0.0857687,
0.330028,
0.305174,
0.023875,
0.141367,
0.00195726,
0.0730476,
0.0424571,
0.0239827,
0.064885,
0,
0.0614869,
0.197763,
0.23125,
0.0834763,
0.177324,
0.254081,
0.0919752,
0.00396234,
0.324116,
0.0330583,
0.469332,
0.0302957,
0.00773665,
0.115313,
0.0714751,
0.135829,
0.104878,
0.0600856,
0.249269,
0.252934,
0.095937,
0.0391604,
0.0339801,
0.172006,
0.168809,
0.0898595,
0.173047,
0.201975,
0.00919259,
0.464218,
0.284107,
0.281385,
0.0235068,
0.0578945,
0.27076,
0.364496,
0.105799,
0.28693,
0.294329,
0.036734,
0.109066,
0.187275,
0.0674243,
0.104896,
0.478675,
0.124324,
0.044082,
0.108312,
0.115688,
0.145261,
0.111276,
0.159111,
0.144166,
0.0468913,
0.0918055,
0.025726,
0.0396889,
0.117007,
0.0525393,
0.181534,
0.236778,
0.0888277,
0.244549,
0.0764206,
0.257667,
0.0936805,
0.0383211,
0.131144,
0.135322,
0.0403222,
0.00111946,
0.747669,
0.0624113,
0.152196,
0.0705366,
0.0386342,
0.218303,
0.221831,
0.185965,
0.293293,
0.0677444,
0.0243701,
0.598187,
0.409736,
0.501952,
0.0712364,
0.166776,
0.404634,
0.20453,
0.458548,
0.106926,
0.501419,
0.165935,
0.357004,
0.155913,
0.205653,
0.017376,
0.189663,
0.0172985,
0.12364,
0.0381109,
0.0762434,
0.204715,
0.11822,
0.282482,
0.471995,
0.249159,
0.186949,
0.500558,
0.109633,
0.0875224,
0.204192,
0.118571,
0.192178,
0.474086,
0.0662305,
0.0514235,
0.256744,
0.138925,
0.122512,
0.129971,
0.0466161,
0.0114915,
0.127532,
0.0880639,
0.192546,
0.198707,
0.637764,
0.0400596,
0.0953985,
0.206843,
0.033505,
0.109117,
0.142374,
0.346901,
0.0895872,
0.281923,
0.224831,
0.00749237,
0.101983,
0.332245,
0.199591,
0.230066,
0.178137,
0.0926617,
0.093132,
0.0239957,
0.0891431,
0.16763,
0.16142,
0.260487,
0.0822634,
0.162347,
0.0942801,
0.297855,
0.0456341,
0.285786,
0.138214,
0.0445784,
0.233067,
0.023598,
0.364273,
0.244406,
0.104057,
0.476124,
0.0062811,
0.102816,
0.130962,
0.318981,
0.117741,
0.266977,
0.0499199,
0.322544,
0.0223403,
0.0212161,
0.229155,
0.269867,
0.186771,
0.0367194,
0.222951,
0.220289,
0.0600514,
0.156896,
0.49045,
0.382163,
0.00466932,
0.277699,
0.291448,
0.0980502,
0.0215059,
0.14009,
0.194204,
0.0423799,
0.154291,
0.285181,
0.0730383,
0.216008,
0.396702,
0.209969,
0,
0.0380292,
0.236441,
0.0314147,
0.0554477,
0.282986,
0.196796,
0.067708,
0.179885,
0.135629,
0.057114,
0.00201361,
0.114084,
0.295835,
0.126319,
0.176713,
0.0740574,
0.248058,
0.0815814,
0.0333572,
0.0235117,
0.163151,
0.283027,
0,
0.25328,
0.544654,
0.26607,
0.201184,
0.142385,
0.0624138,
0.157514,
0.17483,
0.0764055,
0.103066,
0.104146,
0.0101,
0.0392139,
0.108197,
0.337024,
0.154774,
0.114039,
0.185172,
0.17251,
0.259934,
0.194757,
0.527285,
0.0689464,
0.0102424,
0.489489,
0.459082,
0.289066,
0.34021,
0.209219,
0.167984,
0.163611,
0.171822,
0.146522,
0.00624651,
0.0358597,
0.15679,
0.116141,
0.156229,
0.0790514,
0.162371,
0.356298,
0.0147796,
0.033047,
0.405957,
0.169187,
0.0802964,
0.227971,
0.0485421,
0.123472,
0.0676856,
0.081581,
0.0939783,
0.0778274,
0.13655,
0.251233,
0.0687072,
0.0835027,
0.00296187,
0.21756,
0.245187,
0.180798,
0.0605003,
0.100359,
0.0812722,
0.202131,
0.0882344,
0.0243783,
0.217125,
0.0947067,
0.0390834,
0.471535,
0.0137603,
0.0843148,
0.238692,
0.0642841,
0.0398509,
0.241712,
0.208868,
0.0515201,
0.616869,
0.0545889,
0.247567,
0.0458758,
0.205717,
0.0159037,
0.481329,
0.0405089,
0.255142,
0.104844,
0.00479388,
0.236222,
0.455788,
0.157127,
0.00971502,
0.00857073,
0.0102278,
0.31197,
0.35504,
0.0366716,
0.0330987,
0.00857644,
0.12002,
0.120555,
0.0138655,
0.0101389,
0.362099,
0.404858,
0.116127,
0.0746843,
0.0627704,
0.0929847,
0.0300826,
0.0394204,
0.149194,
0.0523016,
0.00826318,
0.236849,
0.0919311,
0.279624,
0.0226207,
0.145679,
0.0531073,
0.0677669,
0.0061693,
0.178715,
0.229309,
0.101642,
0.105165,
0.463412,
0.0373543,
0.164102,
0.419814,
0.397532,
0.05194,
0.0741143,
0.512162,
0.112065,
0.351832,
0.401995,
0.139077,
0.237479,
0.0101685,
0.0272407,
0.127851,
0.647935,
0.173047,
0.0994263,
0.106944,
0.043017,
0.267195,
0.0860384,
0.204378,
0.309936,
0.0710183,
0.11187,
0.175367,
0.081932,
0.0513603,
0.0144604,
0.0501805,
0.206889,
0.0128507,
0.224628,
0.177802,
0.0391972,
0.311278,
0.0173141,
0.0187645,
0.117215,
0.0577844,
0.317942,
0.109112,
0.263395,
0.127269,
0.684299,
0.0239878,
0.430899,
0.179892,
0.0665593,
0.0737298,
0.168259,
0.0617787,
0.3221,
0.00819751,
0.405177,
0.0733164,
0.0338496,
0.823047,
0.220327,
0.0140623,
0.185926,
0.101691,
0.319051,
0.141219,
0.14409,
0.148748,
0.160154,
0.115613,
0.207662,
0.579078,
0.195502,
0.221684,
0.0401512,
0.0235103,
0.498921,
0.104146,
0.202808,
0.154241,
0.419307,
0.254376,
0.200436,
0.11583,
0.379083,
0.709428,
0.0575649,
0.182358,
0.209881,
0.0587255,
0.0501168,
0.0378611,
0.294275,
0.0166654,
0.709428,
0.404172,
0.0580131,
0.166285,
0.149219,
0.0119089,
0.245143,
0.0148759,
0.0688939,
0.114601,
0.399335,
0.314364,
0.099357,
0.252892,
0.45755,
0.119055,
0.188944,
0.0953354,
0.266322,
0.199699,
0.0460926,
0.200303,
0.27636,
0,
0.0472187,
0.052252,
0.263955,
0.0502524,
0.148139,
0.361386,
0.0243646,
0.17072,
0.227309,
0.025457,
0.255808,
0.256675,
0.265883,
0.0618453,
0.262722,
0.106661,
0.0550108,
0.216471,
0.473455,
0.252432,
0.0679932,
0.317365,
0.174248,
0.471108,
0.0689138,
0.107765,
0.0759518,
0.281249,
0.636537,
0.189398,
0.198512,
0.0418025,
0.229754,
0.208947,
0.0786514,
0.126735,
0.262208,
0.148489,
0.113065,
0.117897,
0.1977,
0.296117,
0.175501,
0.203677,
0.503061,
0.258124,
0.0306932,
0.460835,
0.106551,
0.0328095,
0.148078,
0.109948,
0.122771,
0.36921,
0.210802,
0.408587,
0.116269,
0.309671,
0.0834123,
0.148048,
0.0631795,
0.116738,
0.0874438,
0.175304,
0.156382,
0.211686,
0.485228,
0.0181743,
0.141017,
0.0443748,
0.105851,
0.269426,
0.0881362,
0.655797,
0.409736,
0.111167,
0.0430042,
0.285314,
0.0332971,
0.107203,
0.22691,
0.0483166,
0.0461853,
0.372024,
0.0732492,
0.230298,
0.120875,
0.57576,
0.140352,
0.0717011,
0.212992,
0.0657718,
0.100915,
0.0958702,
0.290234,
0.102537,
0.0581026,
0.0828759,
0.0441912,
0.519663,
0.0315641,
0.0586813,
0.392138,
0.0222032,
0.253432,
0.471538,
0.16441,
0.0148775,
0.07769,
0.00702767,
0.0261235,
0.04305,
0.463626,
0.160239,
0.0608699,
0.12772,
0.00339479,
0.151269,
0.332043,
0.0162847,
0.179494,
0.146635,
0.241357,
0.667501,
0.113132,
0.0929968,
0,
0.115015,
0.0403613,
0.581121,
0.172296,
0.347466,
0.192576,
0.0602848,
0.114579,
0.255436,
0.10949,
0.437466,
0.107133,
0.065861,
0.108129,
0.355183,
0.0102146,
0.0459865,
0.140829,
0.0847556,
0.0274474,
0.295804,
0.110509,
0.0291938,
0.103008,
0.124406,
0.0486209,
0.0797321,
0.236505,
0.120018,
0.0510725,
0.103651,
0.15045,
0.152786,
0.065698,
0.194901,
0.213692,
0.179152,
0.127202,
0.135837,
0.144014,
0.000796631,
0.381063,
0.0611485,
0.0345461,
0.0325849,
0.19607,
0.146891,
0.0422444,
0.150608,
0.492074,
0.0860795,
0.1296,
0.042913,
0.0371031,
0.100171,
0.128662,
0.290428,
0.132897,
0.0595056,
0.0899661,
0.00506377,
0.381117,
0.123866,
0.424079,
0.0510758,
0.19212,
0.0221072,
0.359143,
0.0735915,
0.0377838,
0.412098,
0.202229,
0.680196,
0.0173727,
0.0802199,
0.314007,
0.00842569,
0.0230166,
0.0685135,
0.06217,
0.0711803,
0.056658,
0.0709225,
0.00545278,
0.100751,
0.0515057,
0.103325,
0.0798995,
0.228134,
0.0413991,
0.0666109,
0.182479,
0.145718,
0.203605,
0.0865567,
0.191721,
0.127382,
0.0021349,
0.0655743,
0.0586233,
0.0218972,
0.110141,
0.078298,
0.0338751,
0.0719479,
0.0332968,
0.198415,
0.0100099,
0.550573,
0.0577084,
0.280702,
0.101301,
0.0275971,
0.102318,
0.0448674,
0.175441,
0.0847383,
0.00627333,
0.320915,
0.290159,
0.0507669,
0.242537,
0.200862,
0.0463775,
0.00844236,
0.0621585,
0.227798,
0.0327185,
0.170392,
0.142467,
0.029163,
0.340318,
0.199689,
0.109117,
0.216583,
0.34417,
0.202664,
0.0252007,
0.0747788,
0.420926,
0.0620344,
0.231823,
0.178297,
0.216194,
0.0244284,
0.161514,
0.0808898,
0.126422,
0.0826018,
0.290513,
0.293792,
0.0413554,
0.252818,
0.260611,
0.0683781,
0.0712605,
0.147673,
0.0802003,
0.19893,
0.412023,
0.0545173,
0.192446,
0.463926,
0.199724,
0.347703,
0.0192151,
0.0910454,
0.200404,
0.126325,
0.0641244,
0.234244,
0.205608,
0.145386,
0.363503,
0.10619,
0.0147813,
0.351346,
0,
0.178083,
0.348061,
0.388586,
0.00707476,
0.449282,
0.0870258,
0.260302,
0.371426,
0.502586,
0.287361,
0.187102,
0.184178,
0.0989085,
0.03965,
0.00411248,
0.144679,
0.0164001,
0.296427,
0.32407,
0.00814818,
0.191093,
0.0456467,
0.0235115,
0.0565116,
0.363198,
0.00703077,
0.338335,
0.121297,
0.0315343,
0.397575,
0.0404416,
0.0432423,
0.0964908,
0.114548,
0.409327,
0.0558595,
0.123165,
0.110798,
0.107377,
0.183475,
0.241173,
0.192956,
0.163402,
0.281009,
0.252356,
0.114197,
0.0973453,
0.305262,
0.0456712,
0.177484,
0.243419,
0.0805059,
0.00302525,
0.0383402,
0.219392,
0.0440095,
0.376158,
0.285013,
0.150203,
0.276816,
0.146499,
0.327124,
0.013985,
0.271793,
0.277373,
0.0143472,
0.098685,
0.0160432,
0.0630511,
0.0198954,
0.0678018,
0.101387,
0.183373,
0.0800764,
0.673367,
0.248527,
0.257595,
0.0566501,
0.134118,
0.279795,
0.205795,
0.0720648,
0.218116,
0.339712,
0.275028,
0.180122,
0.0800893,
0.32237,
0.317898,
0.152013,
0.23342,
0.0815977,
0.107172,
0.0428722,
0.12829,
0.00974988,
0.0967965,
0.185311,
0.214615,
0.329683,
0.32022,
0.250892,
0.0288266,
0.29128,
0.307765,
0.186414,
0.0308068,
0.106067,
0.0232056,
0.0869352,
0.117383,
0.405848,
0.0725185,
0.0731325,
0.0525074,
0.305439,
0.35446,
0.567146,
0.0474121,
0.228315,
0.695984,
0.48821,
0.512918,
0.0763897,
0.35194,
0.462547,
0.0746973,
0.238335,
0.0302783,
0.328621,
0.0272925,
0.13377,
0.189361,
0.34918,
0.279076,
0.143971,
0.512707,
0.255635,
0.268205,
0.272057,
0.0295518,
0.0821755,
0.0397399,
0.314353,
0.321301,
0.0775586,
0.155602,
0.000232943,
0.134395,
0.135225,
0.0175337,
0.0289035,
0.166277,
0.127305,
0.399702,
0.228438,
0.131816,
0.0282987,
0.0527008,
0.250972,
0.0637582,
0.10134,
0.399918,
0.0702376,
0.0337086,
0.0598294,
0.0180917,
0.169298,
0.094025,
0.0693782,
0.0673466,
0.125714,
0.289478,
0.283869,
0.311985,
0.425148,
0.138801,
0.116238,
0.0970283,
0.0433525,
0.064709,
0.26242,
0.150602,
0.096952,
0.203107,
0.044444,
0.490641,
0.230298,
0.376806,
0.109618,
0.0516935,
0.42248,
0.0606314,
0.388866,
0.355101,
0.178075,
3.13068e-05,
0.684627,
0.370847,
0.124844,
0.225866,
0.0100099,
0.127634,
0.0904908,
0.0891144,
0.130339,
0.0665348,
0.236126,
0.19165,
0.272709,
0.034698,
0.0933009,
0.291368,
0.068442,
0.236737,
0.142768,
0.73432,
0.421301,
0.253271,
0.094855,
0.0314359,
0.0206595,
0.37488,
0.118614,
0.388204,
0.0776314,
0.0378912,
0.547032,
0.369141,
0.125784,
0.0298922,
0.21953,
0.231934,
0.244515,
0.171598,
0.0999693,
0.277869,
0.0480097,
0.00031151,
0.0230865,
0.272857,
0.198406,
0.0363715,
0.0642109,
0.244657,
0.0950948,
0.0769219,
0.344827,
0.274214,
0.180848,
0.143063,
0.0957228,
0.0979959,
0.00284213,
0.190665,
0.260876,
0.0137928,
0.529297,
0.198323,
0.0536014,
0.172312,
0.295098,
0.226784,
0.259723,
0.086755,
0.0723712,
0.0916415,
0.137007,
0.13391,
0.433876,
0.0478951,
0.116324,
0,
0.248006,
0.275265,
0.167588,
0.13823,
0.256887,
0.194487,
0.118902,
0.103494,
0.0111262,
0.45755,
0.684385,
0.285582,
0.351346,
0.383299,
0.000990036,
0.111157,
0.121653,
0.0864957,
0.0565992,
0.0669394,
0.0514515,
0.407185,
0.19439,
0.687285,
0.436061,
0.19311,
0.261588,
0.115163,
0.517099,
0.522058,
0.218955,
0.434279,
0.393182,
0.152872,
0.199943,
0.161795,
0.175321,
0.115539,
0.246566,
0.102267,
0.0499166,
0.374635,
0.447053,
0.253422,
0.0985962,
0.345733,
0.329866,
0.595295,
0.0671637,
0.226001,
0.320547,
0.074869,
0.0755072,
0.140177,
0.230145,
0.1945,
0.0511822,
0.24002,
0.123137,
0.0474529,
0.539391,
0.471995,
0.0602032,
0.0541156,
0.032855,
0.0360274,
0.174407,
0.228878,
0.539921,
0.324988,
0,
0.058558,
0.215432,
0.0144012,
0.0554459,
0.385032,
0.0409243,
0.48119,
0.0232329,
0.159101,
0.169933,
0.258513,
0.0273782,
0.484748,
0.282604,
0.0289769,
0.1924,
0.164272,
0.0637921,
0.193881,
0.435182,
0.203014,
0.0806009,
0.262715,
0.136906,
0.0981753,
0.102565,
0.0248433,
0.0542534,
0.243108,
0.0142394,
0.0210271,
0.182249,
0.229077,
0.499502,
0.0321055,
0.378075,
0.0325165,
0.505099,
0.227491,
0.215053,
0.137687,
0.372473,
0.136751,
0.0340466,
0.182735,
0.188837,
0.0580348,
0.113302,
0.0379125,
0.331689,
0.325711,
0.10205,
0.175546,
0.179185,
0.068309,
0.268941,
0.397818,
0.0573161,
0.466013,
0.214866,
0.0996324,
0.0293882,
0.125088,
0.185835,
0.405705,
0.0522474,
0.026179,
0.133228,
0.130477,
0.0600494,
0.709987,
0.089615,
0.456975,
0.110263,
0.26553,
0.130007,
0.0571369,
0.0568814,
0.124733,
0.229861,
0.0768307,
0.0454178,
0.185915,
0.247441,
0.064925,
0.434091,
0.376777,
0.611011,
0.0682228,
0.212346,
0.210571,
0.0689578,
0.23441,
0.0562277,
0.0400842,
0.0325804,
0.0552423,
0.113564,
0.365454,
0.0953962,
0.0273983,
0.237659,
0.127124,
0.05952,
0.0351102,
0.0551699,
0.0433942,
0.10566,
0.178213,
0.217833,
0.00740453,
0.0216338,
0.267198,
0.134381,
0.0478776,
0.0800009,
0.466169,
0.155466,
0.0148881,
0.245276,
0.0570844,
0.220073,
0.558464,
0.174626,
0.0931064,
0.347466,
0.0792292,
0.420688,
0.132393,
0.332241,
0.285313,
0.0480287,
0.76461,
0.158551,
0.286307,
0.115263,
0.0625624,
0.157639,
0.0465221,
0.221338,
0.217069,
0.4187,
0.0778063,
0.422707,
0.423149,
0.0637712,
0.0184283,
0.184165,
0.424645,
0.229169,
0.0963604,
0.150248,
0.0877548,
0.166609,
0.240763,
0.105791,
0.0309456,
0.0422197,
0,
0.0954828,
0.129383,
0.165385,
0.116298,
0.17662,
0.37955,
0.0596266,
0.0784184,
0.117915,
0.158274,
0.148178,
0.000473797,
0.11873,
0.600922,
0.0221847,
0.147003,
0.0792712,
0.00283828,
0.00597803,
0.138052,
0.0883072,
0.174176,
0.0431327,
0.076512,
0.0305055,
0.0369924,
0.333758,
0.218875,
0.156773,
0.0792568,
0.150228,
0.0975629,
0.254042,
0.050757,
0.0941361,
0.0190949,
0.070104,
0.203122,
0.306671,
0.188639,
0.202318,
0.0620017,
0.17896,
0.0166654,
0.0473341,
0.256479,
0.0401044,
0.156754,
0.195734,
0.03478,
0.0487066,
0.0458214,
0.0204464,
0.00767273,
0.0369337,
0.097245,
0.0169037,
0.137661,
0.401567,
0.213446,
0.053293,
0.561794,
0.336708,
0.0788097,
0.256871,
0.0721576,
0.237282,
0.271815,
0.322371,
0.0972511,
0.107174,
0.0099564,
0.276219,
0.278313,
0.253507,
0.0806893,
0.363873,
0.0265189,
0.137715,
0.00386571,
0.127786,
0.0813156,
0.114305,
0.0977111,
0.0417479,
0.440247,
0.332043,
0.172013,
0.175367,
0.145739,
0.0918811,
0.0274164,
0.0853276,
0.0841936,
0.0258714,
0.243503,
0.175609,
0.0526336,
0.264065,
0.0947954,
0.16182,
0.106607,
0.0799338,
0.136901,
0.121344,
0.00114766,
0.00831452,
0.511729,
0.0103359,
0.103652,
0.0213027,
0.268889,
0.109466,
0.404248,
0.224318,
0.0308541,
0.113588,
0.216288,
0.0956105,
0.732482,
0.271667,
0.199294,
0.128736,
0.294545,
0.0232423,
0.259656,
0.251856,
0.0126944,
0.118659,
0.0654181,
0.250744,
0.277299,
0.134759,
0.122769,
0.221994,
0.103386,
0.0124154,
0.0561441,
0.30142,
0.383628,
0.0088371,
0.103293,
0.112168,
0.41052,
0.157268,
0.216732,
0.138374,
0.0532916,
0.0289581,
0.0262943,
0.156433,
0.0140871,
0.059896,
0.0123403,
0.00548336,
0.28353,
0.124022,
0.0487747,
0.0486482,
0.083467,
0.044224,
0.300568,
0.102288,
0.045189,
0.235108,
0.114391,
0.0505059,
0.00200384,
0.48868,
0.209819,
0.0100912,
0.0765609,
0.0112156,
0.122449,
0.0459955,
0.0791028,
0.0323503,
0.355491,
0.0987439,
0.267187,
0.103771,
0.157948,
0.1537,
0.52615,
0.127167,
0.540683,
0.185655,
0.0679134,
0.353146,
0.00446873,
0.18217,
0.277659,
0.0467404,
0.0343926,
0.0886708,
0.120881,
0.162607,
0.413915,
0.0385135,
0.524359,
0.0816025,
0.0979776,
0.0434014,
0.0487937,
0.129602,
0.247315,
0.240317,
0.122237,
0.0496682,
0.422199,
0.247173,
0.102843,
0.0424274,
0.0614688,
0.145873,
0.435907,
0.271831,
0.675748,
0.111441,
0.21029,
0.0190243,
0.0229912,
0.0256273,
0.175271,
0.0519913,
0.109463,
0.0636341,
0.577718,
0.0194987,
0.35764,
0.210349,
0.131992,
0.103092,
0.0696208,
0.0408024,
0.186728,
0.204677,
0.152089,
0.0186253,
0.073271,
0.027405,
0.0978698,
0.250972,
0.0277383,
0.0214412,
0.0639444,
0.155589,
0.0322642,
0.0882298,
0.247556,
0.007998,
0.395192,
0.0603263,
0.220389,
0.536585,
0.654107,
0.436589,
0.362886,
0.407413,
0.0603308,
0.43681,
0.0277063,
0.0602295,
0.128426,
0.0504443,
0.0113619,
0.145094,
0.0118737,
0.211727,
0.309268,
0.137661,
0.293586,
0.130392,
0.266574,
0.0798466,
0.0275814,
0.0227149,
0.176699,
0.41563,
0.180728,
0.0909298,
0.0278326,
0.268759,
0.110558,
0.652251,
0.30988,
0.40223,
0.210926,
0.039095,
0.0285418,
0.0271351,
0.193049,
0.0820545,
0.420744,
0.0598925,
0.0754389,
7.77156e-16,
0.080982,
0.407415,
0.132118,
0.161375,
0.0835803,
0.212056,
0.0728825,
0.220994,
0.033995,
0.0636412,
0.39969,
0.245449,
0.0312923,
0.289396,
0.00556002,
0.263826,
0.195687,
0.258814,
0.244804,
0.0603263,
0.384311,
0.169416,
0.00466416,
0.226666,
0.0306187,
0.0369362,
0.313692,
0.237425,
0.0220574,
0.21669,
0.0333769,
0.214791,
0.0860839,
0.0956145,
0.109117,
0.0064064,
0.330104,
0.0106028,
0.0856067,
0.324602,
0.0584745,
0.0169305,
0.252781,
0.533874,
0.0121408,
0.0963649,
0.329456,
0.182743,
0.0315219,
0.165026,
0.0130343,
0.712208,
0.101562,
0.258794,
0.22491,
0.0583281,
0.17381,
0.0771264,
0.10784,
0.198814,
0.0204014,
0.0108834,
0.30121,
0.13073,
0.308822,
0.533787,
0.243871,
0.456088,
0.0232329,
0.134774,
0.0284062,
0.173137,
0.0198983,
0.0836714,
0.0438402,
0.080337,
0.0143421,
0.0331468,
0.140713,
0.526004,
0.118371,
0.214207,
0.273289,
0.0883387,
0.18126,
0.0609765,
0.0138788,
0.351429,
0.103012,
0.0515586,
0.102923,
0.628335,
0.0854578,
0.223843,
0.0182511,
0.254463,
0.149731,
0.126704,
0.279897,
0.344538,
0.0473415,
0.0323605,
0.204434,
0.0778657,
0.228863,
0.0897816,
0.0293617,
0.250036,
0.158346,
0.0537099,
0.392158,
0.00536083,
0.366558,
0.141041,
0.204048,
0.0290823,
0.0243701,
0.300024,
0.179145,
0.187525,
0.144174,
0.508041,
0.0606455,
0.313405,
0.0165124,
0.506879,
0.215482,
0.0690151,
0.103415,
0.121044,
0.106261,
0.167697,
0.193241,
0.0955517,
0.201661,
0.406027,
0.189759,
0.161713,
0.0211632,
0.246023,
0.328158,
0.280465,
0.127712,
0.00610578,
0.0499608,
0.016418,
0.00848332,
0.45813,
0.00603541,
0.394865,
0.118965,
0.110896,
0.200344,
0.253368,
0.0536876,
0.0219803,
0.262529,
0.0631786,
0.695694,
0.424968,
0.378658,
0.05252,
0.0293541,
0.00851325,
0.184949,
0.0558791,
0.0785027,
0.51644,
0.32851,
0.0834012,
0.0229406,
0.0561501,
0.5444,
0.0343404,
0.38918,
0.143215,
0.0345212,
0.07827,
0.0168864,
0.280023,
0.238679,
0.00394519,
0.00519927,
0.175367,
0.0296155,
0.370124,
0.120223,
0.0662043,
0.0758591,
0.0678215,
0.222097,
0.045693,
0.0623583,
0.580217,
0.103861,
0.250029,
0.160719,
0.053096,
0.0327408,
0.571478,
0.0978452,
0.110235,
0.141032,
0.212848,
0.633098,
0.174993,
0.0998498,
0.04419,
0.11705,
0.128615,
0.220071,
0.246845,
0.175478,
0.233216,
0.0800954,
0.253693,
0.0281627,
0.406027,
0.025734,
0.0421517,
0.156494,
0.0349862,
0.0848631,
0.388914,
0.012607,
0.172643,
0.184663,
0.0147082,
0.304517,
0.0226275,
0.172205,
0.0932647,
0.0542901,
0.0915008,
0.00597413,
0.00228477,
0.102339,
0.299084,
0.199101,
0.084037,
0.378301,
0.0219246,
0.101029,
0.154321,
0.00761806,
0.470656,
0.209495,
0.178879,
0.0606076,
0.14367,
0.142574,
0.0119947,
0.0329492,
0.0669737,
0.0445996,
0.0908696,
0.548511,
0.0549171,
0.0149773,
0.0424431,
0.130917,
0.190974,
0.0167038,
0.171565,
0.460691,
0.0324085,
0.144641,
0.0858008,
0.126929,
0.126457,
0.0630659,
0.0153869,
0.2737,
0.0967848,
0.364389,
0.192851,
0.205806,
0.282955,
0.0493627,
0.170932,
0.152942,
0.249136,
0.192359,
0.0177608,
0.0532957,
0.306985,
0.145441,
0.241166,
0.294566,
0.350266,
0.263678,
0.341775,
0.148881,
0.0382932,
0.496781,
0.139676,
0.497765,
0.113144,
0.166542,
0.179474,
0.150174,
0.559795,
0.0861855,
0.358558,
0.0455043,
0.177038,
0.0322583,
0.273429,
0.491501,
0.218591,
0.11226,
0.0274472,
0.169829,
0.191729,
0.00213808,
0.025786,
0.103339,
0.171981,
0.098659,
0.502456,
0.0360014,
0.198993,
0.289968,
0.395401,
0.100283,
0.0510483,
0.202496,
0.0486501,
0.282145,
0.0454295,
0.0433108,
0.235559,
0.58657,
0.281577,
0.169078,
0.0462277,
0.363832,
0.0160842,
0.217505,
0.17587,
0.149665,
0.0515076,
0.0695947,
0.0636737,
0.277812,
0.189137,
0.354208,
0.0429068,
0.0684989,
0.139183,
0.0106215,
0.19429,
0.157051,
0.271121,
0.0996912,
0.110422,
0.0705962,
0.089777,
0.121174,
0.0899248,
0.0444851,
0.350744,
0.142523,
0.325459,
0.219807,
0.113488,
0.274866,
0.0269705,
0.00466233,
0.177292,
0.211684,
0.13575,
0.265002,
0.168074,
0.0420282,
0.280128,
0.286335,
0.151584,
0.0950441,
0.180001,
0.30926,
0.495903,
0.11916,
0.111752,
0.0709376,
0.0478685,
0.350582,
0.162908,
0.109024,
0.340844,
0.0407818,
0.0229543,
0.0104039,
0.440213,
0.158041,
0.271,
0.0962136,
0.0455265,
0.0356942,
0.234788,
0.0455341,
0.0361799,
0.172254,
0.0178698,
0.411662,
0.186044,
0.0726333,
0.017508,
0.19859,
0.277028,
0.0537714,
0.435022,
0.106783,
0.131317,
0.066858,
0.0606459,
0.150154,
0.212175,
0.187916,
0.0182611,
0.242589,
0.130227,
0.418069,
0.0672927,
0.0159718,
0.044,
0.00414935,
0.0509568,
0.0322562,
0.183368,
0.523728,
0.120582,
0.14242,
0.0482516,
0.157087,
0.129701,
0.109765,
0.0498604,
0.199315,
0.109943,
0.011536,
0.0410239,
0.431354,
0.327881,
0.101633,
0.559229,
0.132766,
0.0851113,
0.265353,
0.545778,
0.0376838,
0.244034,
0.0296586,
0.101857,
0.0266389,
0.0716353,
0.035103,
0.522286,
0.125018,
0.270657,
0.117543,
0.115203,
0.25139,
0.330151,
0.020931,
0.293501,
0.0411363,
0.356725,
0.0701931,
0.0782608,
0.256751,
0.096408,
0.273193,
0.0405744,
0.0750673,
0.440141,
0.0351851,
0.0199881,
0.088647,
0.0419896,
0.0720201,
0.0639521,
0.0146128,
0.0936648,
0.10412,
0.206241,
0.41518,
0.32791,
0.125526,
0.460802,
0.0206503,
0.123396,
0.617887,
0.0223306,
0.0674276,
0.222043,
0.248337,
0.294283,
0.171331,
0.192408,
0.0445914,
0.381031,
0.159004,
0.162011,
0.281939,
0.251914,
0.139237,
0.132317,
0.0492888,
0.26739,
0.380615,
0.166139,
0.204249,
0.390259,
0.179353,
0.136417,
0.0662714,
0.388338,
0.0544333,
0.0300214,
0.242989,
0.259428,
0.209508,
0.0592027,
0.132004,
0.34863,
0.327408,
0.0498863,
0.378491,
0.302178,
0.292325,
0.00141248,
0.0198778,
0.158102,
0.0420123,
0.211763,
0.122687,
0.239308,
0.186379,
0.566161,
0.0650523,
0.271271,
0.423758,
0.119138,
0.150428,
0.0947682,
0.0173801,
0.0696742,
0.457456,
0.210349,
0.162018,
0.292015,
0.494441,
0.503446,
0.287566,
0.00639627,
0.270146,
0.0803954,
0.0241665,
0.169638,
0.161338,
0.100068,
0.120633,
0.278319,
0.0172985,
0.450196,
0.190411,
0.0071461,
0.147912,
0.212426,
0.254483,
0.40409,
0.00234146,
0.0312189,
0.131351,
0.196349,
0.168172,
0.0934491,
0.0719428,
0.0493292,
0.101681,
0.329859,
0.226852,
0.0328026,
0.409786,
0.00367082,
0.198549,
0.458352,
0.0846229,
0.0664218,
0.0620925,
0.00367437,
0.0123401,
0.00799748,
0.700594,
0.14566,
0.0682166,
0.332445,
0.0379967,
0.269878,
0.166021,
0.279477,
0.446702,
0.129436,
0.192316,
0.445811,
0.015782,
0.291237,
0.00611512,
0,
0.256897,
0.156688,
0.0431121,
0.0154274,
0.146219,
0.00927049,
0.335099,
0.0857486,
0.208802,
0.108183,
0.260995,
0.681451,
0.111173,
0.126185,
0.138445,
0.251357,
0.0307157,
0.0140432,
0.00661701,
0.275149,
0.0528645,
0.161764,
0.123653,
0.513703,
0.096739,
0.281686,
0.452707,
0.108605,
0.34966,
0.0997543,
0.0658389,
0.0594259,
0.172574,
0.125891,
0.0938007,
0.200875,
0.25234,
0.128342,
0.276844,
0.03825,
0.00401064,
0.0193786,
0.0877804,
0.166604,
0.57852,
0.0948776,
0.135907,
0.0180998,
0.307548,
0.0234694,
0.070094,
0.0428896,
0.0360278,
0.428726,
0.254282,
0.18312,
0.259978,
0.0659127,
0.0562098,
0.00861868,
0.140424,
0.175367,
0.0579185,
0.128926,
0.0240535,
0.219316,
0.110243,
0.0336638,
0.0401973,
0.0302847,
0.0229719,
0.0502668,
0.1355,
0.320213,
0.100648,
0.0311983,
0.177932,
0.0577055,
0.127153,
0.0662456,
0.00351778,
0.329704,
0.076159,
0.30426,
0.0775224,
0.120186,
0.0449475,
0.51946,
0.53536,
0.180808,
0.612476,
0.277919,
0.0102407,
0.0243701,
0.0727972,
0.00702178,
0.00653623,
0.0249833,
0.13549,
0.390515,
0.192446,
0.0662006,
0.0492595,
0.126724,
0.0103309,
0.548724,
0.264384,
0.232718,
0.0262376,
0.0425807,
0.186893,
0.435445,
0.0602757,
0.141191,
0.10733,
0.068918,
0.237909,
0.233684,
0.112963,
0.440067,
0.196582,
0.393227,
0.259428,
0.320302,
0.0789263,
0.0446645,
0.115581,
0.0842757,
0.0835783,
0.119514,
0.407337,
0.305243,
0.510094,
0.0453249,
0.498647,
0.172926,
0.0594333,
0.196472,
0.12951,
0.0465714,
0.061114,
0.132635,
0.0876857,
0.180162,
0.177981,
0.349784,
0.108919,
0.12231,
0.281733,
0.150579,
0.0360876,
0.125019,
0.14507,
0.031607,
0.0561052,
0.347041,
0.00414048,
0.340961,
0.290087,
0.235828,
0.0147254,
0.247597,
0.31406,
0.0392434,
0.148605,
0.635653,
0.152209,
0.000450278,
0.0285336,
0.0375589,
0.0555256,
0.0155866,
0.00511885,
0.0727137,
0.110327,
0.112346,
0.0251709,
0.0167943,
0.219622,
0.237471,
0.21631,
0.27561,
0.0474989,
0.0716298,
0.0341713,
0.367138,
0.350907,
0.0356946,
0.0611681,
0.0508805,
0.0265653,
0.406743,
0.0905576,
0.0728204,
0.566693,
0.0677865,
0.40454,
0.128653,
0.111201,
0.184634,
0.00553635,
0.292912,
0.00291932,
0.0145821,
0.101324,
0.400262,
0.207332,
0.098719,
0.136489,
0.254764,
0.276428,
0.0775678,
0.584502,
0.136852,
0.16533,
0.0707854,
0.228808,
0.0874438,
0.111583,
0.0297489,
0.126557,
0.0995145,
0.407203,
0.0394411,
0.0262676,
0.237383,
0.0538996,
0.149197,
0.199726,
0.137553,
0.0517688,
0.249053,
0.214798,
0.0879023,
0.0685077,
0.493239,
0.0461166,
0.379685,
0.131097,
0.338831,
0.0432947,
0.121392,
0.324861,
0.179316,
0.210067,
0.192748,
0.517387,
0.105515,
0.0348021,
0.272177,
0.0462581,
0.0938182,
0.26982,
0.191223,
0.148258,
0.386372,
0.324406,
0.0591572,
0.219642,
0.0888842,
0.10828,
0.182904,
0.00945539,
0.287262,
0.100366,
0.0949592,
0.133483,
0.0158093,
0.194712,
0.31233,
0.230703,
0.314444,
0.0969807,
0.00888919,
0.252404,
0.29016,
0.0830518,
0.179214,
0.185093,
0.0766889,
0.171744,
0.0398631,
0.302623,
0.0523351,
0.114638,
0.157046,
0.474052,
0.115615,
0.234948,
0.0884513,
0.0887495,
0.0245465,
0.0625148,
0.190786,
0.247416,
0.0440842,
0.0260181,
0.433249,
7.59994e-05,
0.535051,
0.139714,
0.0397894,
0.198665,
0.170905,
0.00103464,
0.303677,
0.162683,
0.0628329,
0.241108,
0.0152467,
0.335012,
0.186228,
0.0730092,
0.347524,
0.0778725,
0.32059,
0.0536075,
0.175681,
0.0855921,
0.108696,
0.00423396,
0.162388,
0.124367,
0.183335,
0.140344,
0.344359,
0.0467445,
0.0413488,
0.141187,
0.189499,
0.0250947,
0.103834,
0.234304,
0.017155,
0.0645463,
0.658626,
0.0610418,
0.0807477,
0.0117543,
0.00112439,
0.102418,
0.0303653,
0.0492021,
0.0382848,
0.461689,
0.344373,
0.154855,
0.360034,
0.19776,
0.0325322,
0.115461,
0.429653,
0.0101768,
0.210438,
0.266293,
0.326374,
0.440248,
0.136701,
0.183539,
0.134432,
0.367834,
0.0741018,
0.0427484,
0.584697,
0.0536016,
0.437398,
0.0343974,
0.424377,
0.101361,
0.364811,
0.366456,
0.149932,
0.44379,
0.0324285,
0.156992,
0.194293,
0.0489526,
0.157107,
0.0944126,
0.0678769,
0.474738,
0.359447,
0.229426,
0.144273,
0.0353157,
0.557275,
0.0772255,
0.200816,
0.214262,
0.0174743,
0.191573,
0.0576658,
0.632382,
0.633423,
0.147332,
0.141885,
0.365629,
0.107027,
0.0801182,
0.185595,
0.423931,
0.424265,
0.0166774,
0.425698,
0.145935,
0.237404,
0.195415,
0.2207,
0.318365,
0.0738779,
0.300282,
0.198766,
0.123246,
0.573102,
0.13583,
0.52427,
0.534934,
0.418569,
0.114967,
0.179422,
0.0198597,
0.178478,
0.452151,
0.0867009,
0.299095,
0.125866,
0.0562814,
0.0473504,
0.0230357,
0.06043,
0.301375,
0.160718,
0.00700643,
0.1006,
0.639702,
0.0994739,
0.190007,
0.007817,
0.0174268,
0.0891128,
0.00467819,
0.047437,
0.21213,
0.0697763,
0.0368713,
0.0222683,
1.55388e-05,
0.090598,
0.285986,
0.223548,
0.0564273,
0.129964,
0.256806,
0.0755735,
0.109794,
0.374776,
0.00726403,
0.00472604,
0.0600584,
0.125902,
0.292454,
0.188666,
0.158447,
0.135057,
0.0493912,
0.151679,
0.067982,
0.115466,
0.283658,
0.039962,
0.334763,
0.200365,
0.153524,
0.06562,
0.247752,
0.366064,
0.111258,
0.0245205,
0.0678018,
0.0880505,
0.1004,
0.234413,
0.39272,
0.0830395,
0.035688,
0.369563,
0.146283,
0.228513,
0.0200694,
0.234478,
0.158682,
0.175292,
0.237869,
0.000928006,
0.19169,
0.0487615,
0.290467,
0.531548,
0.438302,
0.00562226,
0.128921,
0.0870191,
0.0277383,
0.0281245,
0.011972,
0.127918,
0.0539759,
0.0175413,
0.0812082,
0.00332575,
0.306211,
0.157235,
0.14743,
0.00593546,
0.382529,
0.119229,
0.265711,
0.00458533,
0.0850732,
0.117788,
0.138126,
0.3161,
0.148127,
0.0836197,
0.0367615,
0.118264,
0.0586659,
0.160208,
0.0313744,
0.348989,
0.0282242,
0.651789,
0.0101288,
0.363443,
0.187653,
0.0266389,
0.0242376,
0.0726257,
0.172662,
0.243126,
0.0411789,
0.288457,
0.0156784,
0.112577,
0.0941998,
0.0888928,
0.173551,
0.0691705,
0.212021,
0.00247726,
0.000337885,
0.343952,
0.0315191,
0.1757,
0.0559718,
0.0415361,
0.139397,
0.0301714,
0.207588,
0.33441,
0.330297,
0.176934,
0.0725875,
0.00337968,
0.110596,
0.464853,
0.234313,
0.110654,
0.0931615,
0.163354,
0.336053,
0.00347883,
0.42339,
0.0580634,
0.0189255,
0.078679,
0.00526802,
0.0689169,
0.00764013,
0.35441,
0.0512443,
0.318914,
0.169279,
0.293882,
0.00292601,
0.0705045,
0.0932672,
0.0562504,
0.340961,
0.0808204,
0.0162213,
0.232637,
0.0818854,
0.0896709,
0.0240946,
0.408158,
0.14581,
0.31209,
0.429284,
0.0768216,
0.0313744,
0.0356671,
0.0648247,
0.0271367,
0.220723,
0.0423879,
0.674622,
0.239465,
0.0163525,
0.219176,
0.183333,
0.0596423,
0.216543,
0.0823507,
0.0801137,
0.412447,
0.347074,
0.464216,
0.159434,
0.250535,
0.470435,
0.111043,
0.0963074,
0.148417,
0.240916,
0,
0.00146038,
0.0117393,
0.30679,
0.126587,
0.052119,
0.139111,
0.170232,
0.232735,
0.0972059,
0.0509084,
0.0570616,
0.127843,
0.0806585,
0.218784,
0.136519,
0.0974451,
0.0116207,
0.119867,
0.0575442,
0.369278,
0.0209985,
0.125905,
0.0694832,
0.201293,
0.150363,
0.141057,
0.161438,
0.255618,
0.491898,
0.157881,
0.00440971,
0.257356,
0.197268,
0.128255,
0.00748938,
0.285772,
0.366429,
0.122032,
0.0606595,
0.0676269,
0.495718,
0.0904616,
0.0376577,
0.21054,
0.107603,
0.14729,
0.835467,
0.273435,
0.13832,
0.0521147,
0.0523744,
0.0260661,
0.0503485,
0.0203634,
0.166448,
0.0431309,
0.1356,
0.0112548,
0.0991379,
0.2307,
0.306916,
0.13859,
0.04167,
0.118065,
0.137285,
0.101866,
0.127799,
0.259083,
0.378147,
0.0772091,
0.0642955,
0.000747468,
0.0612895,
0.192347,
0.393233,
0.0751962,
0.102267,
0.309445,
0.115687,
0.0225966,
0.159181,
0.447225,
0.172039,
0.0122874,
1.79376e-05,
0.0897098,
0.685538,
0.259592,
0.302679,
0.115157,
0.320344,
0.248078,
0.572511,
0.101631,
0.0343063,
0.145347,
0.195981,
0.152717,
0.0371515,
0.0942909,
0.0871801,
0.270991,
0.318043,
0.0657524,
0.219835,
0.0899514,
0.152705,
0.258739,
0.204806,
0.158822,
0.00830831,
0.0417702,
0.162283,
0.0566017,
0.178031,
0.0721267,
0.0717054,
0.253494,
0.520688,
0.0363089,
0.201884,
0.309133,
0.146391,
0.198723,
0.160651,
0.278849,
0.0620774,
0.0574418,
0.0431817,
0,
0.324959,
0.0950626,
0.135001,
0.232713,
0.233898,
0.0388281,
0.0704767,
0.144796,
0.161091,
0.178671,
0.171527,
0.2329,
0.0885931,
0.0239889,
0.0687466,
0.0561256,
0.124113,
0.385526,
0.327448,
0.148877,
0.0280024,
0.314038,
0.00496561,
0.114183,
0.134759,
0.234174,
0.140474,
0.18255,
0.371398,
0.054356,
0.563836,
0.0056424,
0.224393,
0.437509,
0.305728,
0.401667,
0.0144566,
0.339259,
0.120266,
0.162798,
0.0634646,
0.225914,
0.112002,
0.0828679,
0.12531,
0.242626,
0.0313149,
0.129334,
0.288606,
0.179275,
0.157449,
0.0114453,
0.279474,
0.220215,
0.111179,
0.486053,
0.397514,
0.170599,
0.247295,
0.0270902,
0.234122,
0.0547334,
0.114256,
0.100225,
0.41629,
0.0135796,
0.157811,
0.144701,
0.0744845,
0.245834,
0.0274821,
0.177877,
0.10698,
0.14255,
0.0344883,
0.272881,
0.115188,
0.126964,
0.0517675,
0.0379067,
0.386811,
0.102175,
0.0737052,
0.0551431,
0.0243701,
0.08856,
0.436249,
0.098236,
0.0277079,
0.0831258,
0.161485,
0.0544916,
0.01773,
0.294987,
0.370928,
0.0211783,
0.462891,
0.327085,
0.0342617,
0.229178,
0.111141,
0.154667,
0.456606,
0.324592,
0.0841446,
0.0907111,
0.0108481,
0.44589,
0.125656,
0.0584607,
0.0948455,
0.180649,
0.0135694,
0.0163438,
0.0717023,
0.208278,
0.0975569,
0.00522556,
0.0271393,
0.448014,
0.00243414,
0.101587,
0.325876,
0.132402,
0.173554,
0.0389297,
0.0202957,
0.124702,
0.000265766,
0.173699,
0.410467,
0.623824,
0.0730858,
0.404827,
0.239978,
0.175521,
0.556362,
0.437266,
0.104925,
0.171052,
0.0490202,
0.279905,
0.193075,
0.300946,
0.0271325,
0.188224,
0.308577,
0.328387,
0.246071,
0.131249,
0.358398,
0.197092,
0.0713288,
0.035951,
0.0336096,
0.348701,
0.122071,
0.16287,
0.0491039,
0.0937327,
0.0865734,
0.429115,
0.214545,
0.0560379,
0.0530172,
0.19017,
0.197375,
0.263947,
0.100782,
0.0451287,
0.640065,
0.168503,
0.0929847,
0.0561839,
0.244711,
0.185851,
0.342894,
0.260423,
0.149885,
0.100033,
0.32039,
0.201021,
0.118718,
0.153663,
0.0580207,
0.203252,
0.0325819,
0.0404026,
0.0350191,
0.0442521,
0.00144662,
0.174677,
0.22025,
0.425408,
0.0382767,
0.106297,
0.0125709,
