0.0953378,
0.198728,
0.253157,
0.0176131,
0.674788,
0.00935889,
0.488245,
0.0953895,
0.26968,
0.288097,
0.671147,
0.0817713,
0.513457,
0.301778,
0.0258963,
0.0520049,
0.388372,
0.487561,
0.20143,
0.339887,
0.223256,
0.327873,
0.0704343,
0.193654,
0.0602127,
0.186819,
0.0975963,
0.205846,
0.615477,
0.117656,
0.384,
0.45035,
0.448729,
0.0900656,
0.417657,
0.408132,
0.359006,
0.056588,
0.15332,
0.218099,
0.327614,
0.165276,
0.2038,
0.193889,
0.522912,
0.264742,
0.752007,
0.413197,
0.0540206,
0.222991,
0.629585,
0.197515,
0.144765,
0.110021,
0.680421,
0.56915,
0.0966455,
0.158582,
0.256348,
0.176265,
0.0929648,
0.395196,
0.184697,
0.497954,
0.917318,
0.325466,
0.0483133,
0.236717,
0.248479,
0.11159,
0.0809082,
0.535568,
0.0254784,
0.170808,
0.516182,
0.427995,
0.0123262,
0.225327,
0.475686,
0.215554,
0.155404,
0.147794,
0.101731,
0.135823,
0.573551,
0.403652,
0.609687,
0.317127,
0.244041,
0.319054,
0.319176,
0.0608929,
0.31477,
0.111982,
0.0760633,
0.490464,
0.371,
0.779672,
0.367152,
0.107547,
0.345972,
0.246718,
0.0531161,
0.426244,
0.558085,
0.430569,
0.523599,
0.250945,
0.294656,
0.108792,
0.252338,
0.562203,
0.12609,
0.324178,
0.554607,
0.106169,
0.0628566,
0.125577,
0.0907003,
0.753246,
0.0417905,
0.016479,
0.00413312,
0.264714,
0.434579,
0.0276348,
0.306531,
0.387691,
0.0076044,
0.370458,
0.245198,
0.232819,
0.156753,
0.173973,
0.283776,
0.492331,
0.411023,
0.0386166,
0.40858,
0.144945,
0.290934,
0.0823291,
0.246123,
0.487346,
0.161647,
0.03338,
0.113189,
0.139686,
0.39824,
0.340368,
0.166294,
0.110613,
0.338999,
0.689335,
0.228342,
0.235679,
0.408084,
0.246916,
0.472875,
0.0921366,
0.481071,
0.0942401,
0.300198,
0.0381542,
0.211531,
0.0375218,
0.554396,
0.193289,
0.291756,
0.116558,
0.137002,
0.294488,
0.344535,
0.353911,
0.0562312,
0.439802,
0.128742,
0.638906,
0.0575192,
0.0315838,
0.0361448,
0.239291,
0.213466,
0.472482,
0.166669,
0.349204,
0.00866393,
0.176659,
0.447809,
0.486584,
0.258588,
0.345701,
0.286,
0.0333463,
0.300915,
0.170252,
0.85441,
0.00747236,
0.318989,
0.195949,
0.252929,
0.690769,
0.0798234,
0.0724358,
0.406085,
0.856176,
0.011477,
0.0215808,
0.115488,
0.753754,
0.18523,
0.223023,
0.417109,
0.141085,
0.757328,
0.0307193,
0.180669,
0.240748,
0.070551,
0.11707,
0.658483,
0.163219,
0.199009,
0.0316616,
0.181006,
0.0867589,
0.377793,
0.344671,
0.152116,
0.165039,
0.199855,
0.234814,
0.204123,
0.26693,
0.124584,
0.209677,
0.306636,
0.617293,
0.609707,
0.463026,
0.08605,
0.2657,
0,
0.294311,
0.420657,
0.242222,
0.572789,
0.250033,
0.300718,
0.0502985,
0.231629,
0.259696,
0.239867,
0.2878,
0.325923,
0.191885,
0.168288,
0.468285,
0.218365,
0.178531,
0.135361,
0.641049,
0.117497,
0.0872227,
0.0880201,
0.361204,
0.366769,
0.877011,
0.679677,
0.0649056,
0.130142,
0.236244,
0.253428,
0.42838,
0.0520142,
0.135593,
0.189207,
0.35558,
0.0725429,
0.161832,
0.279985,
0.670238,
0.122941,
0.186841,
0.429135,
0.0172916,
0.0498706,
0.806391,
0.102636,
0.0892283,
0.467521,
0.383467,
0.0362204,
0.0772285,
0.440554,
0.25362,
0.364914,
0.206391,
0.259044,
0.0801166,
0.0416581,
0.264974,
0.109613,
0.159999,
0.18159,
0.374205,
0.0122295,
0.281258,
0.262163,
0.214793,
0.366953,
0.138373,
0.156481,
0.191565,
0.30798,
0.139722,
0.21169,
0.11856,
0.152325,
0.0426473,
0.278323,
0.301243,
0.0311391,
0.125747,
0.381748,
0.0463536,
0.0292759,
0.209197,
0.117008,
0.186593,
0.142101,
0.381059,
0.127716,
0.0422835,
0.808841,
0.43063,
0.45126,
0.284121,
0,
0.189319,
0.59636,
0.227081,
0.118808,
0.114327,
0.0752477,
0.231541,
0.00594256,
0.294432,
0.329085,
0.394183,
0.0602808,
0.0485851,
0.854935,
0.196974,
0.11417,
0.470373,
0.353542,
0.373986,
0.288887,
0.124109,
0.301577,
0.223978,
0.064577,
0.305574,
0.175198,
0.12377,
0.524674,
0.213039,
0.582667,
0.668956,
0.290848,
0.182517,
0.142395,
0.173731,
0.283093,
0.588895,
0.253585,
0.0955411,
0.114614,
0.496068,
0.0775206,
0.116596,
0.346198,
0.215366,
0.317066,
0.277107,
0.490704,
0.260489,
0.580855,
0.359992,
0.0441586,
0.0473936,
0.106717,
0.142287,
0.0470323,
0.375943,
0.115658,
0.398017,
0.304076,
0.332861,
0.312772,
0.110047,
0.185441,
0.139989,
0.105303,
0.108953,
0.40843,
0.0264983,
0.346024,
0.257249,
0.249453,
0.253458,
0.213309,
0.133413,
0.195109,
0.359131,
0.0686192,
0.279998,
0.0189885,
0.080889,
0.135957,
0.0539201,
0.321365,
0.266394,
0.473194,
0.492733,
0.155061,
0.373416,
0.396733,
0.255458,
0.334123,
0.409817,
0.434557,
0.0759045,
0.436239,
0.15176,
0.534349,
0.173292,
0.16473,
0.170549,
0.17176,
0.312896,
0.171261,
0.148429,
0.11209,
0.0764513,
0.0822548,
0.0447345,
0.346015,
0.206324,
0.337733,
0.0664727,
0.10765,
0.282281,
0.339866,
0.202599,
0.028774,
0.289345,
0.0966424,
0.22128,
0.175423,
0.220699,
0.0376671,
0.0110759,
0.247197,
0.24705,
0.441332,
0.105587,
0.14483,
0.450908,
0.08939,
0.302866,
0.124603,
0.129456,
0.102769,
0.368043,
0.643323,
0.121545,
0.0759505,
0.0608247,
0.106891,
0.637586,
0.309937,
0.593729,
0.275577,
0.203782,
0.523139,
0.60793,
0.469327,
0.157794,
0.274231,
0.0879723,
0.490885,
0.0405789,
0.0681945,
0.0179125,
0.181967,
0.501959,
0.693377,
0.207443,
0.162693,
0.118745,
0.255754,
0.221226,
0.0657246,
0.399498,
0.319176,
0.504379,
0.0837344,
0.0106134,
0.374643,
0.222246,
0.0797758,
0.066017,
0.562909,
0.315372,
0.221841,
0.25231,
0.29307,
0.223055,
0.128663,
0.181192,
0.142971,
0.447516,
0.150796,
0.316223,
0.0231754,
0.0886828,
0.0353477,
0.2236,
0.0384491,
0.49679,
0.34922,
0.493869,
0.157728,
0.0702218,
0.0280998,
0.271832,
0.104752,
0.0940187,
0.234528,
0.0802595,
0.274356,
0.156489,
0.178595,
0.0502482,
0.246599,
0.13287,
0.139366,
0.0952257,
0.190568,
0.0874105,
0.328255,
0.122866,
0.00421537,
0.0217297,
0.181671,
0.23061,
0.349352,
0.0621926,
0.0995853,
0.486006,
0.288502,
0.136298,
0.101284,
0.0268556,
0.320598,
0.0292667,
0.0678795,
0.0798539,
0.308596,
0.183369,
0.169983,
0.130789,
0.399084,
0.433284,
0.122257,
0.426426,
0.231361,
0.0697565,
0.268107,
0.227702,
0.192141,
0.299903,
0.359548,
0.2568,
0.627982,
0.270024,
0.100005,
0.0894869,
0.112237,
0.348716,
0.138571,
0.250585,
0.204976,
0.513145,
0.108486,
0.378359,
0.318677,
0.477011,
0.427467,
0.394679,
0.206378,
0.310952,
0,
0.820772,
0.130449,
0.0333916,
0.462593,
0.477938,
0.0635005,
0.206225,
0.512997,
0.737514,
0.149557,
0.267871,
0.12857,
0.087123,
1.11945,
0.385142,
0.181956,
0.414875,
0.0235436,
0.117664,
0.143207,
0.20757,
0.454477,
0.412518,
0.164384,
0.304345,
0.165021,
0.236184,
0.36441,
0.13615,
0.00662702,
0.336824,
0.284311,
0.287818,
0.195386,
0.119067,
0.146067,
0.241671,
0.37151,
0.258819,
0.652159,
0.0648611,
0.315311,
0.561988,
0.231909,
0.435209,
0.113073,
0.0559006,
0.0421404,
0.252275,
0.16765,
0.756954,
0.304256,
0.244269,
0.0384982,
0.120238,
0.137977,
0.138947,
0.0836675,
0.62201,
0.400224,
0.313017,
0.338243,
0.283906,
0.081483,
0.0430319,
0.553805,
0.094256,
0.280041,
0.516779,
0.162762,
0.0858512,
0.284871,
0.13015,
0.37292,
0.160744,
0.101244,
0.137782,
0.0491968,
0.102156,
0.0199836,
0.430654,
0.300556,
0.389739,
0.339702,
0.366219,
0.374909,
0.164606,
0.276214,
0,
0.221956,
0,
0.328512,
0.0395048,
0.18615,
0.40855,
0.0736523,
0.124703,
0.182906,
0.27663,
0.431516,
0,
0.126566,
0.126796,
0.160005,
0.331663,
0.432101,
0.222353,
0.610822,
0.330779,
0.207329,
0.265362,
0.11392,
0.0556176,
0.306344,
0.13288,
0.596526,
0.294695,
0.622126,
0.189373,
0.327056,
0.0724472,
0.441521,
0.0260833,
0.0345559,
0.201962,
0.0310256,
0.354921,
0.224274,
0.298797,
0.325251,
0.0995252,
0.573936,
0.242459,
0.074211,
0.525124,
0.165566,
0.213569,
0.0467168,
0.0458432,
0.218993,
0.183304,
0.308209,
0.81344,
0.314108,
0.234251,
0.123228,
0.252113,
0.122798,
0.126819,
0.210549,
0.110284,
0.00844957,
0.453135,
0.105406,
0.0980221,
0.0364816,
0.227412,
0.0818355,
0.402038,
0.252894,
0.568717,
0.492618,
0.16551,
0.125392,
0.0257516,
0.320809,
0.094165,
0.204391,
0.116524,
0.735236,
0.52369,
0.0522612,
0.186045,
0.330571,
0.0497133,
0.462596,
0.337497,
0.0226211,
0.159529,
0.188171,
0.336022,
0.49968,
0.20787,
0.0375671,
0.287662,
0.386652,
0.0368236,
0.242141,
0.647806,
0.075093,
0.274951,
0.219108,
0.372399,
0.082621,
0.589584,
0.0902464,
0.505823,
0.271404,
0.24651,
0.0977523,
0.692324,
0.760249,
0.426532,
0.153457,
0.0270726,
0.302292,
0.14237,
0.172025,
0.0890333,
0.136898,
0.45265,
0.192498,
0.1191,
0.461545,
0.423753,
0.203594,
0.0480165,
0.30875,
0.152322,
0.380215,
0.331749,
0.117188,
0.220275,
0.142022,
0.253128,
0.386314,
0.222696,
0.470551,
0.103298,
0.0146046,
0.401216,
0.0341871,
0.251707,
0.332832,
0.174209,
0.177195,
0.229683,
0.459299,
0.499144,
0.0451473,
0.596027,
0.551893,
0.622451,
0.248809,
0.456514,
0.387715,
0.0705115,
0.170956,
0.166017,
0.127937,
0.203392,
0.297062,
0.49063,
0.0824997,
0.202355,
0.215682,
0.0215992,
0.32562,
0.282496,
0.196384,
0.145086,
0.182117,
0.0836141,
0.481585,
0.117793,
0.160803,
0.202788,
0.162988,
0.108073,
0.274666,
0.0166047,
0.336824,
0.372289,
0.155854,
0.46832,
0.108096,
0.110602,
0.0433097,
0.0523339,
0.29409,
0.366103,
0.178118,
0.110883,
0.402151,
0.27724,
0.105658,
0.104736,
0.398068,
0.517687,
0.776001,
0.111474,
0.541764,
0.561175,
0.601037,
0.331768,
0.189985,
0.27206,
0.139787,
0.0340699,
0.048708,
0.107038,
0.723425,
0.410156,
0.175029,
0.282292,
0.062642,
0.0321953,
0.247109,
0.258315,
0.0793014,
0.081683,
0.632972,
0.439672,
0.472341,
0.125545,
0.138434,
0.157699,
0.249215,
0.18295,
0.581134,
0.151613,
0.341621,
0.0461584,
0.256158,
0.120502,
0.381882,
0.704479,
0.845989,
0.271433,
0.179492,
0.165769,
0.0660259,
0.124657,
0.254992,
0.40883,
0.0475344,
0.562084,
0.288285,
0.0752027,
0.027893,
0.156973,
0.086875,
0.086204,
0.254752,
0.189897,
0.379897,
0.301953,
0.0642244,
0.264107,
0.429347,
0.297253,
0.0291682,
0.0905246,
0.551981,
0.432182,
0.39786,
0.371792,
0.116362,
0.115533,
0.323502,
0.0602245,
0.507574,
0.21763,
0.218713,
0.223743,
0.173543,
0.224715,
0.342678,
0.137369,
0.0482694,
0.151957,
0.161514,
0.0452913,
0.412461,
0.28708,
0.159302,
0.477878,
0.0709552,
0.361765,
0.41302,
0.0365361,
0.442133,
0.364444,
0.237616,
0.186671,
0.324479,
0.572213,
0.148701,
0.320679,
0.100692,
0.337958,
0.204771,
0.30303,
0.0555248,
0.547434,
0.107808,
0.302349,
0.117964,
0.0990715,
0.757357,
0.0273408,
0.30959,
0.804772,
0.282933,
0.280608,
0.591738,
0.406301,
0.0637997,
0.191118,
0.00557311,
0.275115,
0.246239,
0.117753,
0.0809031,
0.391148,
0.194744,
0.0580301,
0.191315,
0.0890001,
0.0572091,
0.230168,
0.0427864,
0.286762,
0.0226967,
0.256633,
0.307311,
0.0438634,
0.246225,
0.15395,
0.0971491,
0.276056,
0.05013,
0.0413081,
0.0631327,
0.507774,
0.0785141,
0.31477,
0.041467,
0.206336,
0.109741,
0.557345,
0.124681,
0.210572,
0.121451,
0.234633,
0.0920038,
0.145397,
0.27124,
0.609026,
0.257745,
0.0250272,
0.220191,
0.787069,
0.243582,
0.584763,
0.237448,
0.0800529,
0.394791,
0.101009,
0.076617,
0.333652,
0.173671,
0.660421,
0.0843331,
0.504162,
0.464208,
0.500039,
0.469111,
0.0696176,
0.409284,
0.204775,
0.150535,
0.0218594,
0.0205683,
0.511379,
0,
0.201265,
0.16212,
0.462995,
0.237613,
0.283734,
0.142809,
0.20649,
0.134429,
0.277826,
0.351457,
0.125437,
0.575425,
0.118518,
0.581341,
0.507116,
0.174921,
0.0837376,
0.0856664,
0.489262,
0.168079,
0.0881538,
0.494664,
0.032635,
0.12845,
0.614262,
0.0554454,
0.449838,
0.321942,
0.215923,
0.223914,
0.732566,
0.829752,
0.497728,
0.0316157,
0.164757,
0.21704,
0.344505,
0.373086,
0,
0.32023,
0.0316275,
0.467962,
0.133777,
0.111581,
0.176605,
0.477825,
0.0519266,
0.26782,
0.138392,
0.140935,
0.509994,
0.048148,
0.187983,
0.463118,
0.236457,
0.159273,
0.00295765,
0,
0.589463,
0.12649,
0.0983164,
0.378425,
0.484822,
0.00777223,
0.283358,
0.775217,
0.0477973,
0.172215,
0.213054,
0.251481,
0.0302485,
0.057945,
0.193007,
0.284126,
0.141727,
0.392188,
0.0859704,
0.103837,
0.102475,
0.223993,
0.0723825,
0.0167348,
0.0124094,
0.669449,
0.094761,
0.50352,
0.0364815,
0.267318,
0.433548,
0.118659,
0.224616,
0.15,
0.0673976,
0.141599,
0.0281497,
0.450493,
0.250049,
0.717584,
0.119677,
0.109674,
0.455521,
0.178662,
0.28477,
0.214966,
0.49038,
0.146648,
0.286295,
0.202695,
0.538748,
0.231324,
0.278678,
0.25324,
0.0274427,
0.308903,
0.639727,
0.225844,
0.0794421,
0.164947,
0.239245,
0.170897,
0.154431,
0.117201,
0,
0.0129738,
0.136508,
0.34368,
0.368985,
0.171036,
0.0239854,
0.0940858,
0.245584,
0.182363,
0.381203,
0.212384,
0.305874,
0.190071,
0.23417,
0.284302,
0.0575095,
0.305132,
8.99349e-15,
0.195914,
0.0714235,
0.395757,
0.165181,
0.244586,
0.277589,
0.24195,
0.0437699,
0.0636938,
0.0400988,
0.130027,
0.501961,
0.181312,
0.083902,
0.0168535,
0.339484,
0.0400261,
0.212912,
0.143125,
0.866158,
0.167179,
0.013389,
0.303057,
0.302244,
0.0945709,
0.11014,
0.115263,
0.248971,
0.28825,
0.0950173,
0.204554,
0.41237,
0.289745,
0.114162,
0.3592,
0.0609673,
0.0518139,
0.310727,
0.181998,
0.0568679,
0.244609,
0.209086,
0.12013,
0.485658,
0.0537788,
0.0645947,
0.480367,
0.0372159,
0.117656,
0.321942,
0.234927,
0.0873397,
0.0121044,
0.0573901,
0.55574,
0.344492,
0.29617,
0.253222,
0.156103,
0.652265,
0.394313,
0.0169377,
0.528141,
0.193149,
0.354857,
0.077398,
0.373731,
0.0948509,
0.299909,
0.6783,
0.235118,
0.285277,
0.602781,
0.0821082,
0.0981286,
0.235879,
0.224448,
0.022168,
0.441939,
0.0664906,
0.127077,
0.695352,
0.113913,
0.764748,
0.704096,
0.119977,
0.200164,
0.0532133,
0.102645,
0.0973148,
0.103548,
0.150599,
0.177051,
0.243329,
0.272987,
0.319334,
0.343237,
0.134414,
0.221292,
0.0757781,
0.172236,
0.350142,
0.0148321,
0.326651,
0.0559281,
0.220087,
0.283066,
0.179222,
0.429223,
0.26416,
0.14865,
0.0302837,
0.0432649,
0.152249,
0.339952,
0.32999,
0.0397374,
0.113433,
0.0849757,
0.467271,
0.204798,
0.288323,
0.432974,
0.168042,
0.259999,
0.140273,
0.173689,
0.125596,
0.0261275,
0.205676,
0.0852626,
0.648363,
0.00965468,
0.146367,
0.392774,
0.00478226,
0.0967839,
0.171966,
0.156063,
0.367237,
0.0266543,
0.0463818,
0.353588,
0.263651,
0.103386,
0.0460885,
0.0990475,
0.0437271,
0.141952,
0.254814,
0.90419,
0.364806,
0.0480248,
0.862349,
0.125316,
0.0611575,
0.185751,
0.146989,
0.211432,
0.592085,
1.14099,
0.418497,
0.29273,
0.385272,
0.371207,
0.210162,
0.299004,
0.212858,
0.170646,
0.3909,
1.22125e-15,
0.0880416,
0.22004,
0.0709274,
0.0509249,
0.17783,
0.0387348,
0.0661267,
0.593474,
0.0951899,
0.448812,
0.382248,
0.063757,
0.112267,
0.266931,
0.127135,
0.112382,
0.0568019,
0.22658,
0.157477,
0.298505,
0.569456,
0.0300733,
0.213344,
0.371526,
0.320399,
0.155111,
0.059952,
0.191391,
0.0664888,
0.319548,
0.359949,
0.54,
0.12294,
0.049655,
0.268866,
0.0853714,
0.1529,
0.411426,
0.47493,
0.0708521,
0.0927786,
0.0865664,
0.126711,
0.340743,
0.170834,
0.12229,
0.184425,
0.225802,
0.126011,
0.422797,
0.327729,
0.166054,
0.00892265,
0.412806,
0.674908,
0.119067,
0.19164,
0.104866,
0.173225,
0.103551,
0.587566,
0.284458,
0.0769008,
0.215604,
0.289846,
0.101539,
0.346503,
0.131889,
0.241533,
0.123683,
0.597529,
0.196608,
0.185136,
0.272704,
0.444211,
0.158131,
0.0546743,
0.309253,
0.287048,
0.312784,
0.144403,
0.246532,
0.2345,
0.0534719,
0.133622,
0.197399,
0.178925,
0.381843,
0.358426,
0.117949,
0.476492,
0.160852,
0.745411,
0.164176,
0.0696119,
0.14003,
0.144402,
0.126262,
0.32218,
0.499544,
0.0675821,
0.159564,
0.0285499,
0.239972,
0.178423,
0.127674,
0.354579,
0.137219,
0.0797857,
0.0642143,
0.587381,
0.147221,
0.123172,
0.122393,
0.221603,
0.00509696,
0.208206,
0.327416,
0.299874,
0.199156,
0.215984,
0.10881,
0.0754244,
0.120181,
0.487963,
0.320796,
0.0707544,
0.491796,
0.452583,
0.0879953,
0.164104,
0.0999333,
0.00639258,
0.508734,
0.112408,
0.25086,
0.495226,
0.040321,
0.0603784,
0.282663,
0.0169866,
0.22857,
0.28515,
0.138458,
0.791494,
0.159182,
0.0715058,
0.252673,
0.23385,
0.308866,
0.0414379,
0.664806,
0.623404,
0.106589,
0.258696,
0.280189,
0.331268,
0.853256,
0.0194115,
0.464696,
0.320634,
0.283315,
0.102054,
0.0996973,
0.214567,
0.255413,
0.112849,
0.0691632,
0.2038,
0.131186,
0.212249,
0.578447,
0.0844186,
0.19557,
0.337964,
0.280346,
1.03213,
0.0677907,
0.039619,
0.857176,
0.192813,
0.605476,
0.213212,
0.043877,
0.0379522,
0.00773224,
0.0500338,
0.241583,
0.175562,
0.249393,
0.134024,
0.201075,
0.172521,
0.0217629,
0.306517,
0.167279,
0.40782,
0.227622,
0.305381,
0.0595663,
0.0527696,
0.532977,
0.525311,
0.10744,
0.121612,
0.461492,
0.720488,
0.184087,
0.0415216,
0.0924931,
0.186756,
0.77358,
0.158865,
0.213623,
0.407585,
0.0451798,
0.113314,
0.136907,
0.485385,
0.0644029,
0.147248,
0.926656,
0.276554,
0.0748273,
0.24213,
0.10369,
0.303926,
0.153019,
0.271963,
0.14229,
0.0262701,
0.190073,
0.0684172,
0.182572,
0.0406157,
0.332242,
0.19714,
0.315033,
0.112778,
0.141308,
0.243385,
0.151633,
0.0495182,
0.355845,
0.326797,
0.0606456,
0.490906,
0.427923,
0.289702,
0.0551856,
0.158447,
0.253237,
0.761855,
0.143401,
0.745746,
0.0920204,
0.264524,
0.139223,
0.367183,
0.360842,
0.490715,
0.0406086,
0.199037,
0.355465,
0.234374,
0.398707,
0.113776,
0.203467,
0.225643,
0.288082,
0.171793,
0.174542,
0.278998,
0.422234,
0.22858,
0.103233,
0.25361,
0.248539,
0.273446,
0.33685,
0.786804,
0.0354819,
0.171643,
0.356026,
0.225213,
0.758861,
0.128176,
0.500354,
0.241285,
0.0369455,
0.323825,
0.118232,
0.520999,
0.153763,
0.168969,
0.237165,
0.132673,
0.239693,
0.517235,
0.197169,
0.125445,
0.0496369,
0.057762,
0.290301,
0.218394,
0.157951,
0.261248,
0.0827773,
0.248843,
0.0135825,
0.0149093,
0.0226014,
0.096814,
0.231445,
0.0888822,
0.040332,
0.68958,
0.0343048,
0.0252234,
0.314951,
0.390731,
0.0743915,
0.0807582,
0.414781,
0.147072,
0.554109,
0.804765,
0.536974,
0.232249,
0.0405546,
0.104836,
0.0307631,
0.240119,
0.560253,
0.390682,
0.194582,
0.731318,
0.609817,
0.118813,
0.341655,
0.0607136,
0.291592,
0.280058,
0.128179,
0.169262,
0.0278452,
0,
0.086308,
0.173654,
0.824331,
0.17207,
0.0899316,
0.113209,
0.29459,
0.126389,
0.723694,
0.0758127,
0.179114,
0.158192,
0.397162,
0.87044,
0.184586,
0.474171,
0.27092,
0.303713,
0.425375,
0.0752452,
0.292943,
0.139263,
0.461214,
0.0515382,
0.407902,
0.248878,
0.163739,
0.475822,
0.338929,
0.115773,
0.225772,
0.158699,
0.0366016,
0.220082,
0.161171,
0.0706648,
0.0984951,
0.0974057,
0.181186,
0.129645,
0.0522812,
0.238866,
0.218988,
0.130338,
0.0919692,
0.216319,
0.255625,
0.10824,
0.738215,
0.339597,
0.137418,
0.299734,
0.423131,
0.17745,
0.215466,
0.107745,
0.120773,
0.222735,
0.520468,
0.654934,
0.467331,
0.244058,
0.475528,
0.207655,
0.016925,
0.257161,
0.237021,
0.0986531,
0.0349661,
0.554997,
0.325051,
0.48512,
0.395224,
0.142555,
0.0246901,
0.258106,
0.341841,
0.176552,
0.172636,
0.188439,
0.300012,
0.361728,
0.11394,
0.296423,
0.241371,
0.192201,
0.449949,
0.308892,
0.362759,
0.398091,
0.256476,
0.0794992,
0.66447,
0,
0.143928,
0.0144139,
0.20217,
0.50113,
0.256754,
0.0875327,
0.184507,
0.0473148,
0.152722,
0.328621,
0.441215,
0.30619,
0.238277,
0.199422,
3.37661e-16,
0.200567,
0.224155,
0.431866,
0.358121,
0.261481,
1.05569,
0.269667,
0.648661,
0.607878,
0.360557,
0.374762,
0.668755,
0.0861108,
0.0347769,
0.149629,
0.241295,
0.278699,
0.228552,
0.34437,
0.33433,
0.0630145,
0.155312,
0.087859,
0.0410769,
0.378177,
0.0523374,
0.225566,
0.564138,
0.0383266,
0.319081,
0.205104,
0.331466,
0.240484,
0.116453,
0.546923,
0.32536,
0.717574,
0.0910229,
0.523247,
0.367735,
0.591427,
0.201643,
0.48708,
0.119342,
0.22014,
0.351932,
0.410004,
0.344269,
0.199646,
0.0250153,
0.239523,
0.388529,
0.372138,
0.470203,
0.209664,
0.105906,
0.457977,
0.135423,
0.178884,
0.142084,
0.672497,
0.111227,
0.42387,
0.208955,
0.376867,
0.389013,
0.137267,
0.56331,
0.247583,
0.100803,
0.128926,
0.0584882,
0.0874605,
0.1646,
0.127807,
0.312986,
0.345826,
0.808449,
0.430558,
0.393268,
0.527651,
0.0889446,
0.132766,
0.485985,
0.172963,
0.290737,
0.571515,
0.0115276,
0.229804,
0.322131,
0.590056,
0.134951,
0.278157,
0.257128,
0.131807,
0.0654842,
0.103807,
0.103978,
0.266225,
0.708795,
0.148979,
0.37662,
0.239565,
0.376106,
0.207661,
0.374368,
0.284929,
0.228388,
0.0488614,
0.640122,
0.285421,
0.208026,
0.330717,
0.134022,
0.575552,
0.147872,
0.241203,
0.12985,
0.264362,
0.301032,
0.0528381,
0.0750736,
0.66262,
0.103425,
0.31477,
0.0175419,
0.0294403,
0.265481,
0.200597,
0.282948,
0.108743,
0.210193,
0.258653,
0.160598,
0.0830964,
0.298088,
0.0877257,
0.0372704,
0.222433,
0.230574,
0.613246,
0.030438,
0.279635,
0.691115,
0.041405,
0.265391,
0.956601,
0.306223,
0.197364,
0.453172,
0.546972,
0.201183,
0.349878,
0.31656,
0.123174,
0.434063,
0.191666,
0.129282,
0.25866,
0.182264,
0.174944,
0.241623,
0.149992,
0.0720426,
0.0831123,
0.299959,
0.303897,
0.430241,
0.338415,
0.519184,
0.346346,
0.0231,
0.120136,
0.27611,
0.479735,
0.0927524,
0.290434,
0.191553,
0.438558,
0.0287984,
0.159091,
0.40383,
0.16486,
0.50493,
0.406039,
0.750528,
0.499405,
0.394137,
0.084505,
0.668846,
0.272656,
0.509001,
0.13541,
0.00313577,
0.168489,
0.0898031,
0.206863,
0.178162,
0.245986,
0.225041,
0.264507,
0.334851,
0.813679,
0.0842145,
0.539297,
0.296605,
0.107685,
0.624693,
0.386254,
0.34507,
0.0286128,
0.610295,
0.414497,
0.120523,
0.0826371,
0.181562,
0.190608,
0.180128,
0.131145,
0.307342,
0.249754,
0.055075,
0.0362243,
0.184573,
0.435293,
0.129598,
0.280058,
0.147673,
0.063422,
0.0446922,
0.520144,
0.149757,
0.103445,
0.194999,
0.135201,
0.438272,
0.401544,
0.881495,
0.0204407,
0.12465,
0.231604,
0.122939,
0.0721105,
0.385283,
0.0841806,
0.259529,
0.0175796,
0.087365,
0.529509,
0.383278,
0.277002,
0.258154,
0.359634,
0.505761,
0.486871,
0.147149,
0.304942,
0.23976,
0.180784,
0.398227,
0.318769,
0.359759,
0.0769483,
0.188157,
0.31477,
0,
0.159359,
0.124003,
0.102956,
0.0449765,
0.146972,
0.507902,
0.0927039,
0.212132,
0.149105,
0.126971,
0.0795492,
0.0950173,
0.0740073,
0.415792,
0.411181,
0.620954,
0.304261,
0.0351251,
0.143727,
0.227336,
0.440345,
0.375049,
0.179152,
0.024995,
0.355106,
0.129603,
0.70672,
0.0094916,
0.0623332,
0.217406,
0.379502,
0.105657,
0.140896,
0.0545823,
0.109098,
0.114338,
0.123944,
0.317796,
0.39588,
0.127246,
0.760164,
0.214396,
0.246183,
0.375651,
0.15582,
0.309164,
0.290675,
0.602886,
0.0695792,
0.0684557,
0.346466,
0.11475,
0.0169686,
0.273724,
0.0863039,
0.128829,
0.10884,
0.29879,
0.357758,
0.314487,
0.124639,
0,
0.132647,
0.0623443,
0.590863,
0.611953,
0.143005,
0.219805,
0.415703,
0.102689,
0.15651,
0.393819,
0.236824,
0.254257,
0.358421,
0.25596,
0.49692,
0.139113,
0.316937,
0.196362,
0.160267,
0.0811955,
0.165148,
0.255896,
0.174063,
0.123284,
0.218387,
0.138185,
0.0413434,
0.160977,
0.109627,
0.776007,
0.218081,
0.152174,
0.138966,
0.331203,
0.121542,
0.144767,
0.182115,
0.0376797,
0.269457,
0.785749,
0.230373,
0.10018,
0.20937,
0.0969637,
0.18133,
0.0942411,
0.226947,
0.330502,
0,
0.121593,
0.179217,
0.0491006,
0.386025,
0.254163,
0.162788,
0.134328,
0.0962394,
0.189592,
0.181054,
0.166135,
0.154556,
0.0890138,
0.397096,
0.171167,
0.195038,
0.0261508,
0.0818135,
0.0652348,
0.0579901,
0.042557,
0.405166,
0.00887809,
0.0502017,
0.516486,
0.554679,
0.109904,
0.116272,
0.143152,
0.151036,
0.165328,
0.420169,
0.0256443,
0.0889307,
0.0222476,
0.170743,
0.283289,
0.153351,
0.011477,
0.371772,
0.269749,
0.0339393,
1.00982,
0.27062,
0.272403,
0.358218,
0.0214286,
0.644782,
0.107476,
0.204012,
0.0639806,
0.163919,
0.423483,
0.358112,
0.0871599,
0.197396,
0.148641,
0.28116,
0.175453,
0.224513,
0.185547,
0.142717,
0.235185,
0.139418,
0.274067,
0.29544,
0.184093,
0.0711103,
0.0190206,
0.20679,
0.374,
0.820499,
0.047772,
0.350977,
0.207329,
0.234075,
0.379261,
0.723278,
0.259592,
0.260142,
0.220782,
0.312939,
0.267003,
0.0835267,
0.368187,
0.0875871,
0.127453,
0.129073,
0.0998991,
0.277287,
0.598014,
0.00901258,
0.433594,
0.0248498,
0.113493,
0.297634,
0.0783739,
0.0593402,
0.128137,
0.359318,
0.568492,
0.14847,
0.268437,
0.0499657,
0.516883,
0.577801,
0.251157,
0.413641,
0.0411375,
0.28112,
0.275897,
0.533676,
0.556893,
0.194104,
0.129737,
0.207216,
0.0593325,
0.190149,
0.448355,
0.194523,
0.338428,
0.0316444,
0.127244,
0.0704433,
0.00843705,
0.065954,
0.360834,
0.0638411,
0.031323,
0.289654,
0.0359474,
0.0449079,
0.511315,
0.0802249,
0.159694,
0.411511,
0.0911008,
0.371209,
0.481362,
0.0304222,
0.227224,
0.0198715,
0.11945,
0.109925,
0.296078,
0.103215,
0.31725,
0.277342,
0.757328,
0.299793,
0.0977524,
0.361652,
0.505938,
0.241225,
0.238887,
0.199297,
1.11022e-16,
0.333805,
0.136345,
0.54018,
0.115697,
0.0215498,
0.0589428,
0.623688,
0.587122,
0.296316,
0.349874,
0.0276518,
0.256796,
0.117364,
0.301469,
0.128932,
0.371351,
0.407473,
0.127873,
0.0368667,
0.207486,
0.260708,
0.126586,
0.0572819,
0.195014,
0.204583,
0.603332,
0.219526,
0.289867,
0.388384,
0.67979,
0.170086,
0.233197,
0.158243,
0.587917,
0.564771,
0.0655499,
0.290597,
0.256458,
0.336622,
0.24801,
0.0721307,
0.368832,
0.440995,
0.875706,
0.135029,
0.138489,
0.17509,
0.264901,
0.580144,
0.179733,
0.368861,
0.0885566,
0.196862,
0.0968126,
0.11607,
0.101087,
0.677066,
0.298521,
0.767382,
0.345665,
0.83941,
0.290942,
0.479098,
0.391922,
0.168722,
0.397764,
0.267255,
0.0349281,
0.345802,
0.726044,
0.0362805,
0.255894,
0.0984222,
0.141995,
0.112537,
0.491896,
0.144887,
0.184744,
0.0839649,
0.224781,
0.772861,
0.215771,
0.119551,
0.0660148,
0.0255007,
0.252601,
0.278146,
0.289343,
0.204699,
0.251674,
0.17826,
0.211533,
0.16746,
0.314721,
0.304022,
0.0528996,
0.33758,
0.184528,
0.385962,
0.0751881,
0.217393,
0.156277,
0.0588482,
0.336379,
0.352422,
0.222227,
0.180657,
0.428599,
0.669747,
0.40268,
0.304652,
0.0815018,
0.1589,
0.232391,
0.60009,
0.267293,
0.546025,
0.244892,
0.0681238,
0.0380142,
0.554138,
0.259942,
0.439664,
0.47875,
0.0448293,
0.498431,
0.123176,
0.588509,
0.259513,
0.228708,
0.27038,
0.321568,
0.305087,
0.165945,
0.14519,
0.0519502,
0.0442619,
0.345549,
0.269481,
0.0746421,
0.0468024,
0.537342,
0.455367,
0.0549001,
0.349091,
0.0935931,
0,
0.164725,
0.116716,
0.428163,
0.356802,
0.0926777,
0.0908635,
0.0208804,
0.422282,
0.471552,
0.0980514,
0.0429135,
0.307019,
0.0983832,
0.086787,
0.488901,
0.0422528,
0.200673,
0.0122582,
0.31775,
0.102745,
0.0396121,
0.23454,
0.0435844,
0.480707,
0.303381,
0.0201885,
0.328282,
0.178825,
0.12692,
0.350551,
0.369084,
0.000454854,
0.334109,
0.29104,
0.0711368,
0.619575,
0.278048,
0.175435,
0.480311,
0.0169934,
0.1881,
0.393414,
0.152058,
0.11864,
0.256499,
0.0310998,
0.0941872,
0.107844,
0.316492,
0.435283,
0.343641,
0.249103,
0.155024,
0.419053,
0.182331,
0.158514,
0.531775,
0.0683647,
0.244056,
0.144967,
0.0315748,
0.584884,
0.0887887,
0.133918,
0.186308,
0.400557,
0.578462,
0.347075,
0.637634,
0.0125058,
0.375142,
0.213415,
0.305015,
0.248154,
0.103223,
0.31862,
0.10018,
0.488544,
0.307839,
0.545479,
0.385946,
0.463761,
0.420355,
0.137321,
0.0237072,
0.181314,
0.171026,
0.168929,
0.0902546,
0.0874772,
0.836887,
0.0122344,
0.0422252,
0.505444,
0.589287,
0.290974,
0.0826175,
0.128395,
0.219361,
0.0649647,
0.388844,
0.027685,
0.31485,
0.390823,
0.126185,
0.282187,
0.355091,
0.0955965,
0.272249,
0.395036,
0.203659,
0.140356,
0.129896,
0.110044,
0.0416608,
0.407321,
0.166135,
0.132739,
0.188953,
0.249618,
0.340457,
0.302066,
0.200385,
0.0878759,
0.409895,
0.412063,
0.0272922,
0.141469,
0.0242618,
0.0730671,
0.426299,
0.386674,
0.138946,
0,
0.207469,
0.214185,
0.494079,
0.10457,
0.177552,
0.826387,
0.141382,
0.216326,
0.331255,
0.0973567,
0.46935,
0.0512004,
0.0659075,
0.131809,
0.11796,
0.731648,
0.107201,
0.063942,
0.26438,
0.25437,
0.114938,
0.142296,
0.03549,
0.17514,
0.229445,
0.211826,
0.383928,
0.581942,
0.0391494,
0.464218,
0.349927,
0.282932,
0.568884,
0.0581676,
0.27178,
0.367006,
0.156248,
0.294686,
0.299328,
0.0382868,
0.487172,
0.197543,
0.0674338,
0.15115,
0.478875,
0.124329,
0.0941122,
0.863107,
0.237717,
0.192482,
0.162072,
0.165902,
0.149432,
0.176575,
0.166239,
0.0972612,
0.0401448,
0.141351,
0.646036,
0.193151,
0.237659,
0.112455,
0.306277,
0.112883,
0.257841,
0.101219,
0.0490631,
0.13476,
0.142066,
0.0449522,
0.0513489,
0.748417,
0.112801,
0.593227,
0.209147,
0.207359,
0.219251,
0.221892,
0.377875,
0.293303,
0.197817,
0.0950173,
0.600377,
0.421268,
0.513859,
0.45899,
0.347177,
0.494088,
0.238469,
0.458551,
0.180117,
0.508004,
0.173981,
0.456083,
0.155913,
0.251648,
0.585794,
0.358448,
0.0228193,
0.129341,
0.0472025,
0.270783,
0.250663,
0.149927,
0.328174,
0.47665,
0.295508,
0.326019,
0.566563,
0.175984,
0.24329,
0.204992,
0.119268,
0.239614,
0.822193,
0.0709859,
0.0516006,
0.273203,
0.145667,
0.123009,
0.157952,
0.04677,
0.0568621,
0.137514,
0.16,
0.202846,
0.205805,
0.641717,
0.144386,
0.10967,
0.240294,
0.158289,
0.141295,
0.304136,
0.34691,
0.110658,
0.322513,
0.225008,
0.0239123,
0.156833,
0.374732,
0.27462,
0.231871,
0.219482,
0.173574,
0.130143,
0.100033,
0.179839,
0.173027,
0.168417,
0.358974,
0.0949402,
0.162656,
0.10502,
0.297863,
0.0945749,
0.338775,
0.142882,
0.060749,
0.249689,
0.264663,
0.402746,
0.244551,
0.104416,
0.478331,
0.0715039,
0.102837,
0.413611,
0.320094,
0.192723,
0.302848,
0.0781146,
0.323734,
0.0539557,
0.0918348,
0.607276,
0.27015,
0.186877,
0.159589,
0.511566,
0.237684,
0.0640064,
0.218406,
0.495691,
0.386479,
0.0325438,
0.296333,
0.304539,
0.100479,
0.0786395,
0.155943,
0.223931,
0.176488,
0.24437,
0.405039,
0.132121,
0.351152,
0.401757,
0.403859,
0,
0.0430137,
0.23657,
0.0321729,
0.0632541,
0.362147,
0.246304,
0.36058,
0.182882,
0.135702,
0.120733,
0.0173573,
0.156853,
0.295838,
0.577798,
0.179241,
0.122963,
0.254906,
0.104352,
0.0952627,
0.0235187,
0.180654,
0.396431,
0,
0.253782,
0.545197,
0.27182,
0.205672,
0.15755,
0.143202,
0.37247,
0.293955,
0.144729,
0.117914,
0.104422,
0.0101785,
0.0552069,
0.220712,
0.337166,
0.418592,
0.145357,
0.185172,
0.17265,
0.642606,
0.195582,
0.527286,
0.147061,
0.0598086,
0.49044,
0.459647,
0.335386,
0.342513,
0.219167,
0.168533,
0.320959,
0.175626,
0.570441,
0.110315,
0.0521343,
0.170129,
0.16224,
0.222453,
0.0885914,
0.165888,
0.357364,
0.105958,
0.0417644,
0.407707,
0.170207,
0.239087,
0.228022,
0.0707137,
0.590253,
0.22795,
0.280034,
0.0956301,
0.121358,
0.179877,
0.273049,
0.0699282,
0.0948811,
0.0163725,
0.253421,
0.584516,
0.181401,
0.0947694,
0.201078,
0.0979664,
0.405468,
0.0887583,
0.572233,
0.336905,
0.122474,
0.079812,
0.554169,
0.0149909,
0.0869484,
0.246269,
0.0983695,
0.0398859,
0.249239,
0.208868,
0.517272,
0.622,
0.226094,
0.270011,
0.0458972,
0.205935,
0.028606,
0.481497,
0.0434483,
0.408365,
0.108631,
0.0323307,
0.24669,
0.457818,
0.163362,
0.16137,
0.00857073,
0.021636,
0.334968,
0.376615,
0.0706684,
0.0330987,
0.0454018,
0.214613,
0.439708,
0.0593978,
0.435921,
0.576643,
0.668307,
0.116127,
0.0771586,
0.0650037,
0.0938168,
0.0856082,
0.0425474,
0.402138,
0.0673659,
0.507752,
0.237451,
0.280227,
0.280603,
0.0956011,
0.151018,
0.112267,
0.109113,
0.0398399,
0.179392,
0.229903,
0.10469,
0.123016,
0.67406,
0.0573705,
0.170064,
0.419867,
0.397897,
0.108072,
0.0948768,
0.529102,
0.870186,
0.355685,
0.402236,
0.252624,
0.326921,
0.263588,
0.0459395,
0.1281,
0.999759,
0.23029,
0.1372,
0.360686,
0.051708,
0.37657,
0.140769,
0.211437,
0.344303,
0.0819058,
0.112035,
0.223993,
0.112092,
0.0514324,
0.0507833,
0.066596,
0.626429,
0.479557,
0.251525,
0.177808,
0.0411311,
0.320592,
0.0316261,
0.219115,
0.117512,
0.0851213,
0.376622,
0.11617,
0.318589,
0.208478,
0.689586,
0.025592,
0.430911,
0.336049,
0.539154,
0.0737303,
0.17208,
0.109006,
0.322289,
0.0219783,
0.667531,
0.0733164,
0.324543,
0.861524,
0.222443,
0.176432,
0.355479,
0.16306,
0.319052,
0.143878,
0.144612,
0.30616,
0.161062,
0.169416,
0.225139,
0.579538,
0.217552,
0.403848,
0.299813,
0.564773,
0.593717,
0.104422,
0.203678,
0.158126,
0.480471,
0.265923,
0.20076,
0.115839,
0.379111,
1.05619,
0.0576679,
0.226523,
0.209885,
0.0598725,
0.377615,
0.393712,
0.294285,
0.1413,
1.05619,
0.855451,
0.0581367,
0.174917,
0.15909,
0.0217909,
0.255825,
0.0251023,
0.372388,
0.468451,
0.416937,
0.346249,
0.101549,
0.282529,
0.463947,
0.576576,
0.20595,
0.196219,
0.267442,
0.247187,
0.053224,
0.215067,
0.289015,
2.33147e-15,
0.0476658,
0.0588784,
0.297417,
0.0536968,
0.164004,
0.574126,
0.386855,
0.192417,
0.228194,
0.0335381,
0.256514,
0.256675,
0.265886,
0.063034,
0.366979,
0.143928,
0.101008,
0.453904,
0.473475,
0.312745,
0.154969,
0.317376,
0.642761,
0.472515,
0.457484,
0.183419,
0.0811125,
0.291259,
0.636935,
0.234674,
0.219212,
0.0418025,
0.229798,
0.208951,
0.167127,
0.146253,
0.309948,
0.47003,
0.115964,
0.15692,
0.346493,
0.29616,
0.175547,
0.204117,
0.503429,
0.283691,
0.123608,
0.471003,
0.351757,
0.033189,
0.177691,
0.113192,
0.137323,
0.378481,
0.243792,
0.443061,
0.62236,
0.338255,
0.145386,
0.153399,
0.392138,
0.123575,
0.240201,
0.175482,
0.272196,
0.212428,
0.48543,
0.0392818,
0.151987,
0.0448886,
0.471423,
0.422949,
0.104102,
0.656276,
0.421268,
0.389367,
0.194084,
0.438717,
0.0375459,
0.107473,
0.556581,
0.0931694,
0.0506802,
0.378333,
0.0928945,
0.534092,
0.14437,
0.575855,
0.180181,
0.703656,
0.21508,
0.0659207,
0.100961,
0.390663,
0.607047,
0.611236,
0.0581067,
0.107908,
0.04515,
0.525315,
0.0352824,
0.0914142,
0.394561,
0.023914,
0.337465,
0.476734,
0.189504,
0.0530352,
0.196004,
0.00743652,
0.026527,
0.195976,
0.463664,
0.580387,
0.0623224,
0.134869,
0.0285465,
0.334834,
0.33685,
0.0609082,
0.215263,
0.213595,
0.301119,
1.12684,
0.115175,
0.227176,
0,
0.177432,
0.0564325,
0.583933,
0.17245,
0.458989,
0.753085,
0.0604681,
0.115087,
0.255755,
0.12762,
0.485393,
0.15125,
0.110016,
0.524212,
0.367013,
0.397972,
0.0656789,
0.301126,
0.176605,
0.0391795,
0.303868,
0.150537,
0.139582,
0.769335,
0.128797,
0.0884929,
0.156551,
0.335359,
0.12415,
0.0513785,
0.53183,
0.179109,
0.20543,
0.0683557,
0.323087,
0.237693,
0.283508,
0.262158,
0.476872,
0.279642,
0.133812,
0.384662,
0.171852,
0.0447972,
0.0628318,
0.196237,
0.148641,
0.0484804,
0.16994,
0.54327,
0.0868164,
0.13121,
0.0761694,
0.073082,
0.16483,
0.128665,
0.292397,
0.133073,
0.214017,
0.090783,
0.198644,
0.384045,
0.124502,
0.426571,
0.176144,
0.327151,
0.210139,
0.369136,
0.0912351,
0.272018,
0.418534,
0.287136,
0.69236,
0.0484328,
0.0802326,
0.314731,
0.15071,
0.576431,
0.256301,
0.0622032,
0.0765881,
0.0567181,
0.226115,
0.797585,
0.102718,
0.573453,
0.656968,
0.114916,
0.234189,
0.0507542,
0.112056,
0.209597,
0.146248,
0.210716,
0.161196,
0.193888,
0.22372,
0.51613,
0.0861787,
0.0871305,
0.213858,
0.184069,
0.259204,
0.0339033,
0.651426,
0.241852,
0.208285,
0.0468936,
0.550601,
0.058973,
0.313929,
0.101303,
0.0278216,
0.113387,
0.0529121,
0.215893,
0.0887656,
0.292383,
0.350597,
0.29915,
0.173009,
0.287695,
0.200923,
0.0905024,
0.0146857,
0.0763113,
0.35438,
0.0400578,
0.213175,
0.143346,
0.314096,
0.379171,
0.217428,
0.141295,
0.216823,
0.34417,
0.202988,
0.0677236,
0.16351,
0.421519,
0.0857595,
0.274959,
0.183157,
0.222202,
0.0437207,
0.369442,
0.111971,
0.159653,
0.266509,
0.307482,
0.760954,
0.0481676,
0.252818,
0.411932,
0.519,
0.0712607,
0.170308,
0.117098,
0.205231,
0.413456,
0.0695381,
0.227426,
0.464909,
0.752182,
0.350576,
0.0262278,
0.0977175,
0.200887,
0.361311,
0.064149,
0.234246,
0.213976,
0.176875,
0.368057,
0.550434,
0.1308,
0.356087,
0,
0.178922,
0.349584,
0.389001,
0.00878037,
0.847811,
0.468758,
0.287652,
0.422523,
0.563616,
0.489145,
0.188204,
0.25561,
0.104249,
0.0401685,
0.0158737,
0.280639,
0.0572714,
0.296577,
0.446465,
0.211429,
0.491458,
0.0458761,
0.027636,
0.115895,
0.386895,
0.305274,
0.338363,
0.219335,
0.0346255,
0.444996,
0.0495577,
0.39073,
0.100158,
0.198258,
0.422167,
0.15256,
0.190915,
0.114534,
0.218906,
0.183547,
0.28086,
0.427827,
0.163404,
0.281424,
0.302559,
0.120016,
0.117893,
0.830571,
0.0475477,
0.177751,
0.243434,
0.101734,
0.00915533,
0.039366,
0.24382,
0.0449426,
0.562864,
0.442034,
0.359644,
0.276816,
0.216863,
0.339378,
0.38577,
0.273439,
0.293332,
0.0145304,
0.274984,
0.260599,
0.0645172,
0.679976,
0.0800657,
0.221194,
0.183861,
0.0805331,
0.67935,
0.249359,
0.257616,
0.0571636,
0.136209,
0.281493,
0.206368,
0.252594,
0.268019,
0.352028,
0.462076,
0.182058,
0.60218,
0.379898,
0.31829,
0.152365,
0.706705,
0.252604,
0.288834,
0.100892,
0.565063,
0.0308557,
0.729614,
0.291124,
0.303197,
0.358211,
0.514017,
0.947735,
0.0308989,
0.344049,
0.309745,
0.186679,
0.0839026,
0.117561,
0.0275041,
0.0952311,
0.117579,
0.440511,
0.155297,
0.182691,
0.0865386,
0.330839,
0.445375,
0.941705,
0.364481,
0.276586,
0.700964,
0.515147,
0.528465,
0.108458,
0.361512,
0.530348,
0.14826,
0.521663,
0.050233,
0.47832,
0.0343807,
0.364286,
0.198385,
0.616061,
0.332733,
0.145822,
1.04517,
0.255641,
0.468631,
0.305811,
0.0468261,
0.0822352,
0.180387,
0.376229,
0.605328,
0.315087,
0.740843,
0.011076,
0.158286,
0.144524,
0.115175,
0.215152,
0.16669,
0.13779,
0.399791,
0.229861,
0.139605,
0.444613,
0.060014,
0.299381,
0.0988761,
0.102867,
0.400207,
0.0704335,
0.0353866,
0.0603636,
0.273311,
0.1693,
0.0963435,
0.0881741,
0.0709718,
0.160035,
0.291062,
0.284017,
0.408193,
0.494747,
0.219131,
0.144198,
0.138325,
0.228205,
0.216546,
0.262425,
0.15157,
0.107561,
0.203411,
0.174535,
0.491295,
0.534092,
0.46435,
0.114865,
0.309991,
0.501657,
0.0747504,
0.38981,
0.362716,
0.178374,
0.0183594,
0.764336,
0.372883,
0.136646,
0.511886,
0.0468936,
0.269116,
0.167491,
0.477866,
0.634029,
0.107861,
0.236138,
0.270985,
0.272709,
0.0730767,
0.291768,
0.294368,
0.0810842,
0.237347,
0.228387,
0.745173,
0.425578,
0.350073,
0.103233,
0.297843,
0.0823185,
0.378626,
0.121254,
0.389164,
0.0778257,
0.286387,
0.583665,
0.506684,
0.146275,
0.0299528,
0.219705,
0.232768,
0.274213,
0.229903,
0.100331,
0.27787,
0.0535896,
0.138025,
0.634472,
0.286753,
0.198978,
0.611268,
0.113109,
0.246597,
0.207735,
0.165062,
0.351153,
0.765586,
0.18124,
0.149015,
0.0960774,
0.15022,
0.0595924,
0.191291,
0.402622,
0.0835289,
0.572095,
0.203355,
0.0607854,
0.172313,
0.298243,
0.474874,
0.260172,
0.303997,
0.0949466,
0.0921059,
0.374964,
0.133912,
0.578364,
0.242459,
0.117204,
0,
0.900332,
0.411332,
0.336128,
0.227249,
0.364053,
0.194513,
0.130511,
0.109212,
0.0804753,
0.463947,
0.694466,
0.286253,
0.356087,
0.397089,
0.0839967,
0.114845,
0.121667,
0.358508,
0.0607546,
0.067118,
0.0514522,
0.458238,
0.195408,
0.689774,
0.591394,
0.727908,
0.804165,
0.371351,
0.521853,
0.774473,
0.298088,
0.436739,
0.393184,
0.153036,
0.199943,
0.162554,
0.195933,
0.278096,
0.246638,
0.170835,
0.0507284,
0.388339,
0.447072,
0.282742,
0.0991751,
0.356651,
0.33058,
0.643474,
0.804015,
0.226637,
0.465385,
0.0755119,
0.15526,
0.140411,
0.231097,
0.304703,
0.0511822,
0.515524,
0.146203,
0.0479237,
0.887119,
0.47665,
0.172922,
0.437009,
0.0328824,
0.0440886,
0.175207,
0.231146,
0.645519,
0.366016,
0,
0.512906,
0.562448,
0.158041,
0.21586,
0.561482,
0.0605181,
0.493803,
0.0281647,
0.161897,
0.178225,
0.370345,
0.0447208,
0.494673,
0.286184,
0.325168,
0.212726,
0.169891,
0.0653241,
0.198723,
0.476105,
0.205146,
0.200435,
0.572876,
0.149963,
0.671708,
0.103272,
0.0248437,
0.157679,
0.26143,
0.0156162,
0.141311,
0.183254,
0.236562,
0.500054,
0.0614998,
0.389539,
0.03254,
0.505232,
0.421599,
0.238593,
0.160836,
0.382494,
0.137822,
0.0348958,
0.182882,
0.206289,
0.0580489,
0.114045,
0.0480787,
0.546882,
0.468101,
0.11355,
0.175674,
0.801235,
0.0809123,
0.270087,
0.407236,
0.0588823,
0.466624,
0.215011,
0.100326,
0.0378169,
0.125982,
0.185835,
0.436518,
0.0522703,
0.0262182,
0.225009,
0.132189,
0.661059,
0.71651,
0.0987023,
0.977498,
0.110427,
0.275922,
0.143887,
0.150089,
0.449733,
0.12545,
0.253611,
0.0948137,
0.121599,
0.187435,
0.448648,
0.139313,
0.434404,
0.39363,
0.632091,
0.0702558,
0.21782,
0.217832,
0.355662,
0.26312,
0.212032,
0.0623062,
0.0352,
0.26637,
0.117714,
0.3729,
0.113622,
0.293421,
0.243377,
0.685637,
0.309679,
0.0500048,
0.0555485,
0.0450408,
0.108304,
0.178718,
0.22046,
0.0209233,
0.311402,
0.268023,
0.372744,
0.763949,
0.0847082,
0.72005,
0.173912,
0.126543,
0.248757,
0.0571081,
0.228721,
0.725604,
0.242346,
0.133954,
0.458989,
0.0809942,
0.431476,
0.132708,
0.514457,
0.286187,
0.150151,
0.805993,
0.277486,
0.293938,
0.123458,
0.0627114,
0.665831,
0.0473636,
0.224808,
0.262046,
0.438712,
0.077832,
0.423718,
0.606181,
0.12572,
0.514346,
0.184363,
0.479316,
0.229241,
0.0985613,
0.234076,
0.0887366,
0.167592,
0.248045,
0.110185,
0.240587,
0.0551044,
0,
0.0954828,
0.16235,
0.167669,
0.117823,
0.177559,
0.393756,
0.0641946,
0.235975,
0.190842,
0.44815,
0.213836,
0.556257,
0.30682,
0.602089,
0.0221932,
0.239295,
0.0839494,
0.0347272,
0.00668891,
0.138052,
0.0887513,
0.399802,
0.0851049,
0.0765205,
0.329032,
0.040321,
0.770667,
0.22405,
0.209175,
0.0801453,
0.1649,
0.405004,
0.498803,
0.110061,
0.111783,
0.148161,
0.10813,
0.302646,
0.306678,
0.188639,
0.315239,
0.0620061,
0.197712,
0.1413,
0.0600109,
0.267824,
0.093952,
0.503566,
0.213009,
0.0348198,
0.436748,
0.394812,
0.221257,
0.413375,
0.111227,
0.0972643,
0.224985,
0.159539,
0.406749,
0.21346,
0.0688252,
0.561961,
0.336714,
0.0859904,
0.268101,
0.182659,
0.239984,
0.273908,
0.322519,
0.189601,
0.121301,
0.110784,
0.277004,
0.755253,
0.253507,
0.121186,
0.373995,
0.0272651,
0.149179,
0.0190491,
0.127802,
0.253258,
0.31842,
0.232029,
0.0558155,
0.440247,
0.33685,
0.369363,
0.223993,
0.167995,
0.539769,
0.0278812,
0.300748,
0.0848043,
0.026521,
0.243525,
0.277266,
0.0526504,
0.269527,
0.17176,
0.521986,
0.151552,
0.144664,
0.137084,
0.146485,
0.237695,
0.135508,
0.523002,
0.0793747,
0.104123,
0.0248217,
0.272653,
0.121272,
0.443277,
0.227077,
0.209327,
0.172846,
0.216307,
0.095646,
0.735586,
0.396911,
0.20455,
0.133357,
0.300115,
0.0280137,
0.636537,
0.282424,
0.0140708,
0.122134,
0.0689571,
0.646147,
0.48706,
0.363513,
0.18693,
0.270678,
