0.642857,0.625,
0.6875,0.761905,
0.666667,0.578947,
0.416667,0.470588,
0.619048,0.7,
0.944444,0.72,
0.0625,0.25,
0.444444,0.636364,
0.466667,0.6,
0.6,0.727273,
0.777778,0.740741,
0.947368,0.692308,
0.0909091,0.0714286,
0.75,0.619048,
0.791667,0.791667,
0.666667,0.6,
0.571429,0.526316,
0.653846,0.761905,
0.5,0.5,
0.875,0.851852,
0.666667,0.823529,
0.681818,0.695652,
0.576923,0.666667,
0.636364,0.5,
0.533333,0.5,
0.818182,0.68,
0.578947,0.6,
0.555556,0.642857,
0.714286,0.8125,
0,0,
0.545455,0.5625,
0.526316,0.521739,
0.642857,0.5,
0.75,0.470588,
0.5,0.666667,
0.5,0.375,
0.307692,0.2,
0.466667,0.533333,
0.75,0.75,
0.307692,0.333333,
0.666667,0.62069,
0.416667,0.5,
0.666667,0.764706,
0.727273,0.7,
0.333333,0.291667,
0.809524,0.73913,
0.714286,0.894737,
0.357143,0.210526,
0.9,0.428571,
0.8,0.782609,
0.588235,0.454545,
0.266667,0.307692,
0.75,0.75,
0.368421,0.357143,
0.571429,0.631579,
0.65,0.5,
0.75,0.875,
0.636364,0.388889,
0.588235,0.583333,
0.777778,0.769231,
0.736842,0.555556,
0.666667,0.529412,
0.454545,0.357143,
0.565217,0.625,
0.5,0.333333,
0.833333,0.545455,
0.5,0.555556,
0.4,0.583333,
0.521739,0.48,
0.666667,0.571429,
0.566667,0.695652,
0.8,0.75,
0.8,0.869565,
0.529412,0.6,
0.545455,0.5,
0.761905,0.714286,
0.722222,0.666667,
0.944444,0.809524,
0.888889,0.814815,
0.846154,0.666667,
0.533333,0.333333,
0.533333,0.4,
0.708333,0.809524,
0.636364,0.533333,
0.48,0.333333,
0.642857,0.6,
0.521739,0.458333,
0.842105,0.772727,
0.636364,0.714286,
0.7,0.583333,
0.8,0.8,
0.846154,0.75,
0.125,0.0714286,
0.736842,0.7,
0.611111,0.666667,
0.615385,0.444444,
0.5,0.4375,
0.45,0.5,
0.375,0.384615,
0.75,0.84,
0.6,0.5,
0.4,0.384615,
0.777778,0.75,
0.782609,0.8,
0.5,0.5625,
0.230769,0.25,
0.866667,0.608696,
0.769231,0.631579,
0.363636,0.363636,
0.785714,0.653846,
0.714286,0.863636,
0.458333,0.5,
0.727273,0.8,
0.15,0.6,
0.0526316,0.2,
0.588235,0.6875,
0.428571,0.5,
0.727273,0.941176,
0.529412,0.47619,
0.785714,0.733333,
0.857143,0.777778,
0.961538,0.961538,
0.75,0.782609,
0.590909,0.7,
0.357143,0.454545,
0.708333,0.73913,
0.678571,0.85,
0.615385,0.666667,
0.681818,0.652174,
0.85,0.708333,
0.473684,0.5,
0.55,0.733333,
0.588235,0.714286,
0.909091,0.740741,
0.714286,0.736842,
0.583333,0.736842,
0.375,0.461538,
0.461538,0.6,
0.666667,0.666667,
0.75,0.882353,
0.461538,0.384615,
0.727273,0.695652,
0.73913,0.772727,
0.0666667,0.25,
0.578947,0.764706,
0.3,0.5,
0.6,0.818182,
0.769231,0.818182,
0.8,0.869565,
0.75,0.625,
0.625,0.769231,
0.75,0.761905,
0.5,0.571429,
0.666667,0.692308,
0.722222,0.541667,
0.647059,0.666667,
0.705882,0.545455,
0.823529,0.7,
0.863636,0.740741,
0.6,0.529412,
0.555556,0.642857,
0.714286,0.7,
0.68,0.894737,
0.714286,0.55,
0.714286,0.583333,
0.833333,0.75,
0.5625,0.470588,
0.904762,0.689655,
0.481481,0.708333,
0.7,0.777778,
0.666667,0.565217,
0.52381,0.684211,
0.545455,0.727273,
0.769231,0.8,
0.875,0.793103,
0.466667,0.4375,
0.352941,0.466667,
0.444444,0.466667,
0.863636,0.791667,
0.625,0.571429,
0.6,0.647059,
0.727273,0.615385,
0.347826,0.470588,
0.714286,0.666667,
0.807692,0.884615,
0.285714,0.0909091,
0.76,0.703704,
0.75,0.642857,
0.588235,0.521739,
0.25,0.166667,
0.461538,0.5,
0.65,0.705882,
0.75,0.666667,
0.833333,0.777778,
0.666667,0.73913,
0.631579,0.65,
0.454545,0.384615,
0.764706,0.8,
0.636364,0.590909,
0.421053,0.4375,
0.583333,0.761905,
0.714286,0.8125,
0.571429,0.772727,
0.846154,0.807692,
0.652174,0.714286,
0.357143,0.611111,
0.857143,0.789474,
0.526316,0.481481,
0.5,0.615385,
0.588235,0.6,
0.678571,0.782609,
0.1875,0.5,
0.461538,0.375,
0.8,0.791667,
0.653846,0.869565,
0.5,0.785714,
0.76,0.645161,
0.5,0.708333,
0.666667,0.608696,
0.619048,0.6,
0.684211,0.769231,
0.722222,0.75,
0.615385,0.411765,
0.826087,0.875,
0.857143,0.722222,
0.8,0.75,
0.47619,0.684211,
0.888889,0.76,
0.444444,0.368421,
0.8,0.809524,
0.758621,0.793103,
0.166667,0.111111,
0.705882,0.631579,
0.5,0.470588,
0.73913,0.68,
0.866667,0.526316,
0.8,0.571429,
0.894737,0.809524,
0.578947,0.733333,
0.785714,0.5,
0.454545,0.263158,
0.461538,0.857143,
0.821429,0.892857,
0.592593,0.555556,
0.0833333,0.111111,
0.333333,0.533333,
0.636364,0.666667,
0.416667,0.384615,
0.619048,0.705882,
0.73913,0.62069,
0.142857,0.166667,
0.777778,0.807692,
0.529412,0.75,
0.363636,0.272727,
0.8,0.76,
0.705882,0.733333,
0.8,0.714286,
0.529412,0.388889,
0.5,0.444444,
0.5,0.411765,
0.555556,0.647059,
0.64,0.68,
0.777778,0.636364,
0.75,0.863636,
0.863636,0.8,
0.75,0.272727,
0.5,0.5,
0.5,0.4,
0.666667,0.619048,
0.666667,0.111111,
0.709677,0.777778,
0.823529,0.636364,
0.722222,0.681818,
0.285714,0.3125,
0.857143,0.84,
0.636364,0.5,
0.647059,0.611111,
0.642857,0.555556,
0.571429,0.722222,
0.5,0.428571,
0.681818,0.666667,
0.461538,0.5,
0.5,0.6,
0.727273,0.5,
0.555556,0.47619,
0.88,0.793103,
0.625,0.727273,
0.6,0.611111,
0.75,0.777778,
0.388889,0.5,
0.583333,0.625,
0.722222,0.521739,
0.625,0.619048,
0.851852,0.952381,
0.565217,0.705882,
0.894737,0.782609,
0.181818,0.222222,
0.769231,0.8,
0.588235,0.458333,
0.8125,0.684211,
0.294118,0.388889,
0.608696,0.56,
0.8,0.608696,
0.5625,0.571429,
0.625,0.611111,
0.73913,0.62963,
0.705882,0.541667,
0.470588,0.529412,
0.619048,0.590909,
0.5,0.518519,
0.529412,0.533333,
0.7,0.5,
0.625,0.681818,
0.809524,0.772727,
0.52381,0.785714,
0.607143,0.772727,
0,0,
0.782609,0.72,
0.25,0.25,
0.526316,0.666667,
0.642857,0.642857,
0.727273,0.5,
0.5,0.727273,
0.571429,0.681818,
0.64,0.65,
0.529412,0.692308,
0.733333,0.578947,
0.55,0.526316,
0.307692,0.4,
0.714286,0.588235,
0.714286,0.65,
0.47619,0.45,
0.571429,0.533333,
0.875,0.823529,
0.4,0.5,
0.423077,0.571429,
0,0,
0.64,0.722222,
0.928571,0.7,
0.772727,0.678571,
0.448276,0.68,
0.655172,0.791667,
0.736842,0.681818,
0.764706,0.866667,
0.818182,0.842105,
0.375,0.2,
0.285714,0.357143,
0.727273,0.705882,
0.466667,0.666667,
0.375,0.6,
0.782609,0.791667,
0.913043,0.73913,
0.875,0.583333,
0.611111,0.785714,
0.954545,0.875,
0.64,0.62963,
0.428571,0.4,
0.294118,0.352941,
0.428571,0.545455,
0.6,0.52381,
0.727273,0.571429,
0,0,
0.666667,0.6,
0.25,0.277778,
0.333333,0.4,
0.75,0.666667,
0.5,0.352941,
0.357143,0.357143,
0.5,0.473684,
0.52381,0.5625,
0.954545,0.826087,
0.705882,0.722222,
0.714286,0.65,
0.611111,0.608696,
0.8,0.72,
0.692308,0.6,
0.636364,0.533333,
0.789474,0.586207,
0.55,0.55,
0.772727,0.809524,
0.590909,0.6,
0.689655,0.703704,
0.615385,0.653846,
0.727273,0.761905,
0.769231,0.791667,
0.76,0.73913,
0.777778,0.851852,
0.352941,0.666667,
0.666667,0.666667,
0.619048,0.464286,
0.666667,0.827586,
0.368421,0.588235,
0.818182,0.904762,
0.47619,0.545455,
0.681818,0.75,
0.722222,0.733333,
0.5,0.5,
0,0,
0.625,0.789474,
0.714286,0.666667,
0,0,
0.85,0.75,
0.555556,0.75,
0.611111,0.52381,
0.454545,0.461538,
0.619048,0.590909,
0.45,0.714286,
0.5,0.4,
0.611111,0.611111,
0.692308,0.588235,
0.666667,0.5,
0.5625,0.526316,
0.266667,0.285714,
0.714286,0.666667,
0.272727,0.266667,
0.608696,0.764706,
0.526316,0.714286,
0.375,0.352941,
0.692308,0.642857,
0.75,0.736842,
0.789474,0.652174,
0.619048,0.736842,
0.636364,0.565217,
0.25,0.272727,
0.421053,0.45,
0.894737,0.666667,
0.4,0.533333,
0.285714,0.2,
0.272727,0.25,
0.692308,0.722222,
0.545455,0.727273,
0.125,0.0769231,
0.818182,0.703704,
0.411765,0.411765,
0.772727,0.75,
0.588235,0.526316,
0.444444,0.4375,
0.714286,0.766667,
0.75,0.809524,
0.785714,0.705882,
0.842105,0.666667,
0.235294,0.5,
0.5,0.592593,
0.636364,0.571429,
0.6,0.555556,
0.75,0.722222,
0.857143,0.769231,
0.47619,0.666667,
0.615385,0.642857,
0.473684,0.473684,
0.652174,0.818182,
0.625,0.75,
0.92,0.96,
0.631579,0.647059,
0.619048,0.615385,
0.64,0.727273,
0.884615,0.923077,
0.85,0.681818,
0.827586,0.913043,
0.333333,0.384615,
0.705882,0.55,
0.666667,0.611111,
0.678571,0.88,
0.47619,0.611111,
0.157895,0.428571,
0.142857,0.181818,
0.647059,0.555556,
0.791667,0.846154,
0.428571,0.416667,
0.68,0.666667,
0.647059,0.55,
0.72,0.72,
0.588235,0.611111,
0.461538,0.5,
0.363636,0.285714,
0.75,0.5,
0.733333,0.647059,
0.724138,0.814815,
0.541667,0.576923,
0.8125,0.666667,
0.684211,0.631579,
0.842105,0.8,
0.444444,0.48,
0.518519,0.777778,
0.636364,0.8125,
0.388889,0.210526,
0.72,0.814815,
0.625,0.714286,
0.636364,0.583333,
0.956522,0.846154,
0.857143,0.75,
0.52381,0.615385,
0.4,0.428571,
0.8,0.692308,
0.5,0.4,
0.526316,0.714286,
0.769231,0.923077,
0.588235,0.857143,
0.333333,0.454545,
0.421053,0.466667,
0.722222,0.866667,
0.705882,0.6,
0.571429,0.571429,
0.2,0.222222,
0.3,0.545455,
0.842105,0.75,
0.333333,0.8,
0.695652,0.772727,
0.785714,0.5625,
0.714286,0.851852,
0.363636,0.285714,
0.529412,0.411765,
0.235294,0.294118,
0.571429,0.428571,
0.5,0.588235,
0.368421,0.35,
0.526316,0.666667,
0.541667,0.705882,
0.6875,0.647059,
0.333333,0.285714,
0.75,0.842105,
0.586207,0.516129,
0.76,0.8,
0.666667,0.684211,
0.689655,0.863636,
0.6,0.652174,
0.65,0.631579,
0.619048,0.7,
0.416667,0.416667,
0.6875,0.75,
0.8125,0.722222,
0.3125,0.416667,
0.583333,0.576923,
0.714286,0.636364,
0.6,0.692308,
0.666667,0.695652,
0.666667,0.733333,
0.230769,0.176471,
0.789474,0.666667,
0.705882,0.6875,
0.7,0.518519,
0.25,0.272727,
0.307692,0.3125,
0.315789,0.352941,
0.5,0.235294,
0.368421,0.461538,
0.777778,0.521739,
0.823529,0.625,
0.533333,0.533333,
0.8,0.64,
0.588235,0.5,
0.740741,0.785714,
0.95,0.863636,
0.565217,0.6,
0.692308,0.909091,
0.857143,0.782609,
0.47619,0.647059,
0.590909,0.611111,
0.642857,0.9,
0.85,0.823529,
0.538462,0.764706,
0.470588,0.428571,
0.411765,0.461538,
0.588235,0.769231,
0.590909,0.6875,
0.75,0.75,
0.52381,0.666667,
0.653846,0.653846,
0.470588,0.35,
0.666667,0.785714,
0.6,0.411765,
0.863636,0.666667,
0.730769,0.809524,
0.785714,0.733333,
0.714286,0.5,
0.615385,0.615385,
0.8125,0.8125,
0.76,0.888889,
0.653846,0.809524,
0.923077,0.8,
0.814815,0.894737,
0.333333,0.304348,
0.4,0.294118,
0.785714,0.95,
0.48,0.48,
0.714286,0.75,
0.142857,0.181818,
0.4375,0.583333,
0.470588,0.304348,
0.941176,0.708333,
0.826087,0.772727,
0.352941,0.428571,
0.842105,0.592593,
0.8,0.652174,
0.642857,0.666667,
0.689655,0.807692,
0.705882,0.578947,
0.470588,0.538462,
0.894737,0.636364,
0.444444,0.5625,
0.35,0.4,
0.695652,0.85,
0.791667,0.85,
0.6875,0.473684,
0.571429,0.9,
0.285714,0.214286,
0.84,0.678571,
0.705882,0.65,
0.363636,0.333333,
0.272727,0.3,
0.428571,0.545455,
0.533333,0.5,
0.529412,0.529412,
0.3125,0.384615,
0.740741,0.75,
0.592593,0.64,
0.611111,0.631579,
0.857143,0.894737,
0.315789,0.3125,
0.76,0.62963,
0.583333,0.608696,
0.461538,0.470588,
0.681818,0.652174,
0.4,0.416667,
0.8125,0.619048,
0.5,0.55,
0.583333,0.583333,
0.588235,0.588235,
0.785714,0.875,
0.421053,0.529412,
0.5625,0.5625,
0.653846,0.857143,
0.4,0.333333,
0.666667,0.5,
0.631579,0.55,
0.666667,0.631579,
0.125,0.125,
0.56,0.608696,
0.666667,0.47619,
0.611111,0.470588,
0.705882,0.578947,
0.8,0.8,
0.703704,0.730769,
0.846154,0.807692,
0.25,0.2,
0.826087,0.944444,
0.5625,0.615385,
0.444444,0.4375,
0.772727,0.857143,
0.315789,0.375,
0.857143,0.875,
0.75,0.75,
0.666667,0.777778,
0.2,0.8,
0.473684,0.529412,
0.5,0.333333,
0.76,0.9,
0.608696,0.695652,
0.470588,0.466667,
0.8,0.8,
0.583333,0.684211,
0.611111,0.5,
0.913043,0.833333,
0.478261,0.571429,
0.666667,0.586207,
0.709677,0.909091,
0.454545,0.5,
0.555556,0.8125,
0.875,0.84,
0.76,0.952381,
0.47619,0.529412,
0.428571,0.461538,
0.619048,0.48,
0.678571,0.909091,
0.722222,0.590909,
0.8,0.875,
0.470588,0.533333,
0.666667,0.8125,
0.666667,0.842105,
0.809524,0.730769,
0.526316,0.611111,
0.947368,0.642857,
0.4375,0.5,
0.666667,0.666667,
0.941176,0.833333,
0.444444,0.533333,
0.416667,0.454545,
0.636364,0.466667,
0.714286,0.619048,
0.333333,0.384615,
0.538462,0.722222,
0.884615,0.92,
0.791667,0.75,
0.826087,0.689655,
0.4,0.375,
0.965517,0.964286,
0.423077,0.666667,
0.5625,0.55,
0.538462,0.470588,
0.4375,0.4375,
0.714286,0.769231,
0.92,0.956522,
0.833333,0.727273,
0.357143,0.384615,
0.5,0.588235,
0.5,0.307692,
0.636364,0.625,
0.703704,0.857143,
0.583333,0.764706,
0.823529,0.714286,
0.65,0.5625,
0.8,0.894737,
0.684211,0.785714,
0.6,0.666667,
0.111111,0.0909091,
0.785714,0.571429,
0.772727,0.75,
0.722222,0.916667,
0.5,0.3125,
0.357143,0.352941,
0.181818,0.222222,
0.809524,0.772727,
0.8,0.578947,
0.461538,0.333333,
0.4375,0.545455,
0.833333,0.833333,
0.571429,0.588235,
0.615385,0.535714,
0.388889,0.473684,
0.705882,0.631579,
0.75,0.791667,
0.48,0.6,
0.740741,0.952381,
0.384615,0.454545,
0.55,0.526316,
0.444444,0.5625,
0.384615,0.454545,
0.692308,0.842105,
0.5,0.615385,
0.2,0.291667,
0.55,0.571429,
0.631579,0.923077,
0.5,0.4375,
0.5,0.583333,
0.863636,0.826087,
0.578947,0.6875,
0.8,0.631579,
0.541667,0.666667,
0.692308,0.607143,
0.75,0.6875,
0.666667,0.583333,
0.791667,0.714286,
0.461538,0.416667,
0.875,0.740741,
0.8,0.625,
0.714286,0.6,
0.72,0.736842,
0.375,0.428571,
0.653846,0.72,
0.72,0.8,
0.761905,0.666667,
0.333333,0.25,
0.782609,0.772727,
0.548387,0.681818,
0.5625,0.666667,
0.526316,0.428571,
0.769231,0.730769,
0.631579,0.615385,
0.384615,0.333333,
0.578947,0.588235,
0.428571,0.375,
0.826087,0.62069,
0.333333,0.352941,
0.85,0.772727,
0.571429,0.5,
0.545455,0.375,
0.6,0.529412,
0.62963,0.714286,
0.428571,0.4375,
0.52381,0.666667,
0.666667,0.736842,
0.666667,0.5,
0.772727,0.818182,
0.647059,0.733333,
0.611111,0.666667,
0.833333,0.869565,
0.833333,0.52381,
0.923077,0.833333,
0.6,0.666667,
0.444444,0.434783,
0.761905,0.789474,
0.62069,0.75,
0.875,0.625,
0.35,0.5,
0.64,0.75,
0.666667,0.666667,
0.555556,0.611111,
0.692308,0.529412,
0.846154,0.95,
0.869565,0.869565,
0.8,0.666667,
0.85,0.62963,
0.823529,0.608696,
0.782609,0.8125,
0.444444,0.421053,
0.642857,0.666667,
0.761905,0.655172,
0.75,0.608696,
0.181818,0.181818,
0.4,0.615385,
0.6875,0.608696,
0.5625,0.785714,
0.3,0.214286,
0.73913,0.85,
0.277778,0.333333,
0.727273,0.681818,
0.5,0.692308,
0.294118,0.384615,
0.428571,0.357143,
0.448276,0.464286,
0.782609,0.894737,
0.64,0.695652,
0.56,0.565217,
0.642857,0.625,
0.5,0.4,
0.769231,0.857143,
0.181818,0.2,
0.68,0.842105,
0.736842,0.928571,
0.416667,0.333333,
0.655172,0.73913,
0.863636,0.740741,
0.388889,0.583333,
0.478261,0.6875,
0.941176,0.772727,
0.7,0.740741,
0.434783,0.407407,
0.44,0.588235,
0.434783,0.666667,
0.65,0.64,
0.764706,0.65,
0.84,0.791667,
0.8125,0.52381,
0.769231,0.571429,
0.96,0.961538,
0.666667,0.684211,
0.636364,0.666667,
0.428571,0.375,
0.5625,0.642857,
0.944444,0.653846,
0.772727,0.692308,
0.714286,0.769231,
0.578947,0.733333,
0.526316,0.588235,
0.647059,0.5625,
0.466667,0.6,
0.75,0.5,
0.7,0.8,
0.608696,0.68,
0.521739,0.545455,
0.470588,0.5,
0.862069,0.866667,
0.84,0.8,
0.8,0.894737,
0.642857,0.5,
0.733333,0.714286,
0.636364,0.461538,
0.758621,0.875,
0.8,0.5,
0.72,0.708333,
0.761905,0.722222,
0.533333,0.666667,
0.571429,0.6875,
0.772727,0.941176,
0.666667,0.421053,
0.72,0.807692,
0.3,0.285714,
0.631579,0.857143,
0.592593,0.736842,
0.583333,0.652174,
0.772727,0.772727,
0.833333,0.684211,
0.8,0.833333,
0.933333,0.736842,
0.45,0.533333,
0.478261,0.52,
0.555556,0.6,
0.466667,0.375,
0.2,0.153846,
0.5,0.6875,
0.55,0.571429,
0.703704,0.727273,
0.814815,0.76,
0.526316,0.714286,
0.421053,0.428571,
0.695652,0.652174,
0.8,0.576923,
0.857143,0.809524,
0.333333,0.454545,
0.352941,0.5625,
0.681818,0.64,
0.5,0.545455,
0.625,0.642857,
0.684211,0.928571,
0.730769,0.9,
0.416667,0.454545,
0.52381,0.642857,
0.769231,0.76,
0.75,0.8125,
0.653846,0.875,
0.428571,0.454545,
0.647059,0.388889,
0.117647,0.166667,
0.333333,0.454545,
0.565217,0.684211,
0.821429,0.758621,
0.615385,0.652174,
0.5,0.588235,
0.904762,0.666667,
0.555556,0.454545,
0.647059,0.666667,
0.448276,0.482759,
0.535714,0.736842,
0.333333,0.363636,
0.5,0.714286,
0.411765,0.470588,
0.785714,0.666667,
0.666667,0.625,
0.862069,0.833333,
0.695652,0.571429,
0.823529,0.882353,
0.941176,0.85,
0.375,0.428571,
0.588235,0.666667,
0.473684,0.5625,
0.478261,0.391304,
0.615385,0.444444,
0.5,0.625,
0.272727,0.25,
0.181818,0.1,
0.875,0.928571,
0.25,0.142857,
0.181818,0.222222,
0.5,0.576923,
0.470588,0.5,
0.5,0.384615,
0.666667,0.73913,
0.6875,0.545455,
0.153846,0.666667,
0.428571,0.3,
0.571429,0.478261,
0.454545,0.518519,
0.7,0.777778,
0.923077,0.909091,
0.695652,0.73913,
0.761905,0.714286,
0.777778,0.7,
0.888889,0.583333,
0.740741,0.851852,
0.307692,0.363636,
0.416667,0.3125,
0.92,0.84,
0.73913,0.833333,
0.538462,0.375,
0.444444,0.421053,
0.533333,0.352941,
0.285714,0.363636,
0.25,0.181818,
0.708333,0.944444,
0.352941,0.416667,
0.92,0.916667,
0.294118,0.357143,
0.73913,0.64,
0.538462,0.636364,
0.611111,0.6875,
0.466667,0.538462,
0.761905,0.681818,
0.571429,0.5625,
0.869565,0.842105,
0.62963,0.62963,
0.833333,0.9,
0.777778,0.7,
0.625,0.4,
0.6,0.809524,
0.714286,0.565217,
0.88,0.814815,
0.727273,0.761905,
0.5,0.705882,
0.714286,0.695652,
0.583333,0.888889,
0.666667,0.684211,
0.666667,0.526316,
0.695652,0.6,
0.5625,0.666667,
0.851852,0.777778,
0.571429,0.842105,
0.761905,0.653846,
0.689655,0.9,
0.583333,0.538462,
0.6,0.5,
0.857143,0.631579,
0.363636,0.25,
0.785714,0.73913,
0.9,0.72,
0.6,0.15,
0.724138,0.9,
0.411765,0.5,
0.521739,0.6,
0.541667,0.461538,
0.619048,0.8125,
0.611111,0.578947,
0.470588,0.315789,
0.8,0.791667,
0.909091,0.413793,
0.625,0.6875,
0.785714,0.6875,
0.647059,0.631579,
0.777778,0.875,
0.45,0.5625,
0.818182,0.703704,
0.863636,0.730769,
0.793103,0.851852,
0.5,0.714286,
0.55,0.75,
0.708333,0.73913,
0.5,0.421053,
0.772727,0.75,
0.615385,0.777778,
0.826087,0.727273,
0.363636,0.25,
0.416667,0.454545,
0.73913,0.894737,
0.565217,0.875,
0.368421,0.5,
0.5625,0.5,
0.692308,0.642857,
0.769231,0.769231,
0.409091,0.6,
0.619048,0.52381,
0.363636,0.384615,
0.5,0.571429,
0.125,0.0714286,
0.777778,0.84,
0.764706,0.565217,
0.5625,0.615385,
0.565217,0.565217,
0.961538,0.961538,
0.722222,0.5,
0.35,0.555556,
0.555556,0.583333,
0.6,0.555556,
0.777778,0.740741,
0.538462,0.583333,
0.8,0.684211,
0.363636,0.545455,
0.619048,0.521739,
0.333333,0.363636,
0.615385,0.470588,
0.357143,0.285714,
0.384615,0.538462,
0.684211,0.8125,
0.85,0.7,
0.375,0.428571,
0.375,0.384615,
0.653846,0.944444,
0.842105,0.866667,
0.55,0.526316,
0.608696,0.736842,
0.411765,0.4,
0.588235,0.666667,
0.708333,0.62963,
0.526316,0.473684,
0.25,0.25,
0.633333,0.551724,
0.285714,0.4,
0.722222,0.619048,
0.666667,0.809524,
0.857143,0.75,
0.8,0.724138,
0.375,0.357143,
0.884615,0.846154,
0.88,0.821429,
0.76,0.857143,
0.380952,0.4,
0.586207,0.708333,
0.705882,0.666667,
0.538462,0.352941,
0.684211,0.592593,
0,0,
0.821429,0.904762,
0.75,0.740741,
0.384615,0.333333,
0.357143,0.263158,
0.565217,0.8,
0.666667,0.615385,
0.55,0.481481,
0.588235,0.666667,
0.769231,0.88,
0.538462,0.736842,
0.8,0.277778,
0.65,0.777778,
0.863636,0.807692,
0.6,0.733333,
0.76,0.76,
0.583333,0.5,
0.454545,0.375,
0.384615,0.4,
0.8,0.862069,
0.578947,0.65,
0.84,0.85,
0.416667,0.333333,
0.166667,0.333333,
0.266667,0.363636,
0.4375,0.466667,
0.608696,0.736842,
0.875,0.875,
0.76,0.703704,
0.5,0.785714,
0.55,0.578947,
0.266667,0.571429,
0.75,0.727273,
0.75,0.818182,
0.607143,0.727273,
0.678571,0.730769,
0.5,0.461538,
0.647059,0.588235,
0.181818,0.153846,
0.85,0.73913,
0.647059,0.733333,
0.823529,0.538462,
0.842105,0.882353,
0.625,0.705882,
0.64,0.791667,
0.807692,0.807692,
0.25,0.25,
0.65,0.684211,
0.833333,0.666667,
0.821429,0.888889,
0.875,0.875,
0.85,0.608696,
0.703704,0.95,
0.68,0.85,
0.363636,0.363636,
0.578947,0.533333,
0.851852,0.793103,
0.692308,0.826087,
0.166667,0.4,
0.65,0.578947,
0.25,0.214286,
0.705882,0.590909,
0.375,0.6,
0.5,0.625,
0.578947,0.733333,
0.826087,0.8,
0.470588,0.692308,
0.222222,0.222222,
0.5,0.705882,
0.857143,0.75,
0.703704,0.894737,
0.636364,0.666667,
0.625,0.238095,
0.62963,0.842105,
0.823529,0.818182,
0.766667,0.8,
0.823529,0.636364,
0.842105,0.777778,
0.818182,0.869565,
0.708333,0.75,
0.678571,0.875,
0.555556,0.684211,
0.470588,0.444444,
0.526316,0.470588,
0.684211,0.75,
0.666667,0.666667,
0.761905,0.789474,
0.4375,0.5,
0.421053,0.466667,
0.545455,0.538462,
0.5,0.5,
0.625,0.611111,
0.384615,0.333333,
0.533333,0.818182,
0.4,0.44,
0.64,0.6,
0.333333,0.3,
0.647059,0.47619,
0.65,0.590909,
0.65,0.857143,
0.363636,0.416667,
0.4,0.375,
0.5,0.565217,
0.708333,0.818182,
0.384615,0.263158,
0.894737,0.75,
0.7,0.727273,
0.764706,0.647059,
0.333333,0.428571,
0.3125,0.357143,
0.285714,0.285714,
0.611111,0.75,
0.8125,0.636364,
0.785714,0.526316,
0.857143,0.75,
0.384615,0.357143,
0.272727,0.25,
0.578947,0.52381,
0.678571,0.714286,
0.666667,0.64,
0.4,0.266667,
0.882353,0.857143,
0.703704,0.666667,
0.666667,0.777778,
0.466667,0.461538,
0.526316,0.423077,
0.272727,0.3,
0.0833333,0.125,
0.4,0.352941,
0.809524,0.740741,
0.8,0.724138,
0.5,0.666667,
0.470588,0.8125,
0.869565,0.869565,
0.722222,0.8125,
0.7,0.652174,
0.666667,0.666667,
0.75,0.590909,
0.793103,0.833333,
0.608696,0.619048,
0.75,0.642857,
0.631579,0.733333,
0.421053,0.5,
0.5625,0.478261,
0.4375,0.421053,
0.133333,0.153846,
0.653846,0.75,
0.615385,0.652174,
0.84,0.9,
0.647059,0.5625,
0.333333,0.375,
0.666667,0.684211,
0.571429,0.444444,
0.869565,0.72,
0.791667,0.666667,
0.566667,0.5,
0.555556,0.625,
0.5,0.625,
0.857143,0.62963,
0.464286,0.52381,
0.44,0.6,
0.571429,0.666667,
0.666667,0.545455,
0.285714,0.625,
0.695652,0.708333,
0.736842,0.608696,
0.615385,0.736842,
0.653846,0.894737,
0.5,0.444444,
0.647059,0.705882,
0.653846,0.772727,
0.857143,0.666667,
0.65,0.785714,
0.782609,0.8125,
0.954545,0.892857,
0.636364,0.875,
0.541667,0.6,
0.666667,0.791667,
0.705882,0.5,
0.818182,0.655172,
0.4375,0.35,
0.611111,0.625,
0.625,0.692308,
0.65,0.578947,
0.55,0.625,
0.652174,0.692308,
0.772727,0.818182,
0.5,0.5,
0.458333,0.615385,
0.814815,0.785714,
0.4,0.357143,
0.4375,0.5,
0.5,0.55,
0.678571,0.607143,
0.76,0.642857,
0.826087,0.62963,
0,0,
0.8,0.8,
0.678571,0.904762,
0.411765,0.352941,
0.5,0.714286,
0.9,0.642857,
0.5,0.3125,
0.470588,0.45,
0.5,0.384615,
0.6,0.454545,
0.894737,0.62963,
0.555556,0.521739,
0.896552,0.896552,
0.578947,0.714286,
0.789474,0.857143,
0.647059,0.470588,
0.526316,0.55,
0.64,0.666667,
0.833333,0.666667,
0.541667,0.736842,
0.5,0.535714,
0.5625,0.285714,
0,0,
0.75,0.823529,
0.5,0.666667,
0.727273,0.619048,
0.75,0.761905,
0.863636,0.75,
0.681818,0.681818,
0.5,0.384615,
0.5,0.6,
0.533333,0.615385,
0.678571,0.791667,
0.545455,0.764706,
0.851852,0.857143,
0.333333,0.461538,
0.666667,0.764706,
0.941176,0.95,
0.615385,0.653846,
0.692308,0.5625,
0.681818,0.882353,
0.68,0.730769,
0.636364,0.75,
0.809524,0.724138,
0.0526316,0.2,
0.142857,0.166667,
0.416667,0.181818,
0.695652,0.772727,
0.4,0.3125,
0.791667,0.869565,
0.545455,0.538462,
0.642857,0.555556,
0.285714,0.4,
0.708333,0.555556,
0.52381,0.588235,
0.555556,0.583333,
0.611111,0.736842,
0.25,0.230769,
0.52381,0.55,
0.666667,0.6,
0.8,0.8,
0.789474,0.666667,
0.642857,0.5,
0.307692,0.4,
0.791667,0.791667,
0.818182,0.791667,
0.689655,0.73913,
0.833333,0.75,
0.588235,0.588235,
0.433333,0.571429,
0.47619,0.5,
0.4375,0.5,
0.789474,0.76,
0.84,0.769231,
0.653846,0.619048,
0.869565,0.777778,
0.3,0.5,
0.740741,0.75,
0.958333,0.851852,
0.666667,0.636364,
0.533333,0.785714,
0.65,0.619048,
0.636364,0.666667,
0.833333,0.85,
0.363636,0.4,
0.764706,0.714286,
0.363636,0.444444,
0.176471,0.166667,
0.692308,0.75,
0.84,0.772727,
0.714286,0.647059,
0.615385,0.444444,
0.782609,0.703704,
0.857143,0.730769,
0.708333,0.842105,
0.666667,0.631579,
0.73913,0.708333,
0.73913,0.714286,
0.421053,0.6,
0.652174,0.615385,
0.8,0.444444,
0,0,
0.533333,0.692308,
0.5,0.5,
0.68,0.772727,
0.947368,0.666667,
0.222222,0.153846,
0.357143,0.285714,
0.846154,0.846154,
0.714286,0.692308,
0.666667,0.6,
0.65,0.727273,
0.529412,0.6,
0.333333,0.352941,
0.833333,0.869565,
0.826087,0.692308,
0.55,0.444444,
0.4,0.333333,
0.538462,0.444444,
0.5,0.380952,
0.590909,0.7,
0.75,0.791667,
0.818182,0.888889,
0.52381,0.52381,
0.8,0.72,
0.8,0.8,
0.884615,0.791667,
0.72,0.772727,
0.5,0.307692,
0.384615,0.8,
0.888889,0.888889,
0.368421,0.571429,
0.3,0.230769,
0.470588,0.666667,
0.5,0.5,
0.214286,0.1875,
0.615385,0.7,
0.8,0.777778,
0.8125,0.846154,
0.75,0.5,
0.357143,0.333333,
0.5,0.625,
0.75,0.75,
0.588235,0.5,
0.5,0.583333,
0.454545,0.413793,
0.76,0.761905,
0.56,0.551724,
0.517241,0.535714,
0.814815,0.96,
0.611111,0.521739,
0.95,0.714286,
0.521739,0.56,
0.764706,0.608696,
0.578947,0.4375,
0.5625,0.478261,
0.482759,0.592593,
0.722222,0.619048,
0.5,0.6,
0.384615,0.466667,
0.615385,0.7,
0.695652,0.636364,
0.8,0.8,
0.444444,0.263158,
0.526316,0.473684,
0.611111,0.615385,
0.3125,0.266667,
0.769231,0.913043,
0.7,0.625,
0.5,0.434783,
0.8,0.608696,
0.5,0.428571,
0.904762,0.703704,
0.45,0.526316,
0.785714,0.888889,
0.56,0.590909,
0.642857,0.6875,
0.4375,0.416667,
0.736842,0.64,
0.5,0.388889,
0.555556,0.555556,
0.565217,0.722222,
0.521739,0.578947,
0.6875,0.590909,
0.866667,0.65,
0.7,0.823529,
0.344828,0.464286,
0.541667,0.65,
0.611111,0.55,
0.631579,0.6,
0.375,0.428571,
0.181818,0.125,
0.608696,0.625,
0.722222,0.571429,
0.782609,0.642857,
0.285714,0.25,
0.583333,0.466667,
0.533333,0.470588,
0.875,0.666667,
0.5,0.705882,
0.571429,0.470588,
0.533333,0.5,
0.769231,0.8,
0.607143,0.625,
0.666667,0.647059,
0.65,0.481481,
0.533333,0.470588,
0.761905,0.714286,
0.733333,0.5,
0.571429,0.666667,
0.521739,0.5,
0.75,0.807692,
0.736842,0.625,
0.5,0.428571,
0.25,0.166667,
0.380952,0.6,
0.466667,0.538462,
0.263158,0.833333,
0.608696,0.736842,
0.722222,0.590909,
0.793103,0.785714,
0.8,0.814815,
0.826087,0.692308,
0.681818,0.56,
0.842105,0.666667,
0.47619,0.526316,
0.818182,0.678571,
0.357143,0.384615,
0.384615,0.333333,
0.571429,0.615385,
0.92,0.807692,
0.473684,0.458333,
0.444444,0.307692,
0.272727,0.333333,
0.68,0.736842,
0.647059,0.7,
0.904762,0.769231,
0.8125,0.916667,
0.5,0.05,
0.45,0.571429,
0.642857,0.611111,
0.857143,0.863636,
0.533333,0.45,
0.789474,0.666667,
0.608696,0.823529,
0.521739,0.555556,
0,0,
0.25,0.181818,
0.416667,0.454545,
0.782609,0.791667,
0.333333,0.4,
0.45,0.533333,
0.647059,0.647059,
0.5,0.666667,
0.6,0.666667,
0.826087,0.782609,
0.461538,0.538462,
0.782609,0.75,
0.235294,0.285714,
0.818182,0.842105,
0.809524,0.571429,
0.75,0.625,
0.6875,0.823529,
0.85,0.72,
0.5,0.352941,
0.521739,0.52381,
0.454545,0.333333,
0.434783,0.5,
0.789474,0.714286,
0.571429,0.5625,
0.6,0.588235,
0.666667,0.833333,
0.923077,0.764706,
0.88,0.84,
0.888889,0.703704,
0.6,0.636364,
0.769231,0.761905,
0.9,0.846154,
0.307692,0.363636,
0.708333,0.714286,
0.684211,0.8125,
0.75,0.62963,
0.652174,0.722222,
0.666667,0.428571,
0.761905,0.714286,
0.466667,0.45,
0.5625,0.6,
0.916667,0.842105,
0.619048,0.636364,
0.526316,0.608696,
0.578947,0.666667,
0.62963,0.681818,
0.7,0.75,
0.608696,0.736842,
0.689655,0.75,
0.705882,0.6,
0.47619,0.555556,
0.565217,0.681818,
0.411765,0.461538,
0.4,0.428571,
0.92,0.8,
0.526316,0.666667,
0.862069,0.92,
0.357143,0.428571,
0.428571,0.285714,
0.666667,0.619048,
0.470588,0.368421,
0.84,0.846154,
0.827586,0.862069,
0.7,0.615385,
0.695652,0.586207,
0.526316,0.733333,
0.761905,0.736842,
0.833333,0.75,
0.68,0.73913,
0.473684,0.5,
0.388889,0.538462,
0.52381,0.555556,
0.7,0.75,
0.714286,0.764706,
0.666667,0.55,
0.416667,0.307692,
0.705882,0.6875,
0.5,0.357143,
0.6,0.764706,
0.454545,0.545455,
0.75,0.684211,
0.5,0.555556,
0.724138,0.607143,
0.766667,0.866667,
0.538462,0.466667,
0.272727,0.533333,
0.571429,0.666667,
0.73913,0.583333,
0.923077,0.705882,
0.764706,0.75,
0.541667,0.52,
0.68,0.842105,
0.545455,0.555556,
0.681818,0.5,
0.722222,0.705882,
0.25,0.3,
0.888889,0.923077,
0.826087,0.9,
0.4,0.333333,
0.769231,0.652174,
0.8,0.75,
0.384615,0.277778,
0.555556,0.666667,
0.857143,0.869565,
0.636364,0.565217,
0.722222,0.714286,
0.428571,0.388889,
0.5,0.7,
0.5,0.214286,
0.5,0.545455,
0.615385,0.55,
0.466667,0.4375,
0.772727,0.8,
0.608696,0.636364,
0.75,0.823529,
0.428571,0.578947,
0.607143,0.619048,
0.538462,0.681818,
0.730769,0.740741,
0.75,0.9,
0.454545,0.666667,
0.862069,0.928571,
0.538462,0.642857,
0.636364,0.56,
0.9,0.75,
0.705882,0.681818,
0.655172,0.789474,
0.642857,0.666667,
0.823529,0.652174,
0.428571,0.352941,
0.809524,0.666667,
0.666667,0.655172,
0.291667,0.714286,
0.666667,0.521739,
0.444444,0.533333,
0.407407,0.52381,
0.444444,0.5625,
0.68,0.833333,
0.55,0.55,
0.826087,0.8,
0.842105,0.64,
0.782609,0.692308,
0,0,
0.25,0.266667,
0.533333,0.444444,
0.764706,0.636364,
0.666667,0.52,
0.714286,0.846154,
0.565217,0.684211,
0.5,0.458333,
0.428571,0.4,
0.615385,0.692308,
0.826087,0.84,
0.619048,0.652174,
0.571429,0.846154,
0.411765,0.466667,
0.535714,0.636364,
0.7,0.8125,
0.733333,0.545455,
0.8125,0.833333,
0.777778,0.814815,
0.578947,0.625,
0.478261,0.5,
0.857143,0.8,
0.615385,0.652174,
0.35,0.466667,
0.285714,0.333333,
0.555556,0.642857,
0.9,0.764706,
0.666667,0.571429,
0.888889,0.727273,
0.708333,0.695652,
0.807692,0.814815,
0.952381,0.92,
0.789474,0.714286,
0.444444,0.615385,
0.565217,0.448276,
0.636364,0.75,
0.818182,0.826087,
0.6,0.545455,
0.666667,0.64,
0.714286,0.857143,
0.652174,0.882353,
0.4,0.421053,
0.913043,0.769231,
0.807692,0.916667,
0.272727,0.272727,
0.875,0.875,
0.625,0.47619,
0.35,0.5,
0.761905,0.625,
0.636364,0.625,
0.904762,0.777778,
0.761905,0.576923,
0.652174,0.6875,
0.75,0.631579,
0.709677,0.793103,
0.76,0.869565,
0.571429,0.529412,
0.4375,0.368421,
0.466667,0.411765,
0.894737,0.695652,
0.5,0.631579,
0.8,0.740741,
0.8,0.423077,
0.4375,0.375,
0.25,0.416667,
0.833333,0.56,
0.73913,0.655172,
0.833333,0.7,
0.571429,0.52381,
0.388889,0.4375,
0.1875,0.272727,
0.8125,0.666667,
0.5,0.52,
0.555556,0.578947,
0.846154,0.913043,
0.740741,0.791667,
0.4,0.266667,
0.75,0.875,
0.8,0.8,
0.181818,0.272727,
0.882353,0.791667,
0.571429,0.65,
0.5,0.541667,
0.478261,0.733333,
0.588235,0.5625,
0.827586,0.896552,
0.653846,0.772727,
0.692308,0.85,
0.428571,0.588235,
0.52381,0.555556,
0.533333,0.466667,
0.636364,0.583333,
0.625,0.652174,
0.6,0.529412,
0.857143,0.931034,
0.65,0.65,
0.857143,0.619048,
0.625,0.772727,
0.708333,0.666667,
0,0,
0.818182,0.785714,
0.421053,0.533333,
0.92,0.758621,
0.62963,0.464286,
0.947368,0.863636,
0.611111,0.5,
0.714286,0.55,
0.833333,0.608696,
0.952381,0.913043,
0.857143,0.7,
0.5,0.48,
0.863636,0.76,
0.916667,0.913043,
0.785714,0.884615,
0.615385,0.666667,
0.48,0.75,
0.4,0.466667,
0.411765,0.5,
0.272727,0.272727,
0.647059,0.52381,
0.625,0.478261,
0.814815,0.896552,
0.380952,0.571429,
0.470588,0.5,
0.714286,0.8,
0.642857,0.529412,
0.307692,0.222222,
0.5,0.368421,
0.5,0.642857,
0.923077,0.8,
0,0,
0.5,0.583333,
0.6875,0.631579,
0.428571,0.333333,
0.5,0.5,
0.578947,0.55,
0.791667,0.75,
0.0526316,0.125,
0.62963,0.62963,
0.692308,0.5,
0.470588,0.5,
0.928571,0.619048,
0.888889,0.827586,
0.461538,0.538462,
0.842105,0.823529,
0.684211,0.545455,
0.7,0.76,
0.4375,0.538462,
0.357143,0.3125,
0.818182,0.666667,
0.409091,0.6875,
0.758621,0.769231,
0.692308,0.68,
0.666667,0.263158,
0.434783,0.428571,
0.384615,0.5,
0.545455,0.541667,
0.333333,0.294118,
0.333333,0.4,
0.6875,0.608696,
0.533333,0.636364,
0.571429,0.578947,
0.655172,0.875,
0.592593,0.73913,
0.913043,0.689655,
0.785714,0.5625,
0.625,0.625,
0.466667,0.4375,
0.882353,0.695652,
0.461538,0.571429,
0.466667,0.333333,
0.52381,0.545455,
0.388889,0.347826,
0.785714,0.454545,
0.590909,0.625,
0.416667,0.44,
0.904762,0.904762,
0.588235,0.714286,
0.703704,0.826087,
0.384615,0.545455,
0.411765,0.466667,
0.0909091,0.111111,
0.466667,0.416667,
0.466667,0.583333,
0.4,0.0952381,
0.733333,0.733333,
0.777778,0.535714,
0.636364,0.8125,
0.307692,0.222222,
0.75,0.75,
0.818182,0.782609,
0.428571,0.461538,
0.5625,0.615385,
0.526316,0.4,
0.8,0.818182,
0.47619,0.625,
0.857143,0.642857,
0.909091,0.782609,
0.75,0.875,
0.545455,0.416667,
0.846154,0.692308,
0.533333,0.6,
0.421053,0.615385,
0.714286,0.733333,
0.647059,0.631579,
0.666667,0.578947,
0.4375,0.62069,
0.764706,0.541667,
0.625,0.521739,
0.461538,0.352941,
0.5,0.571429,
0.608696,0.636364,
0.5,0.533333,
0.521739,0.764706,
0.76,0.72,
0.583333,0.619048,
0.652174,0.789474,
0.5,0.428571,
0.608696,0.590909,
0.842105,0.809524,
0.692308,0.5,
0.909091,0.846154,
0.758621,0.961538,
0.368421,0.272727,
0.411765,0.352941,
0.590909,0.65,
0.703704,0.84,
0.545455,0.833333,
0.863636,0.821429,
0.428571,0.545455,
0.857143,0.722222,
0.5625,0.6,
0.35,0.45,
0.727273,0.64,
0.5,0.615385,
0.8,0.692308,
0.777778,0.631579,
0.235294,0.285714,
0.933333,0.870968,
0.8,0.52381,
0.5625,0.421053,
0.4,0.384615,
0.703704,0.76,
0.72,0.777778,
0.6,0.607143,
0.809524,0.708333,
0.75,0.736842,
0.642857,0.5,
0.75,0.6,
0.607143,0.666667,
0.526316,0.458333,
0.904762,0.75,
0.588235,0.5625,
0.4375,0.47619,
0.285714,0.4,
0.846154,0.846154,
0.5625,0.642857,
0.684211,0.631579,
0.636364,0.428571,
0.75,0.681818,
0.5,0.454545,
0.894737,0.76,
0.444444,0.333333,
0.75,0.666667,
0.8,0.96,
0.714286,0.714286,
0.75,0.576923,
0.4,0.375,
0.357143,0.357143,
0.4375,0.416667,
0.631579,0.684211,
0.8,0.62963,
0.823529,0.764706,
0.5,0.764706,
0.625,0.823529,
0.25,0.272727,
0.583333,0.6,
0.214286,0.5,
0.411765,0.615385,
0.4,0.538462,
0.807692,0.714286,
0.736842,0.62963,
0.25,0.0434783,
0.5,0.555556,
0.6,0.518519,
0.4,0.291667,
0.368421,0.625,
0.315789,0.470588,
0.761905,0.608696,
0.5,0.388889,
0.56,0.652174,
0.25,0.307692,
0.9375,0.888889,
0.5,0.411765,
0.5,0.428571,
0.62963,0.625,
0.411765,0.5,
0.777778,0.833333,
0.740741,0.894737,
0.272727,0.333333,
0.428571,0.6,
0.125,0.0714286,
0.863636,0.64,
0.5,0.571429,
0.666667,0.428571,
0.333333,0.333333,
0.52,0.545455,
0.52,0.666667,
0.652174,0.64,
0.666667,0.636364,
0.590909,0.8125,
0.733333,0.666667,
0.518519,0.689655,
0.625,0.833333,
0.923077,0.857143,
0.888889,0.888889,
0.611111,0.764706,
0.2,0.166667,
0.75,0.833333,
0.611111,0.857143,
0.714286,0.56,
0.538462,0.8,
0.823529,0.733333,
0.5,0.5,
0.7,0.814815,
0.633333,0.857143,
0.5,0.421053,
0.6,0.5,
0.608696,0.65,
0.894737,0.782609,
0.666667,0.740741,
0.409091,0.470588,
0.166667,0.333333,
0.56,0.636364,
0.777778,0.869565,
0.55,0.733333,
0.642857,0.846154,
0.428571,0.545455,
0.857143,0.727273,
0.9,0.45,
0.633333,0.730769,
0.368421,0.625,
0.777778,0.714286,
0.631579,0.684211,
0.827586,0.913043,
0.666667,0.631579,
0.5,0.6,
0.608696,0.619048,
0.333333,0.538462,
0.384615,0.416667,
0.705882,0.916667,
0.5,0.684211,
0.684211,0.681818,
0.588235,0.529412,
0.357143,0.266667,
0.818182,0.708333,
0.666667,0.772727,
0.304348,0.5,
0.636364,0.466667,
0.76,0.655172,
0.461538,0.357143,
0.8125,0.684211,
0.142857,0.153846,
0.470588,0.75,
0.68,0.625,
0.62963,0.64,
0.428571,0.285714,
0.647059,0.631579,
0.461538,0.388889,
0.714286,0.588235,
0.705882,0.714286,
0.727273,0.666667,
0.357143,0.4,
0.5,0.333333,
0.692308,0.789474,
0.818182,0.642857,
0.666667,0.708333,
0.636364,0.636364,
0.625,0.62963,
0.75,0.916667,
0.733333,0.578947,
0.5,0.45,
0.75,0.954545,
0.608696,0.882353,
0.4,0.375,
0.708333,0.833333,
0.4,0.266667,
0.592593,0.625,
0.357143,0.357143,
0.5,0.473684,
0.533333,0.4,
0.7,0.933333,
0.833333,0.708333,
0.4,0.5625,
0.5,0.3125,
0.625,0.68,
0.533333,0.615385,
0.875,0.636364,
0.789474,0.666667,
0.769231,0.875,
0.6,0.625,
0.375,0.363636,
0.666667,0.73913,
0.4375,0.375,
0.4,0.545455,
0.764706,0.541667,
0.782609,0.666667,
0.285714,0.285714,
0.736842,0.590909,
0.384615,0.444444,
0.5,0.608696,
0.8,0.740741,
0.421053,0.5625,
0.6,0.5,
0.318182,0.333333,
0.884615,0.833333,
0.5,0.6,
0.677419,0.913043,
0.764706,0.666667,
0.84,0.84,
0.3125,0.294118,
0.857143,0.857143,
0.285714,0.285714,
0.642857,0.555556,
0.692308,0.666667,
0.416667,0.263158,
0.714286,0.45,
0.411765,0.466667,
0.5625,0.409091,
0.5,0.416667,
0.75,0.75,
0.615385,0.470588,
0.5,0.333333,
0.83871,0.870968,
0.764706,0.647059,
0.6,0.5,
0.727273,0.666667,
0.75,0.777778,
0.4,0.4,
0.785714,0.5,
0.764706,0.722222,
0,0,
0.823529,0.833333,
0.6875,0.666667,
0.75,0.888889,
0.363636,0.461538,
0.611111,0.785714,
0.777778,0.555556,
0.615385,0.5,
0.789474,0.782609,
0.684211,0.705882,
0.230769,0.333333,
0.869565,0.807692,
0.666667,0.72,
0.571429,0.571429,
0.538462,0.473684,
0.5,0.388889,
0.642857,0.714286,
0.590909,0.65,
0.619048,0.588235,
0.611111,0.533333,
0.4375,0.411765,
0.3125,0.5,
0.590909,0.681818,
0.4,0.62963,
0.533333,0.7,
0.5,0.571429,
0.65,0.636364,
0.6,0.592593,
0.5,0.421053,
0.785714,0.724138,
0.857143,0.73913,
0.5,0.444444,
0.9,0.866667,
0.631579,0.6,
0.647059,0.55,
0.444444,0.411765,
0.647059,0.52381,
0.583333,0.538462,
0.807692,0.807692,
0.678571,0.689655,
0.8,0.73913,
0.772727,0.809524,
0.4375,0.466667,
0.68,0.809524,
0.708333,0.823529,
0.529412,0.478261,
0.736842,0.666667,
0.545455,0.47619,
0.65,0.64,
0.6,0.7,
0.444444,0.75,
0.571429,0.444444,
0.666667,0.764706,
0.65,0.684211,
0.916667,0.814815,
0.666667,0.6875,
0.782609,0.75,
0.714286,0.652174,
0.7,0.814815,
0.545455,0.647059,
0.6,0.684211,
0.692308,0.692308,
0.772727,0.777778,
0.5,0.733333,
0.666667,0.730769,
0.777778,0.814815,
0.833333,0.833333,
0.888889,0.653846,
0.65,0.789474,
0.62069,0.551724,
0.8,0.705882,
0.76,0.708333,
0.857143,0.740741,
0.5625,0.5,
0.4,0.318182,
0.941176,0.76,
0.466667,0.461538,
0.8,0.619048,
0.392857,0.692308,
0.571429,0.3,
0.555556,0.666667,
0.466667,0.363636,
0.791667,0.75,
0.25,0.454545,
0.666667,0.7,
0.666667,0.578947,
0.666667,0.545455,
0.526316,0.521739,
0.708333,0.772727,
0.962963,0.928571,
0.294118,0.307692,
0.740741,0.894737,
0.518519,0.5,
0.285714,0.266667,
0.5,0.384615,
0.444444,0.5,
0.5,0.538462,
0.714286,0.695652,
0.555556,0.545455,
0.769231,0.740741,
0.4,0.5,
0.789474,0.761905,
0.533333,0.727273,
0.277778,0.266667,
0.666667,0.73913,
0.642857,0.894737,
0.666667,0.666667,
0.384615,0.444444,
0.3,0.25,
0.56,0.777778,
0.5,0.565217,
0.733333,0.555556,
0.590909,0.7,
0.571429,0.526316,
0.47619,0.666667,
0.73913,0.625,
0.947368,0.947368,
0.642857,0.8,
0.705882,0.65,
0.538462,0.6,
0.846154,0.923077,
0.73913,0.645161,
0.533333,0.5,
0.25,0.4,
0.5,0.647059,
0.666667,0.695652,
0.538462,0.692308,
0.666667,0.818182,
0.636364,0.7,
0.933333,0.703704,
0.941176,0.615385,
0.625,0.764706,
0.636364,0.761905,
0,0,
0.714286,0.842105,
0.766667,0.766667,
0.652174,0.714286,
0.5625,0.45,
0.62069,0.652174,
0.7,0.6,
0.583333,0.466667,
0.375,0.4,
0.357143,0.388889,
0.5,0.470588,
0.851852,0.833333,
0.705882,0.545455,
0.454545,0.47619,
0.416667,0.538462,
0.789474,0.678571,
0.956522,0.956522,
0.684211,0.714286,
0.789474,0.857143,
0.769231,0.730769,
0.772727,0.76,
0.470588,0.571429,
0.666667,0.571429,
0.555556,0.529412,
0.294118,0.357143,
0.545455,0.529412,
0.782609,0.8,
0.666667,0.72,
0.3,0.173913,
0.5,0.571429,
0.571429,0.647059,
0.368421,0.533333,
0.533333,0.533333,
0.631579,0.555556,
0.789474,0.714286,
0.823529,0.625,
0.9375,0.652174,
0.384615,0.454545,
0.636364,0.578947,
0.736842,0.565217,
0.411765,0.5,
0.642857,0.571429,
0.923077,0.636364,
0.55,0.75,
0.809524,0.692308,
0.583333,0.375,
0.5,0.5,
0.615385,0.4,
0.625,0.692308,
0.526316,0.647059,
0.619048,0.608696,
0.176471,0.2,
0.823529,0.608696,
0.571429,0.705882,
0.111111,0.0909091,
0.88,0.925926,
0.666667,0.571429,
0.526316,0.555556,
0.517241,0.571429,
0.75,0.764706,
0.647059,0.647059,
0.3125,0.375,
0.466667,0.6,
0.555556,0.692308,
0.7,0.566667,
0.454545,0.666667,
0.611111,0.684211,
0.5,0.571429,
0.3,0.25,
0.592593,0.708333,
0.45,0.733333,
0.454545,0.384615,
0.666667,0.68,
0.88,0.956522,
0.588235,0.55,
0.466667,0.470588,
0.818182,0.695652,
0.0714286,0.0833333,
0.724138,0.724138,
0.705882,0.833333,
0.827586,0.8,
0.555556,0.607143,
0.4375,0.636364,
0.8,0.73913,
0.333333,0.294118,
0.444444,0.4,
0.48,0.448276,
0.52,0.44,
0.636364,0.75,
0.636364,0.777778,
0.75,0.615385,
0.84,0.814815,
0.4,0.5,
0.958333,0.916667,
0.75,0.588235,
0.6,0.466667,
0.5625,0.588235,
0.821429,0.892857,
0.52381,0.631579,
0.84,0.84,
0.642857,0.380952,
0.285714,0.307692,
0.764706,0.705882,
0.6,0.6875,
0.636364,0.631579,
0.818182,0.62963,
0.526316,0.5,
0.5,0.714286,
0.782609,0.714286,
0.703704,0.833333,
0.4375,0.636364,
0.92,0.862069,
0.647059,0.565217,
0.3,0.416667,
0.368421,0.615385,
0.666667,0.761905,
0.8,0.888889,
0.470588,0.615385,
0.588235,0.764706,
0.333333,0.4375,
0.533333,0.363636,
0.555556,0.368421,
0.526316,0.473684,
0.631579,0.576923,
0.678571,0.653846,
0.52381,0.588235,
0.588235,0.47619,
0.666667,0.5,
0.517241,0.727273,
0.666667,0.526316,
0.652174,0.761905,
0.678571,0.727273,
0.454545,0.4,
0.909091,0.869565,
0.666667,0.727273,
0.821429,0.84,
0.923077,0.923077,
0.947368,0.689655,
0.444444,0.615385,
0,0,
0.655172,0.692308,
0.92,0.88,
0.826087,0.76,
0.466667,0.461538,
0.5625,0.6,
0.75,0.681818,
0.526316,0.47619,
0.590909,0.75,
0.619048,0.833333,
0.5,0.666667,
0.5625,0.421053,
0.615385,0.592593,
0.5,0.117647,
0.291667,0.35,
0.333333,0.333333,
0.72,0.782609,
0.25,0.214286,
0.85,0.85,
0.642857,0.526316,
0.428571,0.461538,
0.55,0.45,
0.3,0.25,
0.681818,0.6,
0.571429,0.444444,
0.538462,0.444444,
0.857143,0.884615,
0.363636,0.363636,
0.588235,0.666667,
0.454545,0.375,
0.416667,0.357143,
0.592593,0.791667,
0.538462,0.590909,
0.75,0.818182,
0.6,0.35,
0.769231,0.631579,
0.333333,0.4,
0.625,0.391304,
0.846154,0.777778,
0.8,0.68,
0.470588,0.391304,
0.652174,0.818182,
0.416667,0.363636,
0.833333,0.714286,
0.625,0.52381,
0.647059,0.764706,
0.4,0.4,
0.272727,0.25,
0.454545,0.625,
0.727273,0.708333,
0.823529,0.857143,
0.857143,0.833333,
0.526316,0.611111,
0.75,0.705882,
0.55,0.647059,
0.461538,0.571429,
0.545455,0.52381,
0.727273,0.72,
0.47619,0.666667,
0.5625,0.45,
0.222222,0.230769,
0.461538,0.375,
0.578947,0.481481,
0.470588,0.583333,
0.526316,0.75,
0.526316,0.4375,
0.642857,0.772727,
0.352941,0.75,
0.888889,0.842105,
0.75,0.521739,
0.5,0.45,
0.6875,0.5,
0.75,0.631579,
0.75,0.782609,
0.833333,0.789474,
0.684211,0.705882,
0.428571,0.611111,
0.88,0.724138,
0.722222,0.56,
0.62069,0.62069,
0.461538,0.461538,
0.625,0.444444,
0.538462,0.5,
0.466667,0.4,
0.6,0.833333,
0.4,0.266667,
0.695652,0.730769,
0.6,0.619048,
0.230769,0.333333,
0.333333,0.444444,
0.454545,0.5625,
0.72,0.576923,
0.666667,0.818182,
0.1,0.1,
0.625,0.588235,
0.615385,0.380952,
0.5,0.588235,
0.846154,0.6,
0.692308,0.615385,
0.846154,0.846154,
0.666667,0.619048,
0.730769,0.76,
0.555556,0.416667,
0.608696,0.571429,
0.666667,0.615385,
0.875,0.785714,
0.3125,0.5,
0.666667,0.842105,
0.25,0.266667,
0.266667,0.333333,
0.642857,0.947368,
0.73913,0.68,
0.6,0.625,
0.814815,0.846154,
0.833333,0.904762,
0.615385,0.8,
0.4,0.375,
0.666667,0.714286,
0.588235,0.636364,
0.6,0.55,
0.533333,0.352941,
0.88,0.916667,
0.625,0.909091,
0.7,0.736842,
0.636364,0.666667,
0.782609,0.62963,
0.727273,0.9375,
0.65,0.65,
0.625,0.611111,
0.578947,0.6,
0.411765,0.5625,
0.695652,0.708333,
0.714286,0.75,
0.3,0.3,
0.642857,0.5,
0.761905,0.8125,
0.535714,0.619048,
0.666667,0.909091,
0.947368,0.769231,
0.571429,0.478261,
0.75,0.615385,
0.52,0.5,
0.625,0.45,
0.517241,0.6,
0.285714,0.5,
0.333333,0.2,
0.592593,0.75,
0.5,0.666667,
0.473684,0.380952,
0.307692,0.285714,
0.565217,0.571429,
0.857143,0.96,
0.782609,0.68,
0.615385,0.571429,
0.454545,0.478261,
0.631579,0.714286,
0.391304,0.5,
0.466667,0.666667,
0.352941,0.428571,
0.684211,0.65,
0.588235,0.529412,
0.764706,0.764706,
0.75,0.826087,
0.375,0.272727,
0.466667,0.615385,
0.875,0.791667,
0.608696,0.8125,
0.655172,0.884615,
0.529412,0.421053,
0.62963,0.653846,
0.607143,0.809524,
0.625,0.6,
0.411765,0.352941,
0.695652,0.666667,
0.703704,0.619048,
0.307692,0.266667,
0.96875,0.96875,
0.777778,0.769231,
0.4,0.285714,
0.444444,0.444444,
0.846154,0.722222,
0.55,0.52381,
0.5,0.555556,
0.25,0.4,
0.24,0.666667,
0.619048,0.75,
0.533333,0.615385,
0.588235,0.6,
0.4,0.444444,
0.588235,0.526316,
0.761905,0.75,
0.791667,0.863636,
0.5,0.75,
0.125,0.1,
0.75,0.941176,
0.68,0.791667,
0.529412,0.6,
0.913043,0.84,
0.583333,0.636364,
0.666667,0.818182,
0.6,0.68,
0.625,0.444444,
0.636364,0.6875,
0.684211,0.8125,
0.818182,0.714286,
0.7,0.65,
0.6875,0.588235,
0.666667,0.65,
0.647059,0.571429,
0.5625,0.642857,
0.7,0.619048,
0.65,0.722222,
0.285714,0.266667,
0.4,0.5,
0.692308,0.85,
0.533333,0.583333,
0.875,0.875,
0.52,0.578947,
0.647059,0.666667,
0.777778,0.769231,
0.3,0.3,
0.655172,0.894737,
0.772727,0.666667,
0.75,0.714286,
0.73913,0.666667,
0.5625,0.642857,
0.333333,0.444444,
0.814815,0.888889,
0.583333,0.625,
0.5,0.5,
0.266667,0.363636,
0.384615,0.294118,
0.5625,0.642857,
0.884615,0.9,
0.857143,0.714286,
0.142857,0.4,
0.730769,0.730769,
0.733333,0.647059,
0.421053,0.571429,
0.571429,0.434783,
0.75,0.625,
0.5,0.5,
0.769231,0.705882,
0.44,0.681818,
0.846154,0.814815,
0.75,0.666667,
0.692308,0.5,
0.758621,0.708333,
0.85,0.809524,
0.777778,0.545455,
0.55,0.55,
0.5,0.538462,
0.545455,0.62963,
0.333333,0.428571,
0.363636,0.4,
0.5,0.470588,
0.454545,0.444444,
0.384615,0.6,
0.357143,0.428571,
0.88,0.884615,
0.533333,0.318182,
0.4,0.25,
0,0,
0.75,0.518519,
0.444444,0.6875,
0.444444,0.529412,
0.590909,0.481481,
0.277778,0.285714,
0.142857,0.111111,
0.789474,0.809524,
0.307692,0.333333,
0.6,0.538462,
0.5,0.352941,
0.565217,0.705882,
0.8,0.73913,
0.608696,0.571429,
0.666667,0.521739,
0.428571,0.411765,
0.32,0.875,
0.3,0.307692,
0.538462,0.461538,
0.461538,0.5,
0.416667,0.4,
0.592593,0.64,
0.842105,0.76,
0.642857,0.75,
0.8,0.8,
0.571429,0.5,
0.785714,0.611111,
0.586207,0.727273,
0.363636,0.307692,
0.583333,0.411765,
0.4,0.222222,
0.758621,0.821429,
0.461538,0.461538,
0.740741,0.863636,
0.3,0.272727,
0.461538,0.533333,
0.52381,0.5,
0.533333,0.666667,
0.684211,0.777778,
0.894737,0.678571,
0.782609,0.76,
0.647059,0.6875,
0.428571,0.6,
0.888889,0.821429,
0.3,0.357143,
0.631579,0.736842,
0.538462,0.555556,
0.3,0.368421,
0.5,0.47619,
0.947368,0.818182,
0.333333,0.4,
0.782609,0.8125,
0.666667,0.5,
0.545455,0.521739,
0.5,0.571429,
0.681818,0.652174,
0.666667,0.923077,
0.851852,0.766667,
0.6,0.6875,
0.833333,0.708333,
0.5,0.2,
0.826087,0.76,
0.826087,0.8,
0.4375,0.4375,
0.210526,0.285714,
0.5,0.764706,
0.285714,0.285714,
0.68,0.941176,
0.55,0.785714,
0.722222,0.8125,
0.722222,0.761905,
0.75,0.8125,
0.695652,0.722222,
0.307692,0.2,
0.789474,0.736842,
0.333333,0.25,
0,0,
0.52381,0.45,
0.571429,0.785714,
0.68,0.708333,
0.642857,0.73913,
0.5,0.466667,
0.833333,0.9,
0.736842,0.652174,
0.6,0.571429,
0.526316,0.647059,
0.307692,0.357143,
0.72,0.576923,
0.619048,0.541667,
0.740741,0.821429,
0.62963,0.782609,
0.85,0.695652,
0.5625,0.428571,
0.545455,0.615385,
0.521739,0.666667,
0.809524,0.64,
0.352941,0.521739,
0.384615,0.526316,
0.625,0.285714,
0.5,0.37931,
0.863636,0.708333,
0,0,
0.4,0.583333,
0.384615,0.230769,
0.730769,0.68,
0.8125,0.736842,
0.375,0.294118,
0.55,0.434783,
0.727273,0.615385,
0.615385,0.444444,
0.647059,0.461538,
0.666667,0.785714,
0,0,
0.5,0.538462,
0.384615,0.352941,
0.777778,0.769231,
0.454545,0.357143,
0.925926,0.866667,
0.565217,0.666667,
0.411765,0.5,
0.5,0.428571,
0.666667,0.72,
0.722222,0.692308,
0.842105,0.653846,
0.842105,0.653846,
0.142857,0.0769231,
0.684211,0.555556,
0.384615,0.266667,
0.444444,0.5,
0.740741,0.772727,
0.45,0.473684,
0.541667,0.647059,
0.666667,0.681818,
0.642857,0.444444,
0.68,0.7,
0.8,0.846154,
0.888889,0.708333,
0.294118,0.416667,
0.708333,0.842105,
0.958333,0.793103,
0.5,0.444444,
0.55,0.666667,
0.833333,0.821429,
0.75,0.777778,
0.588235,0.666667,
0.736842,0.8,
0.642857,0.85,
0.708333,0.9,
0.764706,0.65,
0,0,
0.5,0.423077,
0.611111,0.56,
0.583333,0.4375,
0.533333,0.5,
0.631579,0.692308,
0.5,0.583333,
0.8125,0.681818,
0.434783,0.578947,
0.823529,0.608696,
0.894737,0.826087,
0.333333,0.52381,
0.333333,0.4,
0.76,0.896552,
0.809524,0.703704,
0.692308,0.526316,
0.5,0.407407,
0.607143,0.789474,
0.611111,0.65,
0.652174,0.722222,
0.466667,0.636364,
0.666667,0.611111,
0.714286,0.666667,
0.5,0.384615,
0.538462,0.538462,
0.703704,0.833333,
0.666667,0.8,
0.923077,0.857143,
0.642857,0.533333,
0.555556,0.611111,
0.809524,0.782609,
0.75,0.857143,
0.636364,0.684211,
0.923077,0.777778,
0.608696,0.684211,
0.875,0.793103,
0.4,0.307692,
0.625,0.555556,
0.307692,0.333333,
0.652174,0.64,
0.833333,0.740741,
0.583333,0.761905,
0.52381,0.521739,
0.5,0.45,
0.52,0.482759,
0.388889,0.416667,
0.55,0.5,
0.625,0.5,
0.653846,0.692308,
0.8,0.777778,
0.444444,0.363636,
0.578947,0.625,
0.695652,0.695652,
0.72,0.894737,
0.5,0.421053,
0.444444,0.615385,
0.76,0.689655,
0.47619,0.611111,
0.714286,0.526316,
0.473684,0.625,
0.806452,0.818182,
0.75,0.809524,
0.76,0.818182,
0.6,0.6,
0.75,0.904762,
0.47619,0.65,
0.461538,0.583333,
0.941176,0.9375,
0.470588,0.5,
0.571429,0.571429,
0.653846,0.809524,
0.6,0.736842,
0.37931,0.444444,
0.2,0.166667,
0.678571,0.68,
0.705882,0.608696,
0.714286,0.823529,
0.277778,0.277778,
0.892857,0.8,
0.5,0.421053,
0.592593,0.695652,
0.461538,0.5,
0.642857,0.75,
0.684211,0.866667,
0.8,0.925926,
0.333333,0.4,
0.538462,0.4375,
0.785714,0.785714,
0.586207,0.592593,
0.619048,0.583333,
0.526316,0.6,
0.789474,0.666667,
0.5,0.277778,
0.571429,0.666667,
0.357143,0.333333,
0.52381,0.666667,
0.666667,0.818182,
0.684211,0.8,
0.411765,0.583333,
0.75,0.782609,
0.5,0.6,
0.678571,0.777778,
0.72,0.894737,
0.909091,0.76,
0.714286,0.866667,
0.761905,0.68,
0.444444,0.333333,
0.5,0.714286,
0.933333,0.833333,
0.875,0.652174,
0.692308,0.5,
0.421053,0.444444,
0.846154,0.611111,
0.352941,0.461538,
0.529412,0.4375,
0.888889,0.607143,
0.5,0.5,
0.4,0.0333333,
0.590909,0.875,
0.769231,0.714286,
0.571429,0.526316,
0.466667,0.4375,
0.652174,0.666667,
0.533333,0.4375,
0.772727,0.695652,
0.789474,0.772727,
0.625,0.555556,
0.772727,0.75,
0.722222,0.833333,
0.411765,0.315789,
0.4,0.625,
0.625,0.571429,
0.62069,0.782609,
0.9,0.84,
0.666667,0.6,
0.555556,0.8,
0.5,0.461538,
0.692308,0.777778,
0.588235,0.533333,
0.545455,0.6,
0.75,0.666667,
0.571429,0.625,
0.428571,0.65,
0.588235,0.434783,
0.714286,0.6875,
0.645161,0.72,
0.388889,0.470588,
0.708333,0.894737,
0.730769,0.869565,
0.571429,0.611111,
0.266667,0.230769,
0.666667,0.777778,
0.590909,0.684211,
0.333333,0.263158,
0.153846,0.153846,
0.5,0.4,
0.533333,0.333333,
0.368421,0.5,
0.769231,0.9,
0.769231,0.75,
0.85,0.772727,
0.142857,0.1,
0.85,0.818182,
0.75,0.703704,
0.318182,0.375,
0.769231,0.863636,
0.538462,0.352941,
0.6,0.769231,
0.769231,0.95,
0.363636,0.5,
0.4,0.461538,
0.611111,0.428571,
0.791667,0.678571,
0.75,0.789474,
0.615385,0.833333,
0.727273,0.529412,
0.454545,0.363636,
0.708333,0.740741,
0.461538,0.533333,
0.65,0.928571,
0.266667,0.416667,
0.428571,0.642857,
0.5625,0.75,
0.307692,0.25,
0.791667,0.875,
0.7,0.8,
0.434783,0.380952,
0.416667,0.266667,
0.72,0.833333,
0.5,0.611111,
0.666667,0.666667,
0.636364,0.619048,
0.909091,0.769231,
0.666667,0.65,
0.736842,0.518519,
0.653846,0.68,
0.307692,0.3125,
0.769231,0.8,
0.583333,0.636364,
0.703704,0.791667,
0.909091,0.833333,
0.466667,0.615385,
0.538462,0.636364,
0.478261,0.681818,
0.789474,0.8125,
0.590909,0.52,
0.307692,0.555556,
0.7,0.7,
0.666667,0.75,
0.666667,0.636364,
0.833333,0.615385,
0.5625,0.615385,
0.75,0.590909,
0.8,0.75,
0.761905,0.76,
0.55,0.578947,
0.56,0.428571,
0.363636,0.533333,
0.807692,0.846154,
0.782609,0.68,
0.642857,0.470588,
0.722222,0.65,
0.703704,0.782609,
0.666667,0.5,
0.631579,0.588235,
0.727273,0.833333,
0.551724,0.730769,
0.583333,0.684211,
0.478261,0.578947,
0.466667,0.411765,
0.4,0.2,
0.375,0.545455,
0.666667,0.666667,
0.75,0.590909,
0.5625,0.5,
0.3125,0.5,
0,0,
0.666667,0.464286,
0.636364,0.789474,
0.736842,0.578947,
0.5,0.4375,
0.5625,0.666667,
0.285714,0.363636,
0.76,0.7,
0.588235,0.714286,
0.666667,0.666667,
0.285714,0.625,
0.8,0.772727,
0.809524,0.653846,
0.736842,0.85,
0.772727,0.761905,
0.888889,0.8,
0.8,0.8,
0.222222,0.157895,
0.68,0.72,
0.846154,0.869565,
0.428571,0.444444,
0.833333,0.777778,
0.333333,0.588235,
0.862069,0.931034,
0.647059,0.533333,
0.611111,0.578947,
0.578947,0.666667,
0.571429,0.592593,
0.666667,0.45,
0.5,0.32,
0.727273,0.75,
0.653846,0.653846,
0.705882,0.909091,
0.764706,0.545455,
0.833333,0.896552,
0.833333,0.73913,
0.68,0.708333,
0.666667,0.631579,
0.666667,0.625,
0.181818,0.2,
0.85,0.9,
0.285714,0.352941,
0.65,0.615385,
0.4375,0.4375,
0.7,0.533333,
0.48,0.75,
0.894737,0.703704,
0.761905,0.761905,
0.5,0.368421,
0.76,0.814815,
0.434783,0.470588,
0.740741,0.84,
0.684211,0.611111,
0.5,0.6,
0.714286,0.631579,
0.4375,0.45,
0.826087,0.944444,
0.518519,0.5,
0.590909,0.482759,
0,0,
0.846154,0.75,
0.653846,0.703704,
0.333333,0.3125,
0.470588,0.642857,
0.272727,0.37037,
0.592593,0.62069,
0.3,0.25,
0.555556,0.666667,
0.454545,0.363636,
0.571429,0.56,
0.571429,0.8,
0.76,0.72,
0.764706,0.65,
0.578947,0.7,
0.625,0.769231,
0.4375,0.466667,
0.5,0.1875,
0.272727,0.272727,
0.642857,0.6875,
0.454545,0.333333,
0.782609,0.619048,
0.727273,0.411765,
0.888889,0.862069,
0.222222,0.2,
0.692308,0.625,
0.636364,0.7,
0.740741,0.857143,
0.761905,0.764706,
0.590909,0.482759,
0.647059,0.75,
0.684211,0.866667,
0.740741,0.8,
0.615385,0.652174,
0.535714,0.85,
0.705882,0.684211,
0.368421,0.444444,
0.866667,0.75,
0.555556,0.588235,
0.571429,0.611111,
0.578947,0.75,
0.9,0.9,
0.576923,0.56,
0.761905,0.789474,
0.785714,0.7,
0.653846,0.857143,
0.722222,0.708333,
0.333333,0.444444,
0.428571,0.545455,
0.714286,0.533333,
0.571429,0.736842,
0.708333,0.7,
0.722222,0.727273,
0,0,
0.666667,0.608696,
0.692308,0.666667,
0.3125,0.333333,
0.55,0.631579,
0.666667,0.785714,
0.608696,0.541667,
0.5,0.666667,
0.5,0.75,
0.88,0.826087,
0.782609,0.807692,
0.5,0.636364,
0.545455,0.466667,
0.68,0.636364,
0.55,0.5,
0.782609,0.807692,
0.565217,0.8125,
0.454545,0.5,
0.652174,0.708333,
0.842105,0.695652,
0.791667,0.863636,
0.5625,0.7,
0.45,0.473684,
0.296296,0.611111,
0.809524,0.72,
0.578947,0.647059,
0.461538,0.6,
0.6,0.666667,
0.421053,0.411765,
0.454545,0.307692,
0.708333,0.586207,
0.8,0.6,
0.84,0.724138,
0.789474,0.695652,
0.631579,0.666667,
0.5625,0.533333,
0.636364,0.481481,
0.709677,0.846154,
0.473684,0.533333,
0.642857,0.388889,
0.736842,0.736842,
0.5,0.368421,
0.666667,0.730769,
0.5,0.380952,
0.428571,0.4,
0.625,0.714286,
0.454545,0.636364,
0.882353,0.695652,
0.764706,0.857143,
0.814815,0.724138,
0.5,0.5,
0.5,0.714286,
0.307692,0.466667,
0.647059,0.75,
0.615385,0.75,
0.65,0.65,
0.535714,0.666667,
0.636364,0.608696,
0.5,0.428571,
0.692308,0.666667,
0.285714,0.235294,
0.8,0.769231,
0.3,0.384615,
0.64,0.818182,
0.666667,0.666667,
0.363636,0.444444,
0.214286,0.235294,
0.55,0.52,
0.72,0.944444,
0.153846,0.166667,
0.842105,0.68,
0.851852,0.821429,
0.714286,0.588235,
0.807692,0.909091,
0.576923,0.75,
0.583333,0.823529,
0.368421,0.375,
0.8,0.529412,
0.551724,0.571429,
0.5,0.333333,
0.962963,0.962963,
0.586207,0.791667,
0.92,0.814815,
0.684211,0.541667,
0.75,0.454545,
0.75,0.875,
0.894737,0.708333,
0.923077,0.88,
0.25,0.214286,
0.357143,0.4,
0.846154,0.84,
0.692308,0.703704,
0.4,0.625,
0.333333,0.227273,
0.481481,0.590909,
0.470588,0.5,
0.823529,0.916667,
0.619048,0.684211,
0.807692,0.666667,
0.0769231,0.0833333,
0.375,0.333333,
0.6875,0.625,
0.769231,0.894737,
0.681818,0.75,
0.809524,0.857143,
0.703704,0.904762,
0.85,0.826087,
0,0,
0.56,0.789474,
0.466667,0.727273,
0.555556,0.416667,
0.714286,0.65,
0.85,0.782609,
0.736842,0.75,
0.458333,0.433333,
0.875,0.875,
0.333333,0.4375,
0.333333,0.307692,
0.409091,0.533333,
0.714286,0.608696,
0.76,0.809524,
0.357143,0.25,
0.75,0.730769,
0.25,0.333333,
0.6,0.5,
0.652174,0.576923,
0.653846,0.809524,
0.454545,0.583333,
0.8,0.789474,
0.76,0.75,
0.636364,0.538462,
0.5,0.4375,
0.846154,0.823529,
0.4375,0.533333,
0.647059,0.588235,
0.76,0.678571,
0.357143,0.333333,
0.434783,0.588235,
0.730769,0.772727,
0.736842,0.652174,
0.785714,0.6,
0.777778,0.777778,
0.5625,0.368421,
0.333333,0.352941,
0.666667,0.44,
0.714286,0.8,
0.733333,0.6,
0.482759,0.555556,
0.689655,0.909091,
0.842105,0.809524,
0.833333,0.95,
0.266667,0.363636,
0,0,
0.727273,0.6,
0.25,0.25,
0.384615,0.333333,
0.6875,0.769231,
0.333333,0.25,
0.941176,0.727273,
0.85,0.8,
0.869565,0.714286,
0.647059,0.578947,
0.96,0.888889,
0.666667,0.583333,
0.846154,0.814815,
0.533333,0.571429,
0.884615,0.714286,
0.92,0.958333,
0.551724,0.681818,
0.740741,0.758621,
0.363636,0.222222,
0.8,0.727273,
0.772727,0.68,
0.76,0.769231,
0.923077,0.684211,
0.535714,0.75,
0.3125,0.5,
0.64,0.818182,
0.666667,0.666667,
0.703704,0.818182,
0.5,0.8125,
0.5,0.5625,
0.470588,0.352941,
0.73913,0.678571,
0.769231,0.769231,
0.571429,0.545455,
0.333333,0.266667,
0.636364,0.590909,
0.75,0.681818,
0.619048,0.764706,
0.541667,0.64,
0.375,0.470588,
0.533333,0.5,
0.73913,0.782609,
0.705882,0.65,
0.611111,0.529412,
0.818182,0.95,
0.5,0.625,
0.684211,0.56,
0.6,0.75,
0.85,0.84,
0.428571,0.466667,
0.25,0.25,
0.357143,0.277778,
0.882353,0.85,
0.705882,0.571429,
0.642857,0.583333,
0.6,0.611111,
0.727273,0.666667,
0.583333,0.642857,
0.761905,0.615385,
0.615385,0.368421,
0.692308,0.764706,
0.454545,0.416667,
0.736842,0.882353,
0.785714,0.875,
0.75,0.882353,
0.857143,0.666667,
0.6,0.666667,
0.333333,0.307692,
0.428571,0.461538,
0.8,0.222222,
0.666667,0.611111,
0.814815,0.875,
0.578947,0.444444,
0.925926,0.8,
0.692308,0.777778,
0.555556,0.592593,
0.727273,0.692308,
0.8125,0.833333,
0.782609,0.72,
0.5625,0.818182,
0.714286,0.782609,
0.55,0.642857,
0.5,0.615385,
0.875,0.846154,
0.681818,0.6,
0.538462,0.411765,
0.64,0.727273,
0.666667,0.7,
0.526316,0.666667,
0.5,0.545455,
0.222222,0.166667,
0.68,0.73913,
0.4,0.363636,
0.608696,0.705882,
0.928571,0.684211,
0.4,0.25,
0.565217,0.619048,
0,0,
0.75,0.5,
0.791667,0.642857,
0.526316,0.45,
0.740741,0.703704,
0.52381,0.647059,
0.64,0.642857,
0.708333,0.73913,
0.571429,0.8125,
0.761905,0.705882,
0.684211,0.55,
0.642857,0.809524,
0.777778,0.818182,
0.75,0.842105,
0.454545,0.357143,
0.333333,0.6,
0.869565,0.714286,
0.647059,0.444444,
0.608696,0.823529,
0.8,0.84,
0.5,0.25,
0.4375,0.4375,
0.785714,0.8,
0.461538,0.470588,
0.625,0.769231,
0.571429,0.526316,
0.9,0.678571,
0.823529,0.625,
0.3,0.25,
0.636364,0.588235,
0.181818,0.25,
0.444444,0.35,
0.65,0.466667,
0.625,0.761905,
0.615385,0.5,
0.692308,0.533333,
0.4375,0.461538,
0.666667,0.642857,
0.4,0.642857,
0.461538,0.363636,
0.666667,0.619048,
0.384615,0.333333,
0.75,0.944444,
0.75,0.722222,
0.857143,0.571429,
0.75,0.8,
0.909091,0.913043,
0.428571,0.714286,
0.827586,0.931034,
0.615385,0.428571,
0.6,0.545455,
0.785714,0.705882,
0.526316,0.615385,
0.4375,0.5,
0.5,0.647059,
0.6,0.631579,
0.615385,0.533333,
0.454545,0.5,
0.761905,0.708333,
0.869565,0.826087,
0.75,0.666667,
0.730769,0.769231,
0.583333,0.470588,
0.722222,0.583333,
0.85,0.85,
0.611111,0.733333,
0.65,0.538462,
0.444444,0.583333,
0.909091,0.75,
0.5,0.384615,
0.363636,0.25,
0.703704,0.689655,
0.947368,0.777778,
0.545455,0.733333,
0.545455,0.538462,
0.818182,0.76,
0.388889,0.4375,
0.608696,0.7,
0.64,0.608696,
0.52381,0.611111,
0.727273,0.761905,
0.642857,0.571429,
0.466667,0.411765,
0.529412,0.4,
0.176471,0.214286,
0.833333,0.666667,
0.947368,0.76,
0.588235,0.409091,
0.526316,0.631579,
0.214286,0.230769,
0.535714,0.631579,
0.307692,0.285714,
0.333333,0.3125,
0.642857,0.611111,
0.466667,0.538462,
0.8,0.619048,
0.8,0.72,
0.952381,0.952381,
0.588235,0.5,
0.714286,0.692308,
0.64,0.947368,
0.954545,0.956522,
0.95,0.9,
0.571429,0.615385,
0.857143,0.851852,
0.833333,0.607143,
0.454545,0.277778,
0.333333,0.333333,
0.62963,0.631579,
0.578947,0.473684,
0.851852,0.884615,
0.714286,0.588235,
0.666667,0.695652,
0.653846,0.818182,
0.5625,0.526316,
0.470588,0.666667,
0.65,0.777778,
0.461538,0.5,
0.666667,0.65,
0.5,0.5,
0.736842,0.8,
0.551724,0.52,
0.7,0.833333,
0.55,0.4,
0.625,0.666667,
0.333333,0.4375,
0.538462,0.533333,
0.62963,0.65,
0.583333,0.666667,
0.857143,0.821429,
0.730769,0.76,
0.294118,0.166667,
0.583333,0.411765,
0.708333,0.875,
0.869565,0.730769,
0.272727,0.4,
0.416667,0.333333,
0.6,0.55,
0.925926,0.766667,
0.4,0.461538,
0.6,0.6,
0.807692,0.8,
0.588235,0.588235,
0.666667,0.6875,
0.807692,0.714286,
0.526316,0.5,
0.578947,0.785714,
0.631579,0.764706,
0.461538,0.444444,
0.529412,0.470588,
0.727273,0.8125,
0.611111,0.733333,
0.6,0.583333,
0.714286,0.555556,
0.62963,0.64,
0.666667,0.535714,
0.266667,0.428571,
0.666667,0.565217,
0.6,0.8,
0.789474,0.923077,
0.3,0.272727,
0.608696,0.55,
0.461538,0.388889,
0.636364,0.65,
0.55,0.705882,
0.470588,0.529412,
0.5,0.565217,
0.111111,0.0909091,
0.125,0.0909091,
0.384615,0.384615,
0.5,0.545455,
0.740741,0.826087,
0.727273,0.941176,
0.636364,0.5625,
0.526316,0.428571,
0.8,0.76,
0.5,0.5,
0.666667,0.647059,
0.782609,0.761905,
0,0,
0.5,0.52381,
0.444444,0.434783,
0.68,0.695652,
0.952381,0.857143,
0.863636,0.714286,
0.428571,0.375,
0.545455,0.8,
0.428571,0.5,
0.333333,0.538462,
0.791667,0.666667,
0.5,0.5,
0.4,0.473684,
0.916667,0.642857,
0.5,0.62963,
0.88,0.909091,
0.388889,0.538462,
0.6,0.5,
0.571429,0.428571,
0.478261,0.631579,
0.611111,0.578947,
0.652174,0.625,
0.647059,0.52381,
0.3,0.230769,
0.821429,0.821429,
0.695652,0.826087,
0.578947,0.733333,
0.888889,0.842105,
0.5,0.448276,
0.962963,0.962963,
0.892857,0.92,
0.56,0.722222,
0.565217,0.75,
0.470588,0.352941,
0.4375,0.461538,
0.722222,0.684211,
0.6,0.5,
0.6,0.666667,
0.608696,0.7,
0.521739,0.666667,
0.761905,0.695652,
0.684211,0.538462,
0.631579,0.777778,
0.916667,0.6875,
0.384615,0.333333,
0.583333,0.5,
0.384615,0.384615,
0.7,0.588235,
0.466667,0.411765,
0.6,0.64,
0.4,0.5,
0.642857,0.55,
0.72,0.653846,
0.75,0.576923,
0.421053,0.466667,
0.631579,0.875,
0.444444,0.692308,
0.375,0.6875,
0.882353,0.636364,
0.666667,0.565217,
0,0,
0.6,0.454545,
0.692308,0.857143,
0.652174,0.571429,
0.666667,0.857143,
0.653846,0.692308,
0.55,0.666667,
0.827586,0.875,
0.545455,0.571429,
0.272727,0.272727,
0.88,0.8,
0.5,0.666667,
0.625,0.7,
0.538462,0.764706,
0.428571,0.416667,
0.478261,0.666667,
0.92,0.827586,
0.777778,0.619048,
0.678571,0.827586,
0.4,0.571429,
0.666667,0.684211,
0.333333,0.4,
0.421053,0.583333,
0.636364,0.727273,
0.357143,0.357143,
0.909091,0.95,
0.619048,0.545455,
0.266667,0.266667,
0.473684,0.75,
0.875,0.857143,
0.2,0.222222,
0.481481,0.65,
0.821429,0.766667,
0.5625,0.4375,
0.4,0.333333,
0.821429,0.793103,
0.727273,0.708333,
0.821429,0.928571,
0.96,0.870968,
0.428571,0.3,
0.8,0.826087,
0.75,0.8,
0.5625,0.5625,
0.625,0.526316,
0.352941,0.5,
0.3,0.4,
0.521739,0.526316,
0.72,0.590909,
0.411765,0.583333,
0.55,0.55,
0.529412,0.416667,
0.375,0.470588,
0.555556,0.642857,
0.5,0.5,
0.521739,0.733333,
0.25,0.272727,
0.727273,0.789474,
0.730769,0.95,
0.736842,0.590909,
0.730769,0.772727,
0.821429,0.793103,
0.736842,0.666667,
0.666667,0.666667,
0.666667,0.5,
0.714286,0.666667,
0.48,0.666667,
0.458333,0.454545,
0.7,0.652174,
0.777778,0.666667,
0.75,0.666667,
0.642857,0.666667,
0.6,0.65,
0.761905,0.727273,
0.5,0.588235,
0.52381,0.6875,
0.647059,0.647059,
0.529412,0.555556,
0.384615,0.357143,
0.772727,0.913043,
0.590909,0.545455,
0.7,0.823529,
0.357143,0.388889,
0.571429,0.8125,
0.692308,0.681818,
0.565217,0.5,
0.777778,0.709677,
0.4,0.5,
0.935484,0.903226,
0.689655,0.8,
0.6,0.722222,
0.76,0.857143,
0.722222,0.75,
0.625,0.545455,
0.4,0.166667,
0.636364,0.875,
0.538462,0.541667,
0.5,0.666667,
0.692308,0.588235,
0.416667,0.555556,
0.5,0.586207,
0.473684,0.307692,
0.826087,0.548387,
0.266667,0.214286,
0.555556,0.384615,
0.466667,0.466667,
0.529412,0.5625,
0.588235,0.545455,
0.636364,0.736842,
0.75,0.681818,
0.666667,0.6875,
0,0,
0.611111,0.666667,
0.736842,0.65,
0.764706,0.652174,
0.666667,0.705882,
0.944444,0.72,
0.727273,0.571429,
0.681818,0.681818,
0.333333,0.25,
0.647059,0.611111,
0.428571,0.647059,
0.722222,0.590909,
0.588235,0.727273,
0.421053,0.533333,
0.84,0.76,
0.181818,0.2,
0,0,
0.357143,0.384615,
0.851852,0.785714,
0.8125,0.458333,
0.875,0.75,
0.863636,0.869565,
0.857143,0.703704,
0.590909,0.541667,
0.642857,0.5625,
0.913043,0.913043,
0.842105,0.636364,
0.730769,0.894737,
0.222222,0.181818,
0.8125,0.444444,
0.722222,0.692308,
0.666667,0.842105,
0.333333,0.461538,
0.714286,0.647059,
0.692308,0.62069,
0.555556,0.526316,
0.615385,0.636364,
0.7,0.722222,
0.692308,0.818182,
0.380952,0.444444,
0.740741,0.774194,
0.25,0.3,
0.62963,0.666667,
0.588235,0.619048,
0.416667,0.4,
0.733333,0.578947,
0.590909,0.681818,
0.708333,0.708333,
0.666667,0.75,
0.333333,0.388889,
0.5,0.666667,
0.4375,0.4375,
0.285714,0.277778,
0.5,0.473684,
0.588235,0.5,
0.5,0.375,
0.526316,0.555556,
0.666667,0.666667,
0.807692,0.782609,
0.333333,0.4,
0.588235,0.571429,
0.571429,0.45,
0.5,0.333333,
0.590909,0.5,
0.1875,0.3125,
0.666667,0.611111,
0.909091,0.75,
0.84,0.875,
0.833333,0.764706,
0.791667,0.76,
0.727273,0.777778,
0.363636,0.444444,
0.64,0.75,
0.555556,0.5,
0.333333,0.357143,
0.647059,0.578947,
0.7,0.615385,
0.294118,0.461538,
0.3,0.3,
0.8,0.55,
0.733333,0.95,
0.615385,0.666667,
0.678571,0.809524,
0.166667,0.125,
0.666667,0.708333,
0.538462,0.5,
0.758621,0.777778,
0.333333,0.428571,
0.357143,0.454545,
0.5,0.421053,
0.580645,0.586207,
0.818182,0.785714,
0.793103,0.791667,
0.25,0.181818,
0.85,0.863636,
0.583333,0.8,
0.571429,0.705882,
0.85,0.692308,
0.611111,0.692308,
0.526316,0.714286,
0.884615,0.857143,
0.642857,0.75,
0.56,0.684211,
0.642857,0.7,
0.791667,0.586207,
0.428571,0.5625,
0.733333,0.684211,
0.75,0.647059,
0.333333,0.25,
0.625,0.769231,
0.538462,0.473684,
0.809524,0.789474,
0.375,0.419355,
0,0,
0.958333,0.827586,
0.772727,0.714286,
0.588235,0.545455,
0.714286,0.684211,
0.708333,0.655172,
0.615385,0.533333,
0.6875,0.6875,
0.368421,0.388889,
0.653846,0.607143,
0.666667,0.625,
0.823529,0.736842,
0.533333,0.588235,
0.470588,0.571429,
0.75,0.777778,
0.4,0.555556,
0.666667,0.75,
0.551724,0.518519,
0.727273,0.875,
0.555556,0.571429,
0.470588,0.444444,
0.869565,0.740741,
0.761905,0.625,
0.714286,0.444444,
0.809524,0.809524,
0.666667,0.526316,
0.611111,0.55,
0.55,0.625,
0.473684,0.428571,
0.722222,0.555556,
0.538462,0.368421,
0.791667,0.73913,
0.84,0.769231,
0.375,0.647059,
0.652174,0.615385,
0.722222,0.736842,
0.391304,0.444444,
0.809524,0.692308,
0.941176,0.941176,
0.75,0.653846,
0.333333,0.4,
0.388889,0.533333,
0.95,0.642857,
0.454545,0.363636,
0.764706,0.526316,
0.75,0.611111,
0.608696,0.607143,
0.529412,0.444444,
0.45,0.454545,
0.3,0.375,
0.222222,0.357143,
0.333333,0.384615,
0.809524,0.76,
0.5,0.5,
0.6,0.857143,
0.888889,0.92,
0.714286,0.6,
0.473684,0.769231,
0.619048,0.588235,
0.45,0.538462,
0.684211,0.6875,
0.8,0.565217,
0.75,0.7,
0.730769,0.777778,
0.769231,0.782609,
0.583333,0.833333,
0.8,0.653846,
0.238095,0.333333,
0.6875,0.769231,
0.740741,0.833333,
0.764706,0.625,
0.588235,0.545455,
0.666667,0.611111,
0.555556,0.65,
0.740741,0.913043,
0.230769,0.375,
0.684211,0.652174,
0.833333,0.75,
0.583333,0.75,
0.666667,0.615385,
0.8,0.88,
0.75,0.615385,
0.75,0.5,
0.65,0.647059,
0.826087,0.642857,
0.814815,0.666667,
0.777778,0.952381,
0.65,0.705882,
0.842105,0.714286,
0.642857,0.5,
0.714286,0.75,
0.7,0.64,
0.636364,0.636364,
0.722222,0.521739,
0.4,0.571429,
0.5,0.4375,
0.653846,0.555556,
0.631579,0.5,
0.466667,0.411765,
0.75,0.545455,
0.5625,0.5625,
0.678571,0.842105,
0.68,0.95,
0.526316,0.529412,
0.4,0.315789,
0.869565,0.8,
0.961538,0.814815,
0.222222,0.222222,
0.5,0.461538,
0.666667,0.578947,
0.636364,0.652174,
0,0,
0.714286,0.72,
0.615385,0.772727,
0,0,
0.869565,0.869565,
0.545455,0.611111,
0.904762,0.75,
0.368421,0.466667,
0.8,0.6,
0.1875,0.25,
0.285714,0.416667,
0.421053,0.571429,
0.8,0.695652,
0.45,0.6,
0.588235,0.611111,
0.6,0.466667,
0.647059,0.52381,
0.8,0.714286,
0.5,0.1875,
0.176471,0.2,
0.25,0.266667,
0.714286,0.857143,
0.666667,0.652174,
0.454545,0.5625,
0.75,0.7,
0.703704,0.64,
0.62963,0.857143,
0.904762,0.730769,
0.5625,0.692308,
0.933333,0.870968,
0.84,0.952381,
0.791667,0.695652,
0,0,
0.5625,0.5,
0.888889,0.73913,
0.833333,0.85,
0.8,0.47619,
0.2,0.25,
0.862069,0.8,
0.521739,0.8,
0.689655,0.730769,
0.944444,0.714286,
0.733333,0.6,
0.636364,0.565217,
0.47619,0.588235,
0.5,0.75,
0.85,0.677419,
0.777778,0.952381,
0.769231,0.76,
0.5,0.466667,
0.25,0.166667,
0.478261,0.5,
0.857143,0.8,
0.777778,0.724138,
0.5,0.5,
0.875,0.923077,
0.466667,0.444444,
0.461538,0.666667,
0.384615,0.416667,
0.9,0.92,
0.615385,0.470588,
0,0,
0.4,0.384615,
0.2,0.5,
0.4375,0.411765,
0.714286,0.75,
0.947368,0.730769,
0.789474,0.823529,
0.6,0.866667,
0.421053,0.666667,
0.62963,0.944444,
0.4,0.375,
0.666667,0.590909,
0.666667,0.736842,
0.625,0.736842,
0.5,0.4,
0.8,0.814815,
0.73913,0.772727,
0.869565,0.833333,
0.631579,0.722222,
0.625,0.454545,
0.789474,0.8125,
0.384615,0.333333,
0.7,0.789474,
0.8,0.846154,
0.894737,0.8,
0.631579,0.65,
0.642857,0.5,
0.625,0.5,
0.666667,0.75,
0.619048,0.545455,
0.653846,0.730769,
0.666667,0.8,
0.388889,0.533333,
0.4,0.428571,
0.526316,0.6,
0.73913,0.842105,
0.818182,0.809524,
0.818182,0.5625,
0.625,0.736842,
0.689655,0.826087,
0.647059,0.454545,
0.625,0.571429,
0.470588,0.285714,
0.6,0.590909,
0.611111,0.625,
0.428571,0.529412,
0.730769,0.714286,
0.125,0.125,
0.714286,0.75,
0.25,0.705882,
0.5,0.5,
0.653846,0.809524,
0.615385,0.642857,
0.416667,0.411765,
0.888889,0.9,
0.384615,0.6,
0.5,0.5,
0.631579,0.607143,
0,0,
0.526316,0.555556,
0.5,0.5,
0.611111,0.571429,
0.769231,0.625,
0.75,0.72,
0.4,0.6,
0.590909,0.576923,
0.916667,0.793103,
0.62963,0.807692,
0.75,0.75,
0.578947,0.478261,
0.714286,0.666667,
0.7,0.75,
0.740741,0.785714,
0.2,0.153846,
0.588235,0.571429,
0.62963,0.666667,
0.736842,0.6,
0.689655,0.95,
0.1,0.0833333,
0.625,0.631579,
0.952381,0.793103,
0.823529,0.652174,
0.590909,0.769231,
0.823529,0.64,
0.85,0.692308,
0.9375,0.8,
0.842105,0.866667,
0.388889,0.538462,
0.578947,0.6875,
0.363636,0.5,
0.740741,0.826087,
0.2,0.15,
0.764706,0.541667,
0.3125,0.333333,
0,0,
0.76,0.633333,
0.4,0.470588,
0.9,0.76,
0.555556,0.473684,
0.636364,0.538462,
0.545455,0.833333,
0.571429,0.611111,
0.461538,0.428571,
0.388889,0.384615,
0.681818,0.619048,
0.5,0.714286,
0.789474,0.789474,
0.555556,0.8,
0.75,0.833333,
0.4,0.4,
0.814815,0.8,
0.5,0.625,
0.75,0.88,
0.73913,0.833333,
0.857143,0.72,
0.538462,0.388889,
0.705882,0.75,
0.615385,0.888889,
0.45,0.5,
0.433333,0.8,
0.583333,0.583333,
0.652174,0.789474,
0.607143,0.535714,
0.653846,0.818182,
0.3125,0.263158,
0.76,0.791667,
0.588235,0.571429,
0.615385,0.45,
0.8,0.619048,
0.588235,0.470588,
0.56,0.545455,
0.692308,0.666667,
0.375,0.35,
0.4,0.333333,
0.631579,0.6,
0.1,0.0909091,
0.363636,0.272727,
0.6,0.375,
0.333333,0.25,
0.652174,0.684211,
0.454545,0.357143,
0.555556,0.6,
0.4,0.35,
0.565217,0.583333,
0.272727,0.333333,
0.684211,0.703704,
0.869565,0.821429,
0.416667,0.555556,
0.736842,0.823529,
0.6,0.428571,
0.6,0.666667,
0.789474,0.666667,
0.4,0.461538,
0.583333,0.666667,
0.5,0.4375,
0.166667,0.157895,
0.695652,0.826087,
0.4,0.368421,
0.529412,0.692308,
0.9,0.64,
0.235294,0.5,
0.466667,0.538462,
0.772727,0.772727,
0.733333,0.6,
0.583333,0.7,
0.368421,0.466667,
0,0,
0.5,0.444444,
0.777778,0.72,
0.608696,0.65,
0.695652,0.705882,
0.529412,0.52381,
0.470588,0.588235,
0.583333,0.411765,
0.722222,0.571429,
0.92,0.866667,
0.772727,0.761905,
0.583333,0.538462,
0.526316,0.588235,
0.517241,0.653846,
0.590909,0.722222,
0.352941,0.545455,
0.384615,0.5,
0.533333,0.538462,
0,0,
0.461538,0.5,
0.5,0.3125,
0.2,0.285714,
0.7,0.75,
0.769231,0.88,
0.777778,0.8,
0.357143,0.454545,
0.65,0.652174,
0.545455,0.52381,
0.96,0.965517,
0.619048,0.631579,
0.75,0.72,
0.684211,0.823529,
0.5,0.777778,
0.407407,0.541667,
0.5625,0.230769,
0.529412,0.368421,
0.521739,0.473684,
0.555556,0.647059,
0.666667,0.592593,
0.526316,0.769231,
0.777778,0.789474,
0.6,0.529412,
0.578947,0.444444,
0.368421,0.466667,
0.833333,0.833333,
0.933333,0.931034,
0.72,0.869565,
0.518519,0.722222,
0.75,0.625,
0.785714,0.631579,
0.875,0.73913,
0.833333,0.684211,
0.833333,0.642857,
0.821429,0.851852,
0.133333,0.153846,
0.55,0.590909,
0.586207,0.62069,
0.826087,0.72,
0.454545,0.526316,
0.521739,0.625,
0.307692,0.230769,
0.357143,0.416667,
0.727273,0.75,
0.466667,0.368421,
0,0,
0.583333,0.533333,
0.428571,0.375,
0.862069,0.875,
0.294118,0.363636,
0.75,0.631579,
0.551724,0.8,
0.464286,0.481481,
0.75,0.72,
0.6,0.5,
0.8,0.8,
0.782609,0.62963,
0.846154,0.863636,
0.5,0.380952,
0.65,0.636364,
0,0,
0.72,0.703704,
0.407407,0.571429,
0.5,0.538462,
0.75,0.625,
0.411765,0.470588,
0.521739,0.578947,
0.631579,0.8,
0.538462,0.411765,
0.566667,0.625,
0.304348,0.6,
0.4,0.545455,
0.285714,0.428571,
0.85,0.85,
0.3125,0.461538,
0.909091,0.714286,
0.5625,0.411765,
0.5625,0.333333,
0.375,0.375,
0.736842,0.56,
0.578947,0.458333,
0.583333,0.4375,
0.631579,0.631579,
0.666667,0.454545,
0.733333,0.590909,
0.375,0.357143,
0.846154,0.766667,
0.56,0.823529,
0.357143,0.4,
0.619048,0.571429,
0.4,0.357143,
0.444444,0.466667,
0.625,0.909091,
0.421053,0.5,
0.791667,0.791667,
0.277778,0.285714,
0.384615,0.5,
0.363636,0.375,
0.444444,0.625,
0.5,0.538462,
0.708333,0.551724,
0.5,0.636364,
0.428571,0.285714,
0.52,0.611111,
0.916667,0.785714,
0.470588,0.473684,
0.166667,0.2,
0.777778,0.8,
0.5625,0.6,
0.75,0.777778,
0.769231,0.740741,
0.5,0.545455,
0.785714,0.769231,
0.533333,0.529412,
0.684211,0.619048,
0.636364,0.470588,
0.6,0.588235,
0.333333,0.153846,
0.541667,0.75,
0.888889,0.653846,
0.666667,0.6,
0.944444,0.875,
0.5,0.666667,
0.846154,0.758621,
0.55,0.666667,
0.529412,0.529412,
0.619048,0.75,
0.8,0.823529,
0.214286,0.272727,
0.689655,0.791667,
0.761905,0.75,
0.538462,0.636364,
0.428571,0.642857,
0.761905,0.857143,
0.52381,0.55,
0.4,0.384615,
0.714286,0.611111,
0.2,0.25,
0.642857,0.473684,
0.727273,0.681818,
0.555556,0.52381,
0.375,0.461538,
0.25,0.5,
0.766667,0.866667,
0.705882,0.764706,
0.571429,0.857143,
0.7,0.777778,
0.590909,0.608696,
0.666667,0.705882,
0.5,0.357143,
0.913043,0.772727,
0.5,0.5,
0.352941,0.333333,
0.588235,0.615385,
0.444444,0.454545,
0.5,0.428571,
0.611111,0.578947,
0.95,0.678571,
0.68,0.586207,
0.75,0.631579,
0.4375,0.333333,
0,0,
0.625,0.6875,
0.416667,0.588235,
0.777778,0.807692,
0.538462,0.538462,
0,0,
0.714286,0.625,
0.666667,0.818182,
0.266667,0.263158,
0.347826,0.4375,
0.357143,0.555556,
0.705882,0.52,
0.47619,0.5,
0.6,0.5,
0.52381,0.413793,
0.642857,0.526316,
0.6875,0.625,
0.357143,0.384615,
0.826087,0.772727,
0.375,0.384615,
0.88,0.846154,
0.714286,0.714286,
0.4,0.285714,
0.545455,0.6,
0.73913,0.653846,
0.631579,0.52381,
0.416667,0.545455,
0.230769,0.363636,
0.733333,0.764706,
0.6875,0.588235,
0.666667,0.217391,
0.272727,0.285714,
0,0,
0.571429,0.782609,
0.708333,0.653846,
0.6,0.571429,
0.846154,0.944444,
0.416667,0.384615,
0.545455,0.538462,
0.4375,0.4375,
0.931034,0.857143,
0.222222,0.2,
0.769231,0.842105,
0.583333,0.541667,
0.407407,0.684211,
0.769231,0.807692,
0.888889,0.818182,
0.538462,0.481481,
0.333333,0.625,
0.384615,0.363636,
0.727273,0.64,
0.578947,0.846154,
0.68,0.64,
0.529412,0.466667,
0.444444,0.666667,
0.653846,0.941176,
0.892857,0.888889,
0.75,0.666667,
0.1,0.666667,
0.481481,0.823529,
0.64,0.9375,
0.72,0.761905,
0.652174,0.615385,
0.769231,0.473684,
0.666667,0.740741,
0.625,0.761905,
0.611111,0.590909,
0.545455,0.625,
0.363636,0.333333,
0.615385,0.318182,
0.333333,0.352941,
0.75,0.736842,
0.583333,0.882353,
0.791667,0.758621,
0.681818,0.6,
0.555556,0.583333,
0.375,0.3,
0.458333,0.5,
0.56,0.551724,
0.411765,0.428571,
0.666667,0.652174,
0.6,0.857143,
0,0,
0.333333,0.230769,
0.666667,0.846154,
0.45,0.526316,
0.45,0.4,
0.833333,0.653846,
0,0,
0.75,0.666667,
0.55,0.666667,
0.857143,0.72,
0.5,0.466667,
0.75,0.8125,
0.4,0.363636,
0.541667,0.62963,
0.75,0.681818,
0.9375,0.695652,
0.75,0.75,
0.761905,0.68,
0.785714,0.636364,
0.375,0.35,
0.826087,0.7,
0.611111,0.647059,
0.705882,0.466667,
0.357143,0.285714,
0.827586,0.862069,
0.5,0.636364,
0.428571,0.642857,
0.37037,0.392857,
0.75,0.705882,
0.642857,0.9,
0.571429,0.666667,
0.529412,0.714286,
0.5,0.533333,
0.521739,0.521739,
0.615385,0.666667,
0.294118,0.388889,
0.444444,0.5,
0.769231,0.555556,
0.65,0.75,
0.464286,0.481481,
0.933333,0.75,
0.882353,0.777778,
0.5,0.5625,
0.6875,0.666667,
0.666667,0.772727,
0.181818,0.166667,
0.952381,0.827586,
0.636364,0.5,
0.740741,0.9,
0,0,
0.565217,0.535714,
0.586207,0.75,
0.95,0.869565,
0.538462,0.65,
0.869565,0.909091,
0.588235,0.5,
0.84,0.666667,
0.85,0.653846,
0.611111,0.8,
0.526316,0.473684,
0.529412,0.642857,
0.388889,0.5,
0.75,0.5625,
0.6,0.727273,
0.684211,0.454545,
0.538462,0.538462,
0.565217,0.625,
0.772727,0.833333,
0.608696,0.576923,
0.454545,0.454545,
0.653846,0.68,
0.454545,0.590909,
0.333333,0.428571,
0.714286,0.769231,
0.25,0.333333,
0.833333,0.588235,
0.166667,0.2,
0.666667,0.818182,
0.357143,0.416667,
0.571429,0.518519,
0.615385,0.761905,
0.48,0.526316,
0.714286,0.789474,
0.5625,0.692308,
0.653846,0.833333,
0.666667,0.541667,
0.625,0.384615,
0.892857,0.857143,
0.666667,0.636364,
0.6,0.7,
0.73913,0.85,
0.529412,0.714286,
0.2,0.272727,
0.722222,0.52,
0.181818,0.285714,
0.636364,0.761905,
0.777778,0.666667,
0.625,0.619048,
0.75,0.684211,
0.608696,0.833333,
0.666667,0.545455,
0.533333,0.461538,
0.772727,0.695652,
0.5,0.6,
0.88,0.785714,
0.636364,0.5,
0.631579,0.619048,
0.68,0.73913,
0.611111,0.722222,
0.619048,0.666667,
0.636364,0.538462,
0.666667,0.642857,
0.636364,0.384615,
0.916667,0.785714,
0.55,0.454545,
0.545455,0.518519,
0.666667,0.611111,
0.692308,0.607143,
0.5,0.619048,
0.470588,0.533333,
0.526316,0.578947,
0.6,0.571429,
0.789474,0.888889,
0.454545,0.5,
0.772727,0.689655,
0.619048,0.75,
0.727273,0.73913,
0.454545,0.428571,
0.454545,0.384615,
0.521739,0.526316,
0.64,0.842105,
0.689655,0.782609,
0.85,0.730769,
0.571429,0.470588,
0.777778,0.777778,
0.76,0.904762,
0.44,0.555556,
0.411765,0.4,
0.928571,0.8,
0.75,0.52,
0.571429,0.470588,
0.666667,0.652174,
0.666667,0.789474,
0.666667,0.583333,
0.875,0.869565,
0.76,0.740741,
0.5,0.631579,
0.307692,0.384615,
0.5,0.461538,
0.875,0.8,
0.473684,0.611111,
0.888889,0.894737,
0.791667,0.8,
0.357143,0.444444,
0.625,0.2,
0.823529,0.666667,
0.571429,0.6875,
0.75,0.708333,
0.823529,0.52,
0.541667,0.45,
0.230769,0.307692,
0.555556,0.555556,
0.35,0.388889,
0.75,0.529412,
0.272727,0.222222,
0.3125,0.5,
0.684211,0.652174,
0.473684,0.571429,
0.416667,0.5,
0.722222,0.48,
0.526316,0.45,
0.785714,0.55,
0.578947,0.714286,
0.851852,0.785714,
0.55,0.545455,
0.307692,0.4,
0.535714,0.461538,
0.48,0.681818,
0.444444,0.421053,
0.785714,0.647059,
0.692308,0.782609,
0.611111,0.764706,
0.866667,0.761905,
0.785714,0.863636,
0.64,0.666667,
0.481481,0.6,
0.576923,0.772727,
0.384615,0.357143,
0.888889,0.892857,
0.375,0.529412,
0.5,0.357143,
0.76,0.75,
0.769231,0.782609,
0.740741,0.826087,
0.5,0.5,
0.75,0.826087,
0.416667,0.333333,
0.625,0.909091,
0.642857,0.4,
0.571429,0.3125,
0.724138,0.733333,
0.76,0.782609,
0.764706,0.823529,
0.772727,0.68,
0.75,0.695652,
0.285714,0.8,
0.416667,0.5,
0.333333,0.25,
0.8,0.782609,
0.777778,0.764706,
0.875,0.888889,
0.533333,0.615385,
0.761905,0.652174,
0.814815,0.689655,
0.428571,0.545455,
0.25,0.285714,
0.692308,0.692308,
0.181818,0.2,
0.909091,0.869565,
0.851852,0.846154,
0.666667,0.461538,
0.833333,0.666667,
0.65,0.705882,
0.5,0.6,
0.571429,0.733333,
0.384615,0.454545,
0.846154,0.88,
0.307692,0.307692,
0.590909,0.705882,
0.736842,0.517241,
0.722222,0.625,
0.75,0.714286,
0.333333,0.3,
0.611111,0.733333,
0.666667,0.842105,
0.666667,0.5,
0.916667,0.846154,
0.724138,0.857143,
0.25,0.294118,
0.727273,0.761905,
0.428571,0.55,
0.56,0.681818,
0.5,0.692308,
0.8,0.764706,
0.117647,0.4,
0.384615,0.454545,
0.25,0.272727,
0.533333,0.625,
0.826087,0.740741,
0.708333,0.9,
0.8,0.95,
0.181818,0.142857,
0.384615,0.357143,
0.764706,0.705882,
0.583333,0.4,
0.857143,0.631579,
0.851852,0.793103,
0.529412,0.727273,
0.5,0.5,
0.882353,0.666667,
0.8,0.869565,
0.705882,0.6875,
0.736842,0.857143,
0.333333,0.357143,
0.75,0.75,
0.73913,0.619048,
0.428571,0.352941,
0.625,0.304348,
0.884615,0.958333,
0.45,0.470588,
0.75,0.4,
0.695652,0.653846,
0.875,0.785714,
0.5625,0.529412,
0.733333,0.55,
0.75,0.47619,
0.827586,0.83871,
0.941176,0.64,
0.652174,0.7,
0.578947,0.769231,
0.76,0.730769,
0.619048,0.764706,
0.421053,0.466667,
0.695652,0.842105,
0.733333,0.5625,
0.6875,0.916667,
0.333333,0.230769,
0.56,0.541667,
0.368421,0.352941,
0,0,
0.692308,0.5,
0.35,0.466667,
0.714286,0.714286,
0.636364,0.714286,
0.818182,0.615385,
0.625,0.72,
0.368421,0.294118,
0.733333,0.6875,
0.826087,0.769231,
0.578947,0.588235,
0.814815,0.793103,
0.545455,0.4,
0.703704,0.863636,
0.65,0.8,
0.4,0.333333,
0.25,0.272727,
0.52381,0.461538,
0.578947,0.521739,
0.272727,0.333333,
0.272727,0.333333,
0.814815,0.740741,
0.666667,0.518519,
0.454545,0.555556,
0.541667,0.5,
0.47619,0.55,
0.4375,0.411765,
0.52381,0.5625,
0.3125,0.363636,
0.75,0.75,
0.25,0.4,
0.666667,0.653846,
0.461538,0.285714,
0.545455,0.75,
0.862069,0.923077,
0.6,0.45,
0.55,0.52,
0.705882,0.695652,
0.454545,0.333333,
0.607143,0.695652,
0.4,0.4,
0.611111,0.583333,
0.384615,0.416667,
0.6,0.4375,
0.65,0.590909,
0.68,0.772727,
0.388889,0.4375,
0.466667,0.352941,
0.791667,0.769231,
0.6,0.782609,
0.84,0.904762,
0.6,0.764706,
0.826087,0.666667,
0.73913,0.84,
0.473684,0.346154,
0.5,0.521739,
0.75,0.772727,
0.652174,0.642857,
0.714286,0.769231,
0.571429,0.64,
0.727273,0.636364,
0.642857,0.833333,
0.833333,0.75,
0.4,0.571429,
0.782609,0.782609,
0.3125,0.333333,
0.529412,0.647059,
0.5,0.75,
0.785714,0.733333,
0.473684,0.5625,
0.466667,0.4,
0.5,0.5,
0.578947,0.47619,
0.782609,0.809524,
0.714286,0.6,
0.47619,0.5625,
0.625,0.5625,
0.8125,0.583333,
0.333333,0.25,
0.857143,0.545455,
0.333333,0.333333,
0.5,0.666667,
0.4,0.533333,
0.882353,0.652174,
0.666667,0.722222,
0.625,0.684211,
0.75,0.272727,
0.681818,0.85,
0.411765,0.428571,
0.666667,0.5625,
0.68,0.6,
0.423077,0.5,
0.571429,0.421053,
0.62963,0.714286,
0.645161,0.62963,
0.454545,0.529412,
0.615385,0.571429,
0.4,0.411765,
0.88,0.782609,
0.45,0.692308,
0.482759,0.52,
0.285714,0.363636,
0.5,0.333333,
0.875,0.875,
0.705882,0.52,
0.466667,0.5,
0.4,0.421053,
0.705882,0.631579,
0.807692,0.947368,
0.545455,0.583333,
0.0769231,0.125,
0.692308,0.818182,
0.5,0.407407,
0.576923,0.571429,
0.65,0.764706,
0.666667,0.55,
0.166667,0.222222,
0.692308,0.64,
0.789474,0.722222,
0.6875,0.458333,
0.826087,0.75,
0.76,0.857143,
0.75,0.666667,
0.454545,0.3125,
0.5625,0.5,
0.454545,0.357143,
0.347826,0.368421,
0.814815,0.88,
0.3,0.333333,
0.388889,0.5,
0.533333,0.4,
0.4375,0.428571,
0.45,0.461538,
0.714286,0.45,
0.814815,0.703704,
0.25,0.4,
0.529412,0.461538,
0.571429,0.235294,
0.76,0.809524,
0.466667,0.466667,
0.647059,0.8,
0.25,0.307692,
0.631579,0.636364,
0.608696,0.636364,
0.636364,0.615385,
0.619048,0.608696,
0.5625,0.375,
0.444444,0.419355,
0.565217,0.428571,
0.62963,0.73913,
0.227273,0.4,
0.5,0.5625,
0.461538,0.533333,
0.5,0.428571,
0.714286,0.52,
0.5,0.444444,
0.923077,0.666667,
0.4,0.461538,
0.333333,0.545455,
0.6875,0.565217,
0.307692,0.230769,
0.666667,0.777778,
0.928571,0.962963,
0.909091,0.777778,
0.6,0.75,
0.375,0.5,
0.75,0.727273,
0.633333,0.8,
0.714286,0.730769,
0.894737,0.722222,
0.666667,0.4,
0.222222,0.384615,
0.111111,0.0833333,
0.454545,0.541667,
0.692308,0.714286,
0.666667,0.576923,
0.5,0.470588,
0.615385,0.571429,
0.782609,0.642857,
0.5,0.529412,
0.647059,0.571429,
0.52,0.473684,
0.764706,0.555556,
0.470588,0.388889,
0.454545,0.636364,
0.375,0.428571,
0.615385,0.666667,
0,0,
0.615385,0.521739,
0.285714,0.466667,
0.533333,0.3125,
0.6,0.611111,
0.2,0.222222,
0.7,0.615385,
0.481481,0.565217,
0.84,0.807692,
0.736842,0.714286,
0.357143,0.625,
0.619048,0.7,
0.75,0.75,
0.8,0.8,
0.772727,0.75,
0.357143,0.26087,
0.588235,0.416667,
0.357143,0.545455,
0.666667,0.863636,
0.823529,0.72,
0.363636,0.4,
0.3,0.25,
0.454545,0.533333,
0.428571,0.526316,
0.333333,0.3125,
0.774194,0.833333,
0.5,0.368421,
0.764706,0.714286,
0.428571,0.666667,
0.692308,0.814815,
0.5,0.538462,
0.391304,0.666667,
0.925926,0.923077,
0.521739,0.526316,
0.833333,0.533333,
0.538462,0.571429,
0.8,0.578947,
0.461538,0.352941,
0.2,0.230769,
0.545455,0.588235,
0.590909,0.764706,
0.481481,0.7,
0.92,0.884615,
0.315789,0.461538,
0.625,0.833333,
0.722222,0.714286,
0.705882,0.777778,
0.411765,0.571429,
0.809524,0.740741,
0.636364,0.7,
0.714286,0.565217,
0.5,0.333333,
0.473684,0.5625,
0.764706,0.590909,
0.888889,0.833333,
0.76,0.818182,
0.636364,0.6,
0.6,0.642857,
0,0,
0,0,
0.785714,0.72,
0.75,0.73913,
0.73913,0.708333,
0.444444,0.363636,
0.875,0.823529,
0.75,0.6,
0.833333,0.72,
0.73913,0.793103,
0.444444,0.5625,
0.791667,0.76,
0.909091,0.833333,
0.761905,0.666667,
0.615385,0.421053,
0.307692,0.384615,
0.814815,0.857143,
0.653846,0.7,
0.5,0.428571,
0.833333,0.833333,
0.318182,0.4375,
0,0,
0.708333,0.842105,
0.4,0.315789,
0.7,0.823529,
0.294118,0.217391,
0.5,0.6875,
0.52381,0.55,
0.5,0.478261,
0.722222,0.565217,
0.529412,0.388889,
0.611111,0.6875,
0.444444,0.444444,
0.347826,0.5,
0.5,0.636364,
0.941176,0.909091,
0.307692,0.285714,
0.307692,0.352941,
0.4,0.45,
0.538462,0.583333,
0.888889,0.727273,
0.833333,0.730769,
0.411765,0.315789,
0.75,0.75,
0.428571,0.333333,
0.818182,0.75,
0.388889,0.647059,
0.92,0.888889,
0.75,0.666667,
0.875,0.875,
0.809524,0.727273,
0.565217,0.608696,
0.736842,0.727273,
0.588235,0.444444,
0.884615,0.821429,
0.555556,0.833333,
0.703704,0.772727,
0.736842,0.461538,
0.62963,0.65,
0.75,0.571429,
0.333333,0.363636,
0.55,0.7,
0.571429,0.461538,
0.736842,0.789474,
0.631579,0.846154,
0.55,0.526316,
0.73913,0.666667,
0.733333,0.846154,
0.466667,0.6,
0.4375,0.571429,
0.916667,0.851852,
0.565217,0.588235,
0.857143,0.730769,
0.631579,0.590909,
0.619048,0.636364,
0.565217,0.4,
0.5,0.714286,
0.652174,0.62963,
0.533333,0.421053,
0.923077,0.8,
0.571429,0.571429,
0.714286,0.473684,
0.607143,0.761905,
0.857143,0.892857,
0.823529,0.652174,
0.884615,0.814815,
0.666667,0.535714,
0.153846,0.181818,
0.6875,0.578947,
0.315789,0.4,
0.758621,0.869565,
0.896552,0.76,
0.896552,0.76,
0.896552,0.76,
0.896552,0.76,
0.896552,0.76,
0.896552,0.76,
0.896552,0.76,
0.896552,0.76,
0.896552,0.76,
0.896552,0.76,
0.896552,0.76,
0.896552,0.76,
0.896552,0.76,
0.896552,0.76,
0.896552,0.76,
0.896552,0.76,
0.896552,0.76,
0.896552,0.76,
0.896552,0.76,
0.896552,0.76,
0.896552,0.76,
0.896552,0.76,
0.896552,0.76,
0.896552,0.76,
0.896552,0.76,
0.896552,0.76,
0.896552,0.76,
0.896552,0.76,
0.896552,0.76,
0.896552,0.76,
0.896552,0.76,
0.896552,0.76,
0.896552,0.76,
0.896552,0.76,
0.896552,0.76,
0.896552,0.76,
0.896552,0.76,
0.896552,0.76,
0.896552,0.76,
0.896552,0.76,
0.896552,0.76,
0.896552,0.76,
0.896552,0.76,
0.896552,0.76,
0.896552,0.76,
0.896552,0.76,
0.896552,0.76,
0.896552,0.76,
0.896552,0.76,
0.896552,0.76,
0.896552,0.76,
0.896552,0.76,
0.896552,0.76,
0.896552,0.76,
0.896552,0.76,
0.896552,0.76,
0.896552,0.76,
0.896552,0.76,
0.896552,0.76,
0.896552,0.76,
0.896552,0.76,
0.896552,0.76,
0.896552,0.76,
0.896552,0.76,
0.896552,0.76,
0.896552,0.76,
0.896552,0.76,
0.896552,0.76,
0.896552,0.76,
0.896552,0.76,
0.896552,0.76,
0.896552,0.76,
0.896552,0.76,
0.896552,0.76,
0.896552,0.76,
0.896552,0.76,
0.896552,0.76,
0.896552,0.76,
0.896552,0.76,
0.896552,0.76,
0.896552,0.76,
0.896552,0.76,
0.896552,0.76,
0.896552,0.76,
0.896552,0.76,
0.896552,0.76,
0.896552,0.76,
0.896552,0.76,
0.896552,0.76,
0.896552,0.76,
0.896552,0.76,
0.896552,0.76,
0.896552,0.76,
0.896552,0.76,
0.896552,0.76,
0.896552,0.76,
0.896552,0.76,
0.896552,0.76,
0.896552,0.76,
0.896552,0.76,
0.896552,0.76,
0.896552,0.76,
0.896552,0.76,
0.896552,0.76,
0.896552,0.76,
0.896552,0.76,
0.896552,0.76,
0.896552,0.76,
0.896552,0.76,
0.896552,0.76,
0.896552,0.76,
0.896552,0.76,
0.896552,0.76,
0.896552,0.76,
0.896552,0.76,
0.896552,0.76,
0.896552,0.76,
0.896552,0.76,
0.896552,0.76,
0.896552,0.76,
0.896552,0.76,
0.896552,0.76,
0.896552,0.76,
0.896552,0.76,
0.896552,0.76,
0.896552,0.76,
0.896552,0.76,
0.896552,0.76,
0.896552,0.76,
0.896552,0.76,
0.896552,0.76,
0.896552,0.76,
0.896552,0.76,
0.896552,0.76,
0.896552,0.76,
0.896552,0.76,
0.896552,0.76,
0.896552,0.76,
0.896552,0.76,
0.896552,0.76,
0.896552,0.76,
0.896552,0.76,
0.896552,0.76,
0.896552,0.76,
0.896552,0.76,
0.896552,0.76,
0.896552,0.76,
0.896552,0.76,
0.896552,0.76,
0.896552,0.76,
0.896552,0.76,
0.896552,0.76,
0.896552,0.76,
0.896552,0.76,
0.896552,0.76,
0.896552,0.76,
0.896552,0.76,
0.896552,0.76,
0.896552,0.76,
0.896552,0.76,
0.896552,0.76,
0.896552,0.76,
0.896552,0.76,
0.896552,0.76,
0.896552,0.76,
0.896552,0.76,
0.896552,0.76,
0.896552,0.76,
0.896552,0.76,
0.896552,0.76,
0.896552,0.76,
0.896552,0.76,
0.896552,0.76,
0.896552,0.76,
0.896552,0.76,
0.896552,0.76,
0.896552,0.76,
0.896552,0.76,
0.896552,0.76,
0.896552,0.76,
0.896552,0.76,
0.896552,0.76,
0.896552,0.76,
0.896552,0.76,
0.896552,0.76,
0.896552,0.76,
0.896552,0.76,
0.896552,0.76,
0.896552,0.76,
0.896552,0.76,
0.896552,0.76,
0.896552,0.76,
0.896552,0.76,
0.896552,0.76,
0.896552,0.76,
0.896552,0.76,
0.896552,0.76,
0.896552,0.76,
0.896552,0.76,
0.896552,0.76,
0.896552,0.76,
0.896552,0.76,
0.896552,0.76,
0.896552,0.76,
0.896552,0.76,
0.896552,0.76,
0.896552,0.76,
0.896552,0.76,
0.896552,0.76,
0.896552,0.76,
0.896552,0.76,
0.896552,0.76,
0.896552,0.76,
0.896552,0.76,
0.896552,0.76,
0.896552,0.76,
0.896552,0.76,
0.896552,0.76,
0.896552,0.76,
0.896552,0.76,
0.896552,0.76,
0.896552,0.76,
0.896552,0.76,
0.896552,0.76,
0.896552,0.76,
0.896552,0.76,
0.896552,0.76,
0.896552,0.76,
0.896552,0.76,
0.896552,0.76,
0.896552,0.76,
0.896552,0.76,
0.896552,0.76,
0.896552,0.76,
0.896552,0.76,
0.896552,0.76,
0.896552,0.76,
0.896552,0.76,
0.896552,0.76,
0.896552,0.76,
0.896552,0.76,
0.896552,0.76,
0.896552,0.76,
0.896552,0.76,
0.896552,0.76,
0.896552,0.76,
0.896552,0.76,
0.896552,0.76,
0.896552,0.76,
0.896552,0.76,
0.896552,0.76,
0.896552,0.76,
0.896552,0.76,
0.896552,0.76,
0.896552,0.76,
0.896552,0.76,
0.896552,0.76,
0.896552,0.76,
0.896552,0.76,
0.896552,0.76,
0.896552,0.76,
0.896552,0.76,
0.896552,0.76,
0.896552,0.76,
0.896552,0.76,
0.896552,0.76,
0.896552,0.76,
0.896552,0.76,
0.896552,0.76,
0.896552,0.76,
0.896552,0.76,
0.896552,0.76,
0.896552,0.76,
0.896552,0.76,
0.896552,0.76,
0.896552,0.76,
0.896552,0.76,
0.896552,0.76,
0.896552,0.76,
0.896552,0.76,
0.896552,0.76,
0.896552,0.76,
0.896552,0.76,
0.896552,0.76,
0.896552,0.76,
0.896552,0.76,
0.896552,0.76,
0.896552,0.76,
0.896552,0.76,
0.896552,0.76,
0.896552,0.76,
0.896552,0.76,
0.896552,0.76,
0.896552,0.76,
0.896552,0.76,
0.896552,0.76,
0.896552,0.76,
0.896552,0.76,
0.896552,0.76,
0.896552,0.76,
0.896552,0.76,
0.896552,0.76,
0.896552,0.76,
0.896552,0.76,
0.896552,0.76,
0.896552,0.76,
0.896552,0.76,
0.896552,0.76,
0.896552,0.76,
0.896552,0.76,
0.896552,0.76,
0.896552,0.76,
0.896552,0.76,
0.896552,0.76,
0.896552,0.76,
0.896552,0.76,
0.896552,0.76,
0.896552,0.76,
0.896552,0.76,
0.896552,0.76,
0.896552,0.76,
0.896552,0.76,
0.896552,0.76,
0.896552,0.76,
0.896552,0.76,
0.896552,0.76,
0.896552,0.76,
0.896552,0.76,
0.896552,0.76,
0.896552,0.76,
0.896552,0.76,
0.896552,0.76,
0.896552,0.76,
0.896552,0.76,
0.896552,0.76,
0.896552,0.76,
0.896552,0.76,
0.896552,0.76,
0.896552,0.76,
0.896552,0.76,
0.896552,0.76,
0.896552,0.76,
0.896552,0.76,
0.896552,0.76,
0.896552,0.76,
0.896552,0.76,
0.896552,0.76,
0.896552,0.76,
0.896552,0.76,
0.896552,0.76,
0.896552,0.76,
0.896552,0.76,
0.896552,0.76,
0.896552,0.76,
0.896552,0.76,
0.896552,0.76,
0.896552,0.76,
0.896552,0.76,
0.896552,0.76,
0.896552,0.76,
0.896552,0.76,
0.896552,0.76,
0.896552,0.76,
0.896552,0.76,
0.896552,0.76,
0.896552,0.76,
0.896552,0.76,
0.896552,0.76,
0.896552,0.76,
0.896552,0.76,
0.896552,0.76,
0.896552,0.76,
0.896552,0.76,
0.896552,0.76,
0.896552,0.76,
0.896552,0.76,
0.896552,0.76,
0.896552,0.76,
0.896552,0.76,
0.896552,0.76,
0.896552,0.76,
0.896552,0.76,
0.896552,0.76,
0.896552,0.76,
0.896552,0.76,
0.896552,0.76,
0.896552,0.76,
0.896552,0.76,
0.896552,0.76,
0.896552,0.76,
0.896552,0.76,
0.896552,0.76,
0.896552,0.76,
0.896552,0.76,
0.896552,0.76,
0.896552,0.76,
0.896552,0.76,
0.896552,0.76,
0.896552,0.76,
0.896552,0.76,
0.896552,0.76,
0.896552,0.76,
0.896552,0.76,
0.896552,0.76,
0.896552,0.76,
0.896552,0.76,
0.896552,0.76,
0.896552,0.76,
0.896552,0.76,
0.896552,0.76,
0.896552,0.76,
0.896552,0.76,
0.896552,0.76,
0.896552,0.76,
0.896552,0.76,
0.896552,0.76,
0.896552,0.76,
0.896552,0.76,
0.896552,0.76,
0.896552,0.76,
0.896552,0.76,
0.896552,0.76,
0.896552,0.76,
0.896552,0.76,
0.896552,0.76,
0.896552,0.76,
0.896552,0.76,
0.896552,0.76,
0.896552,0.76,
0.896552,0.76,
0.896552,0.76,
0.896552,0.76,
0.896552,0.76,
0.896552,0.76,
0.896552,0.76,
0.896552,0.76,
0.896552,0.76,
0.896552,0.76,
0.896552,0.76,
0.896552,0.76,
0.896552,0.76,
0.896552,0.76,
0.896552,0.76,
0.896552,0.76,
0.896552,0.76,
0.896552,0.76,
0.896552,0.76,
0.896552,0.76,
0.896552,0.76,
0.896552,0.76,
0.896552,0.76,
0.896552,0.76,
0.896552,0.76,
0.896552,0.76,
0.896552,0.76,
0.896552,0.76,
0.896552,0.76,
0.896552,0.76,
0.896552,0.76,
0.896552,0.76,
0.896552,0.76,
0.896552,0.76,
0.896552,0.76,
0.896552,0.76,
0.896552,0.76,
0.896552,0.76,
0.896552,0.76,
0.896552,0.76,
0.896552,0.76,
0.896552,0.76,
0.896552,0.76,
0.896552,0.76,
0.896552,0.76,
0.896552,0.76,
0.896552,0.76,
0.896552,0.76,
0.896552,0.76,
0.896552,0.76,
0.896552,0.76,
0.896552,0.76,
0.896552,0.76,
0.896552,0.76,
0.896552,0.76,
0.896552,0.76,
0.896552,0.76,
0.896552,0.76,
0.896552,0.76,
0.896552,0.76,
0.896552,0.76,
0.896552,0.76,
0.896552,0.76,
0.896552,0.76,
0.896552,0.76,
0.896552,0.76,
0.896552,0.76,
0.896552,0.76,
0.896552,0.76,
0.896552,0.76,
0.896552,0.76,
0.896552,0.76,
0.896552,0.76,
0.896552,0.76,
0.896552,0.76,
0.896552,0.76,
0.896552,0.76,
0.896552,0.76,
0.896552,0.76,
0.896552,0.76,
0.896552,0.76,
0.896552,0.76,
0.896552,0.76,
0.896552,0.76,
0.896552,0.76,
0.896552,0.76,
0.896552,0.76,
0.896552,0.76,
0.896552,0.76,
0.896552,0.76,
0.896552,0.76,
0.896552,0.76,
0.896552,0.76,
0.896552,0.76,
0.896552,0.76,
0.896552,0.76,
0.896552,0.76,
0.896552,0.76,
0.896552,0.76,
0.896552,0.76,
0.896552,0.76,
0.896552,0.76,
0.896552,0.76,
0.896552,0.76,
0.896552,0.76,
0.896552,0.76,
0.896552,0.76,
0.896552,0.76,
0.896552,0.76,
0.896552,0.76,
0.896552,0.76,
0.896552,0.76,
0.896552,0.76,
0.896552,0.76,
0.896552,0.76,
0.896552,0.76,
0.896552,0.76,
0.896552,0.76,
0.896552,0.76,
0.896552,0.76,
0.896552,0.76,
0.896552,0.76,
0.896552,0.76,
0.896552,0.76,
0.896552,0.76,
0.896552,0.76,
0.896552,0.76,
0.896552,0.76,
0.896552,0.76,
0.896552,0.76,
0.896552,0.76,
0.896552,0.76,
0.896552,0.76,
0.896552,0.76,
0.896552,0.76,
0.896552,0.76,
0.896552,0.76,
0.896552,0.76,
0.896552,0.76,
0.896552,0.76,
0.896552,0.76,
0.896552,0.76,
0.896552,0.76,
0.896552,0.76,
0.896552,0.76,
0.896552,0.76,
0.896552,0.76,
0.896552,0.76,
0.896552,0.76,
0.896552,0.76,
0.896552,0.76,
0.896552,0.76,
0.896552,0.76,
0.896552,0.76,
0.896552,0.76,
0.896552,0.76,
0.896552,0.76,
0.896552,0.76,
0.896552,0.76,
0.896552,0.76,
0.896552,0.76,
0.896552,0.76,
0.896552,0.76,
0.896552,0.76,
0.896552,0.76,
0.896552,0.76,
0.896552,0.76,
0.896552,0.76,
0.896552,0.76,
0.896552,0.76,
0.896552,0.76,
0.896552,0.76,
0.896552,0.76,
0.896552,0.76,
0.896552,0.76,
0.896552,0.76,
0.896552,0.76,
0.896552,0.76,
0.896552,0.76,
0.896552,0.76,
0.896552,0.76,
0.896552,0.76,
0.896552,0.76,
0.896552,0.76,
0.896552,0.76,
0.896552,0.76,
0.896552,0.76,
0.896552,0.76,
0.896552,0.76,
0.896552,0.76,
0.896552,0.76,
0.896552,0.76,
0.896552,0.76,
0.896552,0.76,
0.896552,0.76,
0.896552,0.76,
0.896552,0.76,
0.896552,0.76,
0.896552,0.76,
0.896552,0.76,
0.896552,0.76,
0.896552,0.76,
0.896552,0.76,
0.896552,0.76,
0.896552,0.76,
0.896552,0.76,
0.896552,0.76,
0.896552,0.76,
0.896552,0.76,
0.896552,0.76,
0.896552,0.76,
0.896552,0.76,
0.896552,0.76,
0.896552,0.76,
0.896552,0.76,
0.896552,0.76,
0.896552,0.76,
0.896552,0.76,
0.896552,0.76,
0.896552,0.76,
0.896552,0.76,
0.896552,0.76,
0.896552,0.76,
0.896552,0.76,
0.896552,0.76,
0.896552,0.76,
0.896552,0.76,
0.896552,0.76,
0.896552,0.76,
0.896552,0.76,
0.896552,0.76,
0.896552,0.76,
0.896552,0.76,
0.896552,0.76,
0.896552,0.76,
0.896552,0.76,
0.896552,0.76,
0.896552,0.76,
0.896552,0.76,
0.896552,0.76,
0.896552,0.76,
0.896552,0.76,
0.896552,0.76,
0.896552,0.76,
0.896552,0.76,
0.896552,0.76,
0.896552,0.76,
0.896552,0.76,
0.896552,0.76,
0.896552,0.76,
0.896552,0.76,
0.896552,0.76,
0.896552,0.76,
0.896552,0.76,
0.896552,0.76,
0.896552,0.76,
0.896552,0.76,
0.896552,0.76,
0.896552,0.76,
0.896552,0.76,
0.896552,0.76,
0.896552,0.76,
0.896552,0.76,
0.896552,0.76,
0.896552,0.76,
0.896552,0.76,
0.896552,0.76,
0.896552,0.76,
0.896552,0.76,
0.896552,0.76,
0.896552,0.76,
0.896552,0.76,
0.896552,0.76,
0.896552,0.76,
0.896552,0.76,
0.896552,0.76,
0.896552,0.76,
0.896552,0.76,
0.896552,0.76,
0.896552,0.76,
0.896552,0.76,
0.896552,0.76,
0.896552,0.76,
0.896552,0.76,
0.896552,0.76,
0.896552,0.76,
0.896552,0.76,
0.896552,0.76,
0.896552,0.76,
0.896552,0.76,
0.896552,0.76,
0.896552,0.76,
0.896552,0.76,
