0.5,0.470588,
0.571429,0.526316,
0.5,0.421053,
0.269231,0.352941,
0.333333,0.388889,
1,0.625,
0,0,
0,0,
0.2,0.307692,
0.461538,0.6,
0.777778,0.571429,
0.882353,0.6,
0,0,
0.785714,0.578947,
0.772727,0.653846,
0.533333,0.4,
0.5,0.368421,
0.56,0.736842,
0.444444,0.363636,
0.846154,0.766667,
0.615385,0.888889,
0.625,0.625,
0.346154,0.346154,
0.444444,0.307692,
0.285714,0.238095,
0.73913,0.576923,
0.444444,0.4,
0.263158,0.307692,
0.6,0.705882,
0,0,
0.333333,0.428571,
0.222222,0.173913,
0.25,0.1875,
0.7,0.4375,
0.5,0.666667,
0.153846,0.133333,
0.0909091,0.0769231,
0.285714,0.285714,
1,1,
0.181818,0.285714,
0.423077,0.392857,
0.3,0.3,
0.47619,0.666667,
0.4,0.5,
0.176471,0.130435,
0.772727,0.708333,
0.518519,0.823529,
0.0833333,0.0555556,
1,0.333333,
0.789474,0.625,
0.466667,0.35,
0.0714286,0.0909091,
0.695652,0.666667,
0.117647,0.0833333,
0.380952,0.470588,
0.5,0.434783,
0.727273,0.695652,
0.181818,0.117647,
0.333333,0.5,
0.576923,0.56,
0.764706,0.5,
0.636364,0.411765,
0.111111,0.0833333,
0.318182,0.28,
0.176471,0.15,
0.714286,0.384615,
0.318182,0.4375,
0.214286,0.4,
0.272727,0.26087,
0.5,0.384615,
0.3125,0.454545,
0.695652,0.636364,
0.444444,0.5,
0.4,0.428571,
0.444444,0.4,
0.571429,0.6,
0.611111,0.565217,
0.833333,0.625,
0.814815,0.814815,
0.8,0.655172,
0.384615,0.227273,
0.307692,0.222222,
0.565217,0.6,
0.538462,0.4375,
0.357143,0.304348,
0.333333,0.307692,
0.347826,0.333333,
0.777778,0.636364,
0.545455,0.666667,
0.666667,0.461538,
0.75,1,
0.5,0.4,
0,0,
0.65,0.619048,
0.521739,0.666667,
0.384615,0.25,
0.285714,0.25,
0.222222,0.285714,
0.214286,0.272727,
0.642857,0.72,
0.285714,0.2,
0.307692,0.363636,
0.615385,0.592593,
0.461538,0.6,
0.35,0.4375,
0.0769231,0.0909091,
0.823529,0.583333,
0.636364,0.470588,
0,0,
0.615385,0.583333,
0.5,0.52381,
0.32,0.307692,
0.583333,0.6,
0.0952381,0.666667,
0,0,
0.533333,0.533333,
0.2,0.25,
0.608696,0.875,
0.333333,0.238095,
0.517241,0.517241,
0.785714,0.740741,
1,1,
0.517241,0.576923,
0.571429,0.6,
0.1875,0.25,
0.590909,0.571429,
0.592593,0.842105,
0.4,0.526316,
0.636364,0.608696,
0.714286,0.652174,
0.35,0.35,
0.333333,0.461538,
0.444444,0.533333,
0.809524,0.653846,
0.55,0.647059,
0.409091,0.529412,
0.2,0.272727,
0.307692,0.5,
0.363636,0.4,
0.526316,0.733333,
0.142857,0.153846,
0.619048,0.636364,
0.6,0.652174,
0,0,
0.65,0.722222,
0.4,0.4,
0.533333,0.727273,
0.72,0.809524,
0.75,0.818182,
0.611111,0.545455,
0.5,0.461538,
0.684211,0.65,
0.235294,0.333333,
0.428571,0.545455,
0.444444,0.333333,
0.466667,0.411765,
0.647059,0.52381,
0.823529,0.608696,
0.76,0.633333,
0.285714,0.266667,
0.368421,0.5,
0.764706,0.75,
0.583333,0.823529,
0.538462,0.333333,
0.416667,0.25,
0.823529,0.736842,
0.428571,0.333333,
0.842105,0.551724,
0.44,0.5,
0.75,0.833333,
0.590909,0.541667,
0.368421,0.473684,
0.36,0.541667,
0.642857,0.607143,
0.592593,0.655172,
0.285714,0.266667,
0.125,0.153846,
0.388889,0.428571,
0.565217,0.52,
0.625,0.5,
0.428571,0.473684,
0.608696,0.518519,
0.0952381,0.133333,
0.571429,0.571429,
0.666667,0.75,
0.25,0.181818,
0.642857,0.62069,
0.8,0.666667,
0.4,0.333333,
0.1,0.1,
0.272727,0.3,
0.5,0.588235,
0.6,0.461538,
0.764706,0.722222,
0.590909,0.619048,
0.470588,0.421053,
0.166667,0.166667,
0.555556,0.666667,
0.391304,0.363636,
0.176471,0.2,
0.434783,0.578947,
0.619048,0.866667,
0.448276,0.565217,
0.68,0.708333,
0.636364,0.7,
0.214286,0.315789,
0.571429,0.647059,
0.421053,0.296296,
0.411765,0.583333,
0.3125,0.294118,
0.592593,0.695652,
0.133333,0.5,
0.363636,0.285714,
0.833333,0.727273,
0.642857,0.826087,
0.3,0.461538,
0.521739,0.413793,
0.37037,0.434783,
0.68,0.62069,
0.571429,0.48,
0.444444,0.636364,
0.444444,0.642857,
0.285714,0.210526,
0.84,0.807692,
0.714286,0.526316,
0.777778,0.684211,
0.3,0.411765,
0.9,0.666667,
0.277778,0.294118,
0.75,0.842105,
0.535714,0.555556,
0,0,
0.466667,0.411765,
0.130435,0.1875,
0.428571,0.375,
0.642857,0.470588,
0.785714,0.55,
0.777778,0.75,
0.5,0.692308,
0.733333,0.5,
0.181818,0.111111,
0.333333,0.833333,
0.7,0.7,
0.413793,0.428571,
0,0,
0.210526,0.285714,
0.555556,0.571429,
0.0909091,0.0909091,
0.45,0.6,
0.681818,0.517241,
0,0,
0.615385,0.708333,
0.466667,0.7,
0.111111,0.111111,
0.777778,0.777778,
0.666667,0.692308,
0.4,0.571429,
0.176471,0.125,
0.368421,0.368421,
0.153846,0.2,
0.333333,0.352941,
0.576923,0.576923,
0.75,0.6,
0.708333,0.772727,
0.666667,0.736842,
0.5,0.0454545,
0.142857,0.15,
0.545455,0.4375,
0.611111,0.52381,
1,0.0454545,
0.633333,0.653846,
0.736842,0.538462,
0.578947,0.423077,
0,0,
0.677419,0.678571,
0.555556,0.357143,
0.4375,0.388889,
0.538462,0.4375,
0.45,0.5625,
0.25,0.166667,
0.590909,0.571429,
0.333333,0.363636,
0.45,0.458333,
0.777778,0.5,
0.375,0.315789,
0.875,0.75,
0.608696,0.666667,
0.444444,0.5,
0.692308,0.72,
0.315789,0.461538,
0.416667,0.434783,
0.722222,0.5,
0.409091,0.473684,
0.689655,1,
0.458333,0.588235,
0.705882,0.571429,
0.0909091,0.1,
0.538462,0.583333,
0.411765,0.291667,
0.733333,0.611111,
0.117647,0.125,
0.52,0.444444,
0.578947,0.52381,
0.4375,0.5,
0.375,0.315789,
0.52381,0.48,
0.466667,0.333333,
0.352941,0.333333,
0.45,0.45,
0.291667,0.28,
0.333333,0.384615,
0.5,0.5,
0.44,0.458333,
0.72,0.76,
0.44,0.733333,
0.517241,0.625,
0,0,
0.772727,0.708333,
0,0,
0.380952,0.5,
0.5,0.538462,
0.7,0.4375,
0.4,0.6,
0.380952,0.380952,
0.32,0.368421,
0.5,0.666667,
0.769231,0.526316,
0.4,0.421053,
0.25,0.333333,
0.5,0.333333,
0.4375,0.363636,
0.35,0.368421,
0.416667,0.357143,
0.842105,0.842105,
0.210526,0.285714,
0.241379,0.4,
0,0,
0.535714,0.736842,
1,0.631579,
0.666667,0.5,
0.413793,0.583333,
0.535714,0.727273,
0.578947,0.458333,
0.647059,0.846154,
0.769231,0.863636,
0,0,
0.166667,0.166667,
0.3,0.294118,
0.2,0.3,
0.32,0.444444,
0.73913,0.653846,
0.73913,0.695652,
0.647059,0.44,
0.695652,0.842105,
0.782609,0.782609,
0.565217,0.52,
0.2,0.333333,
0.133333,0.133333,
0.333333,0.444444,
0.35,0.333333,
0.5,0.384615,
0,0,
0.7,0.608696,
0.0666667,0.0625,
0.25,0.307692,
0.5,0.473684,
0.181818,0.133333,
0.153846,0.166667,
0.368421,0.368421,
0.4,0.533333,
0.857143,0.772727,
0.533333,0.5625,
0.692308,0.473684,
0.6,0.5,
0.5,0.5,
0.269231,0.25,
0.5,0.357143,
0.578947,0.37931,
0.444444,0.444444,
0.619048,0.7,
0.52381,0.578947,
0.607143,0.653846,
0.5,0.52,
0.608696,0.666667,
0.740741,0.76,
0.652174,0.666667,
0.75,0.714286,
0.1875,0.5,
0.5,0.478261,
0.52381,0.392857,
0.535714,0.592593,
0.0555556,0.176471,
0.76,0.76,
0.190476,0.173913,
0.565217,0.684211,
0.5625,0.642857,
0.416667,0.416667,
0,0,
0.608696,0.777778,
0.666667,0.615385,
0,0,
0.636364,0.636364,
0.4375,0.7,
0.470588,0.363636,
0.333333,0.25,
0.35,0.333333,
0.333333,0.5,
0.4,0.307692,
0.411765,0.4375,
0.583333,0.444444,
0.5,0.333333,
0.470588,0.4,
0.0769231,0.0833333,
0.545455,0.48,
0.222222,0.125,
0.56,0.823529,
0.304348,0.538462,
0.3125,0.294118,
0.541667,0.518519,
0.727273,0.761905,
0.631579,0.521739,
0.45,0.529412,
0.608696,0.416667,
0.2,0.2,
0.176471,0.157895,
0.727273,0.551724,
0.428571,0.5625,
0,0,
0.111111,0.1,
0.5,0.684211,
0.222222,0.222222,
0,0,
0.809524,0.62963,
0.294118,0.294118,
0.761905,0.62963,
0.470588,0.444444,
0.3125,0.333333,
0.619048,0.586207,
0.428571,0.454545,
0.583333,0.466667,
0.75,0.576923,
0.111111,0.5,
0.307692,0.307692,
0.0909091,0.0833333,
0.571429,0.470588,
0.6,0.529412,
0.857143,0.730769,
0.368421,0.5,
0.545455,0.5,
0.15,0.142857,
0.666667,0.666667,
0.529412,0.692308,
0.888889,0.925926,
0.473684,0.5,
0.526316,0.384615,
0.464286,0.52,
0.846154,0.846154,
0.611111,0.55,
0.714286,0.772727,
0.235294,0.307692,
0.5625,0.45,
0.538462,0.411765,
0.518519,0.538462,
0.428571,0.555556,
0.0952381,0.4,
0,0,
0.45,0.428571,
0.608696,0.56,
0.307692,0.4,
0.555556,0.535714,
0.578947,0.52381,
0.652174,0.652174,
0.444444,0.473684,
0.272727,0.272727,
0.333333,0.25,
0.7,0.4375,
0.571429,0.5,
0.607143,0.68,
0.538462,0.464286,
0.666667,0.555556,
0.333333,0.277778,
0.666667,0.785714,
0.310345,0.37037,
0.48,0.75,
0.347826,0.5,
0,0,
0.62963,0.62963,
0.458333,0.6,
0.5,0.5,
1,0.884615,
0.833333,0.714286,
0.409091,0.4,
0,0,
0.619048,0.428571,
0.2,0.153846,
0.473684,0.692308,
0.708333,0.833333,
0.533333,0.666667,
0.214286,0.333333,
0.111111,0.153846,
0.647059,0.733333,
0.666667,0.555556,
0.346154,0.321429,
0.111111,0.125,
0,0,
0.842105,0.666667,
0.3,0.75,
0.652174,0.681818,
0.714286,0.466667,
0.615385,0.692308,
0.2,0.153846,
0.333333,0.294118,
0.133333,0.133333,
0.285714,0.307692,
0.222222,0.166667,
0.277778,0.263158,
0.444444,0.571429,
0.44,0.6875,
0.6,0.5625,
0.2,0.166667,
0.62069,0.9,
0.259259,0.266667,
0.708333,0.708333,
0.6,0.666667,
0.571429,0.8,
0.48,0.5,
0.56,0.583333,
0.428571,0.428571,
0.272727,0.272727,
0.642857,0.5625,
0.733333,0.555556,
0.142857,0.2,
0.333333,0.296296,
0.526316,0.5,
0.428571,0.5,
0.37037,0.47619,
0.555556,0.666667,
0.0833333,0.0666667,
0.666667,0.545455,
0.5625,0.6,
0.6,0.444444,
0.2,0.222222,
0.0833333,0.0714286,
0.235294,0.266667,
0.333333,0.117647,
0.176471,0.272727,
0.5,0.375,
0.8,0.521739,
0.357143,0.384615,
0.653846,0.52,
0.25,0.2,
0.72,0.730769,
0.95,0.863636,
0.391304,0.473684,
0.68,0.85,
0.8,0.615385,
0.333333,0.5,
0.454545,0.5,
0.533333,0.727273,
0.666667,0.666667,
0.466667,0.590909,
0.294118,0.238095,
0.0666667,0.0909091,
0.266667,0.307692,
0.35,0.5,
0.6,0.6,
0.263158,0.277778,
0.586207,0.607143,
0.266667,0.166667,
0.52381,0.714286,
0.6,0.352941,
0.55,0.578947,
0.5,0.625,
0.5625,0.6,
0.6,0.4,
0.363636,0.333333,
0.714286,0.714286,
0.518519,0.666667,
0.625,0.75,
0.818182,0.571429,
0.703704,0.944444,
0.15,0.136364,
0.4,0.235294,
0.655172,1,
0.28,0.259259,
0.482759,0.535714,
0,0,
0.333333,0.5,
0.235294,0.173913,
1,0.64,
0.68,0.708333,
0.125,0.166667,
0.7,0.428571,
0.473684,0.391304,
0.269231,0.28,
0.612903,0.740741,
0.4375,0.411765,
0.333333,0.454545,
0.894737,0.5,
0.375,0.428571,
0.130435,0.166667,
0.666667,0.777778,
0.727273,0.833333,
0.625,0.473684,
0.583333,1,
0,0,
0.64,0.607143,
0.666667,0.555556,
0.3,0.272727,
0.111111,0.111111,
0.157895,0.2,
0.307692,0.4,
0.375,0.375,
0.266667,0.307692,
0.615385,0.652174,
0.52,0.565217,
0.5,0.5,
0.727273,0.888889,
0.166667,0.214286,
0.695652,0.56,
0.642857,0.666667,
0.454545,0.333333,
0.5,0.47619,
0.25,0.26087,
0.666667,0.454545,
0.357143,0.5,
0.272727,0.272727,
0.526316,0.526316,
0.678571,0.826087,
0.352941,0.4,
0.333333,0.333333,
0.592593,0.727273,
0.111111,0.0714286,
0.529412,0.37037,
0.526316,0.473684,
0.347826,0.4,
0,0,
0.423077,0.478261,
0.357143,0.3,
0.4375,0.352941,
0.625,0.526316,
1,1,
0.461538,0.461538,
0.777778,0.740741,
0.1,0.125,
0.695652,1,
0.357143,0.454545,
0.176471,0.214286,
0.7,0.75,
0.157895,0.1875,
0.85,0.708333,
0.611111,0.578947,
0.428571,0.529412,
0.142857,1,
0.315789,0.411765,
0.368421,0.25,
0.555556,0.714286,
0.5,0.52,
0.235294,0.230769,
0.461538,0.538462,
0.36,0.473684,
0.5,0.434783,
0.727273,0.666667,
0.363636,0.45,
0.538462,0.444444,
0.551724,0.8,
0.304348,0.368421,
0.529412,0.8,
0.75,0.72,
0.642857,0.826087,
0.3,0.352941,
0.142857,0.181818,
0.35,0.291667,
0.653846,0.9,
0.555556,0.36,
0.571429,0.857143,
0.375,0.428571,
0.478261,0.714286,
0.36,0.5,
0.619048,0.583333,
0.470588,0.5,
0.8,0.533333,
0.428571,0.352941,
0.75,0.681818,
0.666667,0.625,
0.25,0.307692,
0.3,0.333333,
0.363636,0.307692,
0.642857,0.47619,
0.25,0.363636,
0.44,0.647059,
0.84,0.875,
0.73913,0.62963,
0.772727,0.607143,
0.222222,0.222222,
0.965517,1,
0.366667,0.47619,
0.5,0.45,
0.384615,0.3125,
0.0625,0.0714286,
0.428571,0.428571,
0.923077,1,
0.8,0.666667,
0.166667,0.181818,
0.428571,0.4,
0.428571,0.272727,
0.55,0.5,
0.482759,0.636364,
0.538462,0.823529,
0.777778,0.583333,
0.421053,0.5,
0.73913,0.941176,
0.588235,0.666667,
0.285714,0.4,
0,0,
0.75,0.45,
0.6,0.666667,
0.625,0.7,
0.181818,0.133333,
0.307692,0.235294,
0,0,
0.857143,0.818182,
0.692308,0.5,
0.166667,0.153846,
0.285714,0.444444,
0.777778,0.777778,
0.416667,0.4,
0.458333,0.384615,
0.166667,0.222222,
0.761905,0.695652,
0.590909,0.590909,
0.333333,0.5,
0.740741,0.952381,
0.272727,0.333333,
0.35,0.315789,
0.166667,0.2,
0.181818,0.181818,
0.583333,0.823529,
0.5625,0.692308,
0.107143,0.130435,
0.421053,0.4,
0.65,0.928571,
0.416667,0.357143,
0.4,0.545455,
0.740741,0.8,
0.388889,0.5,
0.8,0.631579,
0.478261,0.55,
0.5,0.444444,
0.6875,0.6875,
0.3,0.3,
0.681818,0.535714,
0.181818,0.2,
0.608696,0.538462,
0.75,0.538462,
0.590909,0.541667,
0.5,0.684211,
0.266667,0.307692,
0.416667,0.416667,
0.565217,0.666667,
0.55,0.5,
0.153846,0.133333,
0.590909,0.619048,
0.310345,0.45,
0.5625,0.5,
0.388889,0.269231,
0.62963,0.551724,
0.444444,0.4,
0.0833333,0.153846,
0.444444,0.444444,
0.153846,0.133333,
0.681818,0.535714,
0.2,0.266667,
0.789474,0.666667,
0.210526,0.181818,
0.444444,0.285714,
0.461538,0.4,
0.310345,0.473684,
0.153846,0.117647,
0.45,0.692308,
0.5,0.666667,
0.421053,0.318182,
0.75,0.75,
0.533333,0.538462,
0.473684,0.470588,
0.818182,0.857143,
0.375,0.25,
0.8125,0.761905,
0.625,0.5,
0.263158,0.272727,
0.714286,0.714286,
0.464286,0.481481,
0.647059,0.407407,
0.222222,0.333333,
0.565217,0.590909,
0.565217,0.5,
0.352941,0.375,
0.727273,0.533333,
0.555556,0.631579,
0.714286,0.681818,
0.777778,0.538462,
0.631579,0.444444,
0.894737,0.653846,
0.571429,0.785714,
0.25,0.210526,
0.333333,0.384615,
0.45,0.3,
0.611111,0.52381,
0,0,
0.222222,0.307692,
0.571429,0.380952,
0.529412,0.666667,
0.222222,0.166667,
0.608696,0.521739,
0.3,0.375,
0.619048,0.619048,
0.375,0.545455,
0.25,0.333333,
0.333333,0.285714,
0.296296,0.296296,
0.571429,0.666667,
0.521739,0.571429,
0.423077,0.458333,
0.533333,0.421053,
0.5,0.375,
0.64,0.714286,
0,0,
0.521739,0.705882,
0.578947,0.846154,
0.3,0.230769,
0.5,0.625,
0.857143,0.642857,
0.25,0.4,
0.347826,0.533333,
1,0.714286,
0.65,0.592593,
0.285714,0.24,
0.333333,0.470588,
0.26087,0.529412,
0.45,0.416667,
0.6875,0.578947,
0.703704,0.72,
0.5,0.380952,
0.5,0.461538,
0.92,0.857143,
0.5,0.555556,
0.444444,0.4,
0.285714,0.266667,
0.571429,0.666667,
0.941176,0.64,
0.818182,0.642857,
0.733333,0.785714,
0.470588,0.692308,
0.526316,0.555556,
0.4,0.428571,
0.333333,0.428571,
0.705882,0.461538,
0.6,0.7,
0.47619,0.521739,
0.333333,0.35,
0.2,0.25,
0.814815,0.75,
0.777778,0.807692,
0.4,0.444444,
0.526316,0.409091,
0.482759,0.6,
0.333333,0.272727,
0.571429,0.695652,
0.666667,0.5,
0.4,0.384615,
0.65,0.6875,
0.538462,0.7,
0.45,0.6,
0.681818,0.9375,
0.333333,0.222222,
0.692308,0.703704,
0.125,0.0833333,
0.578947,0.846154,
0.5,0.681818,
0.454545,0.454545,
0.769231,0.769231,
0.666667,0.55,
0.730769,0.730769,
0.933333,0.666667,
0.263158,0.384615,
0.363636,0.347826,
0.333333,0.461538,
0.1875,0.2,
0,0,
0.375,0.533333,
0.388889,0.307692,
0.482759,0.56,
0.642857,0.615385,
0.55,0.6875,
0.277778,0.185185,
0.565217,0.583333,
0.590909,0.433333,
0.65,0.684211,
0.357143,0.5,
0.176471,0.176471,
0.521739,0.461538,
0.3,0.333333,
0.357143,0.416667,
0.631579,0.923077,
0.666667,0.888889,
0.153846,0.0909091,
0.363636,0.470588,
0.56,0.56,
0.571429,0.722222,
0.5,0.705882,
0.333333,0.444444,
0.352941,0.368421,
0.0625,0.0833333,
0.2,0.222222,
0.48,0.6,
0.62963,0.571429,
0.52,0.545455,
0.428571,0.4,
0.8,0.615385,
0.411765,0.304348,
0.4,0.428571,
0.222222,0.222222,
0.4,0.6,
0.2,0.222222,
0.3125,0.416667,
0.375,0.375,
0.615385,0.5,
0.470588,0.533333,
0.785714,0.758621,
0.590909,0.464286,
0.75,0.8125,
0.533333,0.5,
0.375,0.4,
0.470588,0.571429,
0.263158,0.357143,
0.333333,0.291667,
0.2,0.166667,
0.238095,0.357143,
0.1,0.0909091,
0,0,
0.833333,0.923077,
0,0,
0,0,
0.375,0.4,
0.266667,0.25,
0.142857,0.181818,
0.421053,0.454545,
0.571429,0.380952,
0.0833333,1,
0.25,0.166667,
0.285714,0.272727,
0.238095,0.307692,
0.772727,0.85,
0.909091,1,
0.521739,0.590909,
0.5,0.4,
0.625,0.666667,
0.842105,0.615385,
0.714286,0.75,
0,0,
0.363636,0.25,
0.913043,0.869565,
0.727273,0.826087,
0.461538,0.352941,
0.375,0.333333,
0.142857,0.117647,
0.153846,0.2,
0.166667,0.111111,
0.695652,0.941176,
0.235294,0.333333,
0.642857,0.703704,
0.0625,0.0833333,
0.615385,0.64,
0.272727,0.333333,
0.5,0.5625,
0.230769,0.272727,
0.375,0.375,
0.26087,0.333333,
0.653846,0.85,
0.481481,0.481481,
0.869565,0.947368,
0.631579,0.571429,
0.133333,0.142857,
0.25,0.4,
0.473684,0.428571,
0.833333,0.689655,
0.666667,0.7,
0.44,0.684211,
0.666667,0.608696,
0.4,0.571429,
0.315789,0.352941,
0.388889,0.368421,
0.52381,0.478261,
0.333333,0.5,
0.777778,0.740741,
0.392857,0.578947,
0.6,0.48,
0.607143,0.894737,
0.2,0.181818,
0.428571,0.352941,
0.846154,0.611111,
0.111111,0.0714286,
0.344828,0.416667,
0.8,0.615385,
0.666667,0.0952381,
0.666667,0.904762,
0,0,
0.318182,0.428571,
0.538462,0.5,
0.368421,0.642857,
0.444444,0.421053,
0.133333,0.1,
0.777778,0.777778,
1,0.37037,
0.421053,0.444444,
0.416667,0.357143,
0.529412,0.473684,
0.6875,0.928571,
0.210526,0.266667,
0.833333,0.633333,
0.73913,0.607143,
0.793103,0.851852,
0.407407,0.55,
0.45,0.555556,
0.590909,0.619048,
0.1875,0.166667,
0.583333,0.736842,
0.518519,0.722222,
0.8,0.791667,
0.3,0.214286,
0.3,0.333333,
0.454545,0.555556,
0.428571,0.857143,
0.0526316,0.0769231,
0.428571,0.333333,
0.363636,0.285714,
0.64,0.615385,
0.291667,0.466667,
0.478261,0.47619,
0.272727,0.230769,
0.32,0.344828,
0,0,
0.72,0.782609,
0.75,0.521739,
0.333333,0.454545,
0.304348,0.318182,
0.851852,0.821429,
0.588235,0.37037,
0.157895,0.176471,
0.4375,0.5,
0.615385,0.444444,
0.678571,0.703704,
0.230769,0.272727,
0.642857,0.5,
0,0,
0.45,0.409091,
0.272727,0.3,
0.461538,0.375,
0.230769,0.15,
0.192308,0.192308,
0.647059,0.785714,
0.727273,0.666667,
0.142857,0.142857,
0.214286,0.272727,
0.653846,1,
0.578947,0.615385,
0.4,0.421053,
0.423077,0.647059,
0.25,0.222222,
0.466667,0.538462,
0.72,0.62069,
0.333333,0.352941,
0,0,
0.448276,0.464286,
0.166667,0.25,
0.588235,0.5,
0.565217,0.736842,
0.642857,0.6,
0.782609,0.666667,
0.333333,0.307692,
0.8,0.8,
0.833333,0.777778,
0.608696,0.555556,
0.210526,0.222222,
0.285714,0.347826,
0.7,0.619048,
0.533333,0.315789,
0.647059,0.44,
0,0,
0.535714,0.789474,
0.5,0.52,
0.272727,0.1875,
0.3125,0.25,
0.592593,0.888889,
0.541667,0.518519,
0.388889,0.269231,
0.375,0.4,
0.785714,0.814815,
0.458333,0.647059,
0.75,0.176471,
0.578947,0.75,
0.8,0.666667,
0.578947,0.785714,
0.566667,0.607143,
0.4,0.266667,
0.333333,0.214286,
0.25,0.2,
0.793103,0.821429,
0.4,0.363636,
0.666667,0.809524,
0.333333,0.363636,
0.1,0.181818,
0.0769231,0.111111,
0.333333,0.3125,
0.47619,0.555556,
0.791667,0.730769,
0.615385,0.571429,
0.4375,0.615385,
0.428571,0.428571,
0.2,0.5,
0.714286,0.545455,
0.75,0.777778,
0.428571,0.545455,
0.571429,0.64,
0.25,0.272727,
0.588235,0.5625,
0,0,
0.625,0.576923,
0.55,0.529412,
0.6875,0.44,
0.6,0.75,
0.5,0.75,
0.571429,0.615385,
0.846154,0.821429,
0.166667,0.166667,
0.5,0.529412,
0.611111,0.578947,
0.821429,0.851852,
1,1,
0.761905,0.576923,
0.733333,0.956522,
0.62069,0.782609,
0.111111,0.1,
0.166667,0.2,
0.730769,0.678571,
0.576923,0.73913,
0.0526316,0.333333,
0.473684,0.421053,
0.0909091,0.0769231,
0.736842,0.538462,
0.285714,0.357143,
0.375,0.333333,
0.55,0.785714,
0.782609,0.72,
0.294118,0.454545,
0,0,
0.4,0.526316,
0.846154,0.733333,
0.6,0.882353,
0.444444,0.571429,
0.571429,0.190476,
0.62069,0.9,
0.823529,0.727273,
0.714286,0.714286,
0.647059,0.478261,
0.736842,0.607143,
0.857143,0.818182,
0.666667,0.7,
0.642857,0.826087,
0.235294,0.210526,
0.1875,0.176471,
0.315789,0.3125,
0.5,0.5625,
1,1,
0.684211,0.705882,
0.4,0.545455,
0.176471,0.214286,
0.333333,0.25,
0.461538,0.4,
0.434783,0.555556,
0.416667,0.357143,
0.533333,0.727273,
0.192308,0.26087,
0.416667,0.434783,
0.2,0.25,
0.533333,0.421053,
0.555556,0.5,
0.526316,0.769231,
0.111111,0.1,
0.176471,0.125,
0.25,0.26087,
0.6,0.695652,
0.416667,0.263158,
0.736842,0.7,
0.47619,0.434783,
0.5,0.5,
0.142857,0.2,
0.214286,0.25,
0.266667,0.285714,
0.636364,0.777778,
0.785714,0.5,
0.666667,0.470588,
0.833333,0.714286,
0.363636,0.266667,
0,0,
0.411765,0.35,
0.642857,0.642857,
0.470588,0.347826,
0.25,0.153846,
0.8,0.789474,
0.44,0.434783,
0.473684,0.526316,
0.285714,0.230769,
0.294118,0.230769,
0.111111,0.125,
0.0833333,0.125,
0.333333,0.3125,
0.65,0.538462,
0.607143,0.555556,
0.357143,0.368421,
0.333333,0.714286,
0.75,0.75,
0.705882,0.857143,
0.578947,0.478261,
0.571429,0.571429,
0.714286,0.454545,
0.483871,0.625,
0.238095,0.3,
0.6,0.461538,
0.55,0.733333,
0.263158,0.357143,
0.529412,0.4,
0.125,0.130435,
0.0714286,0.0769231,
0.576923,0.64,
0.571429,0.64,
0.72,0.9,
0.266667,0.25,
0.352941,0.388889,
0.578947,0.647059,
0.384615,0.3125,
0.730769,0.642857,
0.434783,0.32,
0.241379,0.285714,
0.4375,0.466667,
0.48,0.611111,
0.789474,0.6,
0.192308,0.210526,
0.24,0.26087,
0.380952,0.428571,
0.470588,0.380952,
0.142857,0.5,
0.590909,0.565217,
0.590909,0.52,
0.583333,0.722222,
0.461538,0.55,
0.357143,0.3125,
0.375,0.3,
0.48,0.65,
0.846154,0.55,
0.62963,0.8,
0.571429,0.785714,
1,0.814815,
0.478261,0.6875,
0.384615,0.388889,
0.434783,0.608696,
0.733333,0.5,
0.6,0.428571,
0.357143,0.263158,
0.352941,0.428571,
0.214286,0.230769,
0.363636,0.4,
0.421053,0.533333,
0.545455,0.461538,
0.714286,0.714286,
0.409091,0.409091,
0.458333,0.52,
0.75,0.7,
0.0769231,0.0833333,
0.352941,0.461538,
0.5,0.5,
0.555556,0.518519,
0.576923,0.5,
0.681818,0.5,
0,0,
0.526316,0.555556,
0.709677,0.956522,
0.176471,0.176471,
0.333333,0.473684,
0.904762,0.645161,
0.444444,0.285714,
0.210526,0.2,
0.3,0.181818,
0.625,0.444444,
0.823529,0.538462,
0.4375,0.333333,
0.777778,0.814815,
0.285714,0.375,
0.823529,0.736842,
0.466667,0.4,
0.352941,0.333333,
0.5,0.5,
0.842105,0.551724,
0.5,0.631579,
0.347826,0.296296,
0,0,
0,0,
0.590909,0.8,
0.45,0.692308,
0.416667,0.526316,
0.538462,0.636364,
0.791667,0.772727,
0.434783,0.47619,
0.375,0.272727,
0.307692,0.5,
0.375,0.461538,
0.586207,0.68,
0.2,0.25,
0.851852,0.857143,
0.1875,0.272727,
0.625,0.666667,
0.941176,0.8,
0.52,0.5,
0.615385,0.533333,
0.695652,0.888889,
0.583333,0.6,
0.409091,0.571429,
0.736842,0.607143,
0,0,
0,0,
0.153846,0.153846,
0.565217,0.636364,
0.111111,0.0666667,
0.652174,0.772727,
0.333333,0.25,
0.466667,0.35,
0.153846,0.25,
0.565217,0.5,
0.458333,0.578947,
0.4375,0.416667,
0.5,0.555556,
0.411765,0.411765,
0.380952,0.380952,
0.5,0.4375,
1,1,
0.611111,0.5,
0.230769,0.176471,
0.0909091,0.0769231,
0.583333,0.636364,
0.8,0.727273,
0.535714,0.681818,
0.75,0.521739,
0.5625,0.5625,
0.321429,0.428571,
0.35,0.4375,
0.214286,0.272727,
0.7,0.68,
0.666667,0.64,
0.37037,0.428571,
0.863636,0.703704,
0.25,0.4,
0.6,0.538462,
0.913043,0.846154,
0.411765,0.318182,
0.538462,0.833333,
0.666667,0.631579,
0.444444,0.571429,
0.84,0.857143,
0.111111,0.125,
0.6,0.578947,
0.222222,0.285714,
0.0666667,0.0769231,
0.5,0.5,
0.692308,0.73913,
0.285714,0.333333,
0.4,0.25,
0.666667,0.56,
0.6,0.444444,
0.615385,0.809524,
0.529412,0.5,
0.73913,0.653846,
0.73913,0.642857,
0.434783,0.647059,
0.6,0.517241,
0.4,0.263158,
0,0,
0.384615,0.454545,
0.333333,0.285714,
0.461538,0.545455,
1,0.678571,
0,0,
0.0833333,0.0833333,
0.846154,0.846154,
0.642857,0.6,
0.571429,0.5,
0.45,0.428571,
0.266667,0.285714,
0.1875,0.1875,
0.72,0.75,
0.727273,0.6,
0.333333,0.3125,
0.222222,0.142857,
0.416667,0.263158,
0.352941,0.263158,
0.5,0.526316,
0.652174,0.652174,
0.7,0.8125,
0.347826,0.4,
0.56,0.56,
0.8,0.8,
0.703704,0.72,
0.703704,0.791667,
0.333333,0.166667,
0.272727,1,
0.851852,0.814815,
0.380952,0.533333,
0.25,0.166667,
0.333333,0.5,
0.384615,0.384615,
0,0,
0.5,0.545455,
0.580645,0.72,
0.785714,0.909091,
0.75,0.5,
0.166667,0.1875,
0.277778,0.26087,
0.5,0.545455,
0.375,0.3,
0.357143,0.461538,
0.35,0.222222,
0.72,0.761905,
0.307692,0.285714,
0.214286,0.214286,
0.75,0.807692,
0.555556,0.434783,
0.909091,0.625,
0.333333,0.375,
0.666667,0.454545,
0.235294,0.285714,
0.6,0.391304,
0.310345,0.346154,
0.666667,0.608696,
0.5,0.666667,
0.125,0.214286,
0.454545,0.625,
0.380952,0.4,
1,0.75,
0.25,0.166667,
0.315789,0.3,
0.25,0.192308,
0.142857,0.0769231,
0.76,0.863636,
0.6,0.461538,
0.375,0.26087,
0.6,0.521739,
0.2,0.166667,
0.947368,0.692308,
0.263158,0.294118,
0.724138,0.785714,
0.4,0.52381,
0.214286,0.166667,
0.214286,0.272727,
0.5,0.434783,
0.230769,0.1875,
0.4375,0.411765,
0.5,0.647059,
0.304348,0.368421,
0.642857,0.409091,
0.866667,0.590909,
0.583333,0.666667,
0.172414,0.25,
0.416667,0.5,
0.333333,0.285714,
0.444444,0.375,
0.285714,0.333333,
0,0,
0.304348,0.291667,
0.3125,0.333333,
0.590909,0.407407,
0,0,
0.615385,0.5,
0.5,0.388889,
0.714286,0.454545,
0.285714,0.533333,
0.5,0.411765,
0.5,0.428571,
0.791667,0.826087,
0.444444,0.5,
0.529412,0.5,
0.473684,0.346154,
0.533333,0.444444,
0.684211,0.684211,
0.6,0.4,
0.416667,0.5,
0.380952,0.363636,
0.678571,0.730769,
0.55,0.416667,
0.3,0.25,
0.1,0.0588235,
0.2,0.307692,
0.230769,0.272727,
0.166667,1,
0.423077,0.55,
0.5,0.45,
0.555556,0.615385,
0.703704,0.714286,
0.681818,0.56,
0.47619,0.36,
0.85,0.548387,
0.347826,0.4,
0.708333,0.566667,
0.214286,0.1875,
0.272727,0.3,
0.533333,0.538462,
0.75,0.72,
0.235294,0.173913,
0.285714,0.181818,
0.111111,0.125,
0.565217,0.647059,
0.6875,0.55,
0.684211,0.464286,
0.8125,1,
0,0,
0.368421,0.583333,
0.533333,0.5625,
0.785714,0.863636,
0.428571,0.315789,
0.65,0.590909,
0.583333,0.777778,
0.272727,0.375,
0,0,
0,0,
0.3,0.333333,
0.5,0.541667,
0.2,0.25,
0.3,0.461538,
0.636364,0.619048,
0.346154,0.45,
0.333333,0.5,
0.76,0.72,
0.571429,0.571429,
0.695652,0.666667,
0.1875,0.230769,
0.636364,0.65,
0.65,0.464286,
0.75,0.5,
0.705882,0.7,
0.842105,0.6,
0.285714,0.266667,
0.26087,0.3,
0.333333,0.230769,
0.227273,0.217391,
0.75,0.652174,
0.307692,0.285714,
0.428571,0.4,
0.625,0.789474,
0.923077,0.705882,
0.666667,0.692308,
0.882353,0.571429,
0.428571,0.545455,
0.52,0.684211,
1,0.571429,
0.0833333,0.111111,
0.423077,0.5,
0.478261,0.733333,
0.576923,0.52,
0.545455,0.588235,
0.428571,0.25,
0.666667,0.666667,
0.384615,0.263158,
0.4,0.4,
0.782609,0.833333,
0.541667,0.5,
0.333333,0.318182,
0.473684,0.5,
0.535714,0.681818,
0.578947,0.52,
0.545455,0.666667,
0.571429,0.695652,
0.5625,0.473684,
0.3,0.333333,
0.454545,0.5,
0.0666667,0.0769231,
0.0769231,0.0833333,
0.869565,0.714286,
0.4,0.571429,
0.741935,0.785714,
0.307692,0.2,
0.25,0.157895,
0.538462,0.473684,
0.352941,0.272727,
0.5,0.518519,
0.793103,0.862069,
0.6,0.461538,
0.428571,0.321429,
0.333333,0.461538,
0.6,0.6,
0.6875,0.578947,
0.576923,0.652174,
0.352941,0.375,
0.0555556,0.0909091,
0.263158,0.277778,
0.722222,0.722222,
0.6,0.8,
0.6,0.428571,
0.3,0.230769,
0.6875,0.647059,
0.3,0.230769,
0.65,0.764706,
0.333333,0.333333,
0.642857,0.588235,
0.2,0.285714,
0.37037,0.37037,
0.714286,0.75,
0.25,0.2,
0.173913,0.25,
0.333333,0.4,
0.454545,0.333333,
0.615385,0.470588,
0.8,0.65,
0.4,0.4,
0.666667,0.857143,
0.363636,0.32,
0.454545,0.357143,
0.6875,0.588235,
0.1,0.125,
0.88,0.92,
0.652174,0.75,
0.3,0.230769,
0.5,0.434783,
0.730769,0.689655,
0,0,
0.428571,0.692308,
0.772727,0.75,
0.478261,0.458333,
0.705882,0.590909,
0.333333,0.25,
0.4,0.6,
0.5,0.142857,
0.5,0.545455,
0.666667,0.47619,
0,0,
0.625,0.75,
0.47619,0.55,
0.6,0.75,
0.368421,0.368421,
0.333333,0.45,
0.48,0.6,
0.666667,0.615385,
0.666667,0.888889,
0.25,0.375,
0.851852,0.884615,
0.454545,0.416667,
0.55,0.478261,
0.894737,0.62963,
0.470588,0.5,
0.481481,0.764706,
0.416667,0.384615,
0.733333,0.5,
0.333333,0.222222,
0.636364,0.6,
0.681818,0.535714,
0.173913,0.8,
0.65,0.5,
0.333333,0.461538,
0.296296,0.363636,
0.222222,0.266667,
0.518519,0.777778,
0.35,0.368421,
0.714286,0.652174,
0.777778,0.583333,
0.761905,0.64,
0,0,
0.117647,0.142857,
0.307692,0.25,
0.6875,0.52381,
0.5625,0.375,
0.678571,0.769231,
0.111111,0.15,
0.272727,0.26087,
0.307692,0.444444,
0.545455,0.5,
0.769231,0.814815,
0.363636,0.307692,
0.583333,0.909091,
0.222222,0.25,
0.407407,0.52381,
0.666667,0.857143,
0.692308,0.45,
0.75,0.7,
0.740741,0.740741,
0.5,0.6,
0.409091,0.428571,
0.842105,0.666667,
0.461538,0.541667,
0.315789,0.461538,
0.166667,0.230769,
0.333333,0.5,
0.789474,0.8125,
0.538462,0.421053,
0.9375,0.75,
0.636364,0.666667,
0.75,0.72,
1,0.791667,
0.647059,0.55,
0.473684,0.692308,
0.409091,0.3,
0.434783,0.588235,
0.619048,0.521739,
0.166667,0.153846,
0.541667,0.52,
0.724138,0.909091,
0.380952,0.5,
0.333333,0.352941,
0.818182,0.72,
0.692308,0.782609,
0.1,0.0909091,
0.863636,0.826087,
0.470588,0.318182,
0.2,0.285714,
0.571429,0.461538,
0.461538,0.352941,
0.8,0.615385,
0.619048,0.5,
0.409091,0.470588,
0.416667,0.238095,
0.566667,0.571429,
0.76,0.826087,
0.333333,0.266667,
0.266667,0.222222,
0.384615,0.294118,
0.882353,0.681818,
0.352941,0.315789,
0.8,0.740741,
0.416667,0.333333,
0.125,0.125,
0.0625,0.0769231,
0.75,0.5,
0.6,0.592593,
0.842105,0.761905,
0.52381,0.5,
0.15,0.166667,
0.142857,0.2,
0.785714,0.55,
0.347826,0.333333,
0.444444,0.421053,
0.846154,0.913043,
0.612903,0.76,
0.222222,0.142857,
0.611111,0.785714,
1,0.75,
0.0909091,0.0909091,
0.866667,0.590909,
0.5,0.521739,
0.296296,0.347826,
0.363636,0.571429,
0.4,0.4,
0.758621,0.758621,
0.461538,0.545455,
0.538462,0.7,
0.2,0.266667,
0.368421,0.411765,
0.384615,0.384615,
0.1,0.0625,
0.5,0.52381,
0.153846,0.117647,
0.777778,0.821429,
0.578947,0.578947,
0.769231,0.5,
0.48,0.590909,
0.26087,0.238095,
0,0,
0.65,0.592593,
0.277778,0.357143,
0.88,0.758621,
0.32,0.307692,
0.95,0.833333,
0.666667,0.517241,
0.5625,0.391304,
0.73913,0.571429,
0.782609,0.833333,
0.857143,0.6,
0.291667,0.269231,
0.590909,0.48,
0.782609,0.809524,
0.535714,0.576923,
0.583333,0.615385,
0.375,0.6,
0.2,0.2,
0.235294,0.333333,
0.222222,0.2,
0.375,0.315789,
0.333333,0.217391,
0.740741,0.689655,
0.136364,0.214286,
0.3125,0.416667,
0.653846,0.73913,
0.692308,0.529412,
0.0714286,0.0526316,
0.1,0.1,
0.333333,0.416667,
0.75,0.692308,
0,0,
0.416667,0.5,
0.625,0.55,
0.357143,0.277778,
0.368421,0.388889,
0.428571,0.409091,
0.681818,0.681818,
0,0,
0.464286,0.5,
0.428571,0.315789,
0.388889,0.428571,
0.933333,0.636364,
0.888889,0.827586,
0.333333,0.333333,
0.722222,0.75,
0.315789,0.227273,
0.571429,0.652174,
0.0714286,0.0909091,
0,0,
0.521739,0.473684,
0.380952,0.642857,
0.592593,0.708333,
0.32,0.347826,
0.5,0.1,
0.304348,0.35,
0.363636,0.5,
0.238095,0.227273,
0.3,0.1875,
0.214286,0.230769,
0.625,0.384615,
0.25,0.4,
0.263158,0.294118,
0.592593,0.818182,
0.555556,0.652174,
0.863636,0.642857,
0.307692,0.235294,
0.434783,0.6,
0.142857,0.133333,
0.733333,0.52381,
0.272727,0.25,
0,0,
0.315789,0.26087,
0.125,0.0909091,
0.842105,0.5,
0.4,0.5,
0.26087,0.185185,
0.842105,0.8,
0.625,0.769231,
0.703704,0.791667,
0.142857,0.166667,
0.411765,0.466667,
0,0,
0.5,0.538462,
0.307692,0.4,
0.333333,0.05,
0.5625,0.642857,
0.75,0.517241,
0.444444,0.611111,
0.181818,0.125,
0.608696,0.608696,
0.65,0.619048,
0.142857,0.181818,
0.333333,0.363636,
0.117647,0.153846,
0.52381,0.619048,
0.380952,0.571429,
0.684211,0.5,
0.85,0.772727,
0.678571,0.826087,
0.4,0.318182,
0.6,0.583333,
0.538462,0.5,
0.294118,0.416667,
0.692308,0.642857,
0.647059,0.578947,
0.428571,0.352941,
0.28125,0.37931,
0.625,0.391304,
0.318182,0.285714,
0.25,0.176471,
0.333333,0.3,
0.454545,0.47619,
0.4,0.357143,
0.56,0.736842,
0.6,0.642857,
0.423077,0.5,
0.434783,0.526316,
0.2,0.166667,
0.478261,0.5,
0.631579,0.571429,
0.545455,0.428571,
0.9,0.791667,
0.62963,0.8,
0.235294,0.142857,
0.333333,0.333333,
0.5,0.555556,
0.571429,0.64,
0.5,0.75,
0.619048,0.448276,
0.166667,0.222222,
0.857143,0.666667,
0.428571,0.428571,
0.166667,0.15,
0.55,0.434783,
0.357143,0.384615,
0.578947,0.458333,
0.5,0.333333,
0.0588235,0.0833333,
0.896552,0.8125,
0.615385,0.4,
0.357143,0.277778,
0.153846,0.181818,
0.56,0.608696,
0.608696,0.56,
0.521739,0.461538,
0.625,0.5,
0.590909,0.65,
0.5,0.315789,
0.785714,0.578947,
0.307692,0.368421,
0.5,0.357143,
0.681818,0.555556,
0.222222,0.266667,
0.266667,0.263158,
0.0769231,0.1,
0.769231,0.692308,
0.466667,0.583333,
0.454545,0.47619,
0.636364,0.428571,
0.615385,0.636364,
0.25,0.222222,
0.789474,0.708333,
0.333333,0.25,
0.615385,0.571429,
0.774194,1,
0.571429,0.533333,
0.666667,0.5,
0.266667,0.235294,
0.214286,0.230769,
0.285714,0.3,
0.5,0.529412,
0.611111,0.444444,
0.666667,0.6,
0.375,0.5625,
0.44,0.647059,
0.125,0.0909091,
0.6,0.538462,
0.142857,0.4,
0.333333,0.454545,
0.2,0.25,
0.692308,0.642857,
0.65,0.464286,
0,0,
0.296296,0.277778,
0.277778,0.178571,
0.263158,0.217391,
0.222222,0.285714,
0.181818,0.235294,
0.578947,0.454545,
0.571429,0.421053,
0.291667,0.333333,
0.1,0.0769231,
1,0.944444,
0.142857,0.117647,
0.416667,0.357143,
0.37931,0.44,
0.25,0.4,
0.666667,0.75,
0.6,0.857143,
0.222222,0.285714,
0.230769,0.230769,
0,0,
0.428571,0.44,
0.5,0.583333,
0.470588,0.318182,
0.0909091,0.0909091,
0.304348,0.333333,
0.36,0.529412,
0.454545,0.48,
0.538462,0.608696,
0.6,0.857143,
0.571429,0.470588,
0.269231,0.357143,
0.535714,0.833333,
0.88,0.785714,
0.785714,0.785714,
0.473684,0.5625,
0.125,0.1,
0.652174,0.764706,
0.526316,0.769231,
0.619048,0.52,
0.272727,0.375,
0.5,0.538462,
0.2,0.25,
0.5,0.518519,
0.551724,0.842105,
0.277778,0.263158,
0.666667,0.5,
0.318182,0.388889,
0.761905,0.652174,
0.625,0.555556,
0.190476,0.266667,
0.0588235,0.0909091,
0.4,0.47619,
0.666667,0.833333,
0.555556,0.769231,
0.571429,0.72,
0.25,0.333333,
0.714286,0.565217,
1,0.347826,
0.464286,0.458333,
0.117647,0.125,
0.611111,0.478261,
0.526316,0.47619,
0.821429,0.954545,
0.5625,0.529412,
0.227273,0.263158,
0.423077,0.458333,
0.235294,0.333333,
0.272727,0.3,
0.588235,0.909091,
0.458333,0.521739,
0.555556,0.52381,
0.352941,0.3125,
0.166667,0.153846,
0.714286,0.652174,
0.65,0.666667,
0.181818,0.285714,
0.666667,0.461538,
0.708333,0.607143,
0.0909091,0.0833333,
0.647059,0.5,
0,0,
0.277778,0.416667,
0.555556,0.56,
0.538462,0.52,
0.166667,0.105263,
0.4375,0.368421,
0.272727,0.176471,
0.583333,0.368421,
0.625,0.615385,
0.636364,0.583333,
0.166667,0.153846,
0.333333,0.222222,
0.52,0.705882,
0.6,0.461538,
0.545455,0.541667,
0.444444,0.444444,
0.409091,0.346154,
0.7,0.9,
0.642857,0.529412,
0.363636,0.333333,
0.655172,0.863636,
0.619048,0.933333,
0.0769231,0.0625,
0.592593,0.653846,
0.142857,0.142857,
0.481481,0.565217,
0.25,0.2,
0.272727,0.294118,
0.375,0.315789,
0.681818,1,
0.75,0.681818,
0.333333,0.466667,
0.153846,0.125,
0.615385,0.535714,
0.470588,0.533333,
0.882353,0.625,
0.318182,0.352941,
0.517241,0.772727,
0.578947,0.6,
0.333333,0.166667,
0.565217,0.590909,
0.0625,0.0625,
0.285714,0.444444,
0.777778,0.538462,
0.571429,0.521739,
0.153846,0.166667,
0.631579,0.521739,
0.0909091,0.111111,
0.333333,0.363636,
0.695652,0.592593,
0.176471,0.214286,
0.230769,0.166667,
0.0952381,0.117647,
0.791667,0.818182,
0.230769,0.375,
0.566667,0.857143,
0.5,0.391304,
0.791667,0.791667,
0.0666667,0.0555556,
0.863636,0.863636,
0.368421,0.411765,
0.307692,0.32,
0.272727,0.25,
0.166667,0.111111,
0.583333,0.388889,
0.333333,0.384615,
0.533333,0.380952,
0.444444,0.363636,
0.421053,0.421053,
0.363636,0.235294,
0,0,
0.758621,0.793103,
0.733333,0.5625,
0.461538,0.4,
0.45,0.37037,
0.611111,0.6875,
0.375,0.230769,
0.666667,0.444444,
0.705882,0.705882,
0,0,
0.8,0.705882,
0.428571,0.4,
0.666667,0.678571,
0.363636,0.25,
0.625,0.833333,
0.705882,0.428571,
0.363636,0.25,
0.666667,0.590909,
0.411765,0.466667,
0.0666667,0.111111,
0.869565,0.769231,
0.571429,0.592593,
0.5,0.5,
0.272727,0.235294,
0.25,0.1875,
0.571429,0.571429,
0.619048,0.65,
0.47619,0.529412,
0.235294,0.2,
0.375,0.368421,
0.142857,0.181818,
0.5,0.5,
0.25,0.321429,
0.384615,0.625,
0.4,0.416667,
0.5,0.5,
0.368421,0.32,
0.3125,0.294118,
0.538462,0.481481,
0.7,0.608696,
0.333333,0.285714,
0.857143,0.821429,
0.5,0.428571,
0.666667,0.555556,
0.277778,0.3125,
0.473684,0.409091,
0.307692,0.307692,
0.692308,0.72,
0.62069,0.62069,
0.818182,0.75,
0.583333,0.666667,
0.357143,0.357143,
0.666667,0.842105,
0.666667,0.875,
0.3125,0.238095,
0.611111,0.521739,
0.142857,0.136364,
0.619048,0.481481,
0.416667,0.526316,
0.444444,0.75,
0.428571,0.277778,
0.47619,0.588235,
0.555556,0.588235,
0.782609,0.666667,
0.625,0.714286,
0.727273,0.695652,
0.473684,0.428571,
0.586207,0.68,
0.521739,0.705882,
0.391304,0.529412,
0.615385,0.615385,
0.7,0.8125,
0.428571,0.642857,
0.6,0.518519,
0.8,0.8,
1,1,
0.888889,0.571429,
0.6,0.631579,
0.357143,0.321429,
0.538462,0.466667,
0.692308,0.68,
0.85,0.62963,
0.4,0.375,
0.307692,0.25,
1,0.692308,
0.307692,0.272727,
0.733333,0.55,
0.153846,0.363636,
0.4,0.25,
0.555556,0.666667,
0.307692,0.190476,
0.8,0.758621,
0.166667,0.3,
0.681818,0.714286,
0.470588,0.444444,
0.5,0.409091,
0.473684,0.391304,
0.5,0.52,
0.862069,0.833333,
0.222222,0.307692,
0.6,0.882353,
0.346154,0.333333,
0.166667,0.153846,
0.1,0.0833333,
0.111111,0.142857,
0.307692,0.307692,
0.619048,0.541667,
0.588235,0.478261,
0.714286,0.714286,
0.333333,0.5,
0.772727,0.75,
0.4375,0.777778,
0.0625,0.0769231,
0.607143,0.666667,
0.461538,0.578947,
0.615385,0.615385,
0.166667,0.222222,
0.181818,0.181818,
0.4,0.5625,
0.4,0.434783,
0.294118,0.263158,
0.478261,0.52381,
0.461538,0.333333,
0.285714,0.461538,
0.68,0.5,
1,1,
0.533333,0.583333,
0.533333,0.421053,
0.454545,0.461538,
0.769231,0.807692,
0.571429,0.413793,
0.357143,0.25,
0.142857,0.25,
0.388889,0.466667,
0.625,0.652174,
0.454545,0.454545,
0.535714,0.714286,
0.555556,0.625,
0.866667,0.5,
0.933333,0.583333,
0.458333,0.6875,
0.6,0.695652,
0,0,
0.5,0.666667,
0.666667,0.645161,
0.5,0.545455,
0.428571,0.368421,
0.481481,0.619048,
0.578947,0.578947,
0.2,0.125,
0.285714,0.307692,
0.230769,0.1875,
0.470588,0.470588,
0.730769,0.826087,
0.6875,0.52381,
0.4,0.4,
0.25,0.272727,
0.736842,0.535714,
1,1,
0.470588,0.363636,
0.647059,0.571429,
0.625,0.583333,
0.75,0.652174,
0.266667,0.333333,
0.384615,0.25,
0.285714,0.352941,
0.125,0.166667,
0.409091,0.529412,
0.56,0.75,
0.586207,0.607143,
0.111111,0.0434783,
0.391304,0.529412,
0.238095,0.294118,
0.190476,0.285714,
0.5,0.5625,
0.5,0.470588,
0.764706,0.684211,
0.647059,0.423077,
1,0.666667,
0.333333,0.444444,
0.318182,0.421053,
0.611111,0.5,
0.2,0.214286,
0.538462,0.421053,
1,0.5,
0.333333,0.444444,
0.8,0.615385,
0.3,0.214286,
0.111111,0.111111,
0.5,0.333333,
0.4375,0.636364,
0.470588,0.533333,
0.473684,0.47619,
0.0555556,0.0666667,
0.9,0.666667,
0.473684,0.6,
0,0,
0.769231,0.777778,
0.7,0.583333,
0.470588,0.470588,
0.407407,0.5,
0.722222,0.65,
0.533333,0.533333,
0.142857,0.142857,
0.235294,0.384615,
0.368421,0.461538,
0.357143,0.357143,
0.333333,0.5,
0.5,0.555556,
0.3125,0.266667,
0,0,
0.52,0.608696,
0.315789,0.461538,
0.0833333,0.0625,
0.592593,0.64,
0.84,0.954545,
0.5625,0.473684,
0.307692,0.266667,
0.7,0.545455,
0,0,
0.571429,0.571429,
0.5625,0.9,
0.714286,0.75,
0.44,0.5,
0.333333,0.454545,
0.777778,0.619048,
0.0769231,0.0588235,
0,0,
0.0833333,0.0714286,
0.25,0.25,
0.478261,0.625,
0.478261,0.647059,
0.347826,0.291667,
0.692308,0.6,
0.166667,0.157895,
0.75,0.782609,
0.857143,0.6,
0.5,0.285714,
0.285714,0.25,
0.821429,0.857143,
0.47619,0.454545,
0.791667,0.791667,
0.538462,0.35,
0,0,
0.533333,0.5,
0.4,0.571429,
0.5,0.555556,
0.681818,0.555556,
0.421053,0.333333,
0.333333,0.583333,
0.619048,0.481481,
0.535714,0.882353,
0.285714,0.444444,
0.72,0.62069,
0.333333,0.238095,
0.0555556,0.0909091,
0.352941,0.5,
0.428571,0.5,
0.789474,0.882353,
0.4,0.5,
0.235294,0.25,
0.15,0.142857,
0.230769,0.2,
0.176471,0.166667,
0.411765,0.368421,
0.333333,0.269231,
0.269231,0.28,
0.4,0.5,
0.473684,0.391304,
0.368421,0.4,
0.407407,0.55,
0.470588,0.318182,
0.615385,0.64,
0.551724,0.695652,
0.363636,0.4,
0.909091,0.869565,
0.375,0.45,
0.730769,0.826087,
0.851852,0.884615,
0.684211,0.448276,
0.3125,0.416667,
0,0,
0.551724,0.576923,
0.888889,0.851852,
0.73913,0.708333,
0.333333,0.461538,
0.470588,0.5,
0.571429,0.318182,
0.352941,0.315789,
0.47619,0.578947,
0.590909,0.722222,
0.423077,0.461538,
0.357143,0.277778,
0.44,0.37037,
0,0,
0.173913,0.210526,
0.133333,0.125,
0.758621,0.814815,
0.0666667,0.0769231,
0.809524,0.809524,
0.466667,0.368421,
0.461538,0.428571,
0.333333,0.333333,
0.222222,0.2,
0.571429,0.521739,
0.461538,0.375,
0.5,0.388889,
0.75,0.769231,
0.222222,0.222222,
0.4,0.538462,
0.333333,0.214286,
0.307692,0.285714,
0.464286,0.708333,
0.4,0.434783,
0.708333,0.772727,
0.461538,0.277778,
0.818182,0.588235,
0,0,
0.3125,0.238095,
0.827586,0.741935,
0.538462,0.565217,
0.333333,0.173913,
0.5,0.571429,
0.272727,0.333333,
0.8,0.666667,
0.357143,0.263158,
0.5625,0.733333,
0.409091,0.409091,
0.1,0.0909091,
0.4,0.571429,
0.636364,0.6,
0.8,0.7,
0.357143,0.294118,
0.368421,0.4375,
0.714286,0.625,
0.315789,0.375,
0.222222,0.315789,
0.428571,0.473684,
0.681818,0.6,
0.315789,0.375,
0.466667,0.368421,
0,0,
0.363636,0.285714,
0.315789,0.230769,
0.529412,0.666667,
0.263158,0.357143,
0.263158,0.333333,
0.538462,0.45,
0.333333,0.636364,
0.681818,0.666667,
0.533333,0.363636,
0.222222,0.210526,
0.733333,0.478261,
0.785714,0.647059,
0.73913,0.772727,
0.882353,0.833333,
0.473684,0.529412,
0.210526,0.3125,
0.791667,0.642857,
0.625,0.4,
0.428571,0.428571,
0.363636,0.363636,
0.25,0.277778,
0.307692,0.294118,
0.307692,0.214286,
0.555556,0.882353,
0.375,0.230769,
0.636364,0.56,
0.37037,0.47619,
0,0,
0.2,0.285714,
0.304348,0.4,
0.52,0.461538,
0.615385,0.777778,
0,0,
0.6,0.5625,
0.25,0.157895,
0.28,0.411765,
0.727273,0.4,
0.4,0.346154,
0.821429,0.821429,
0.26087,0.285714,
0.68,0.72,
0.142857,0.0833333,
0.318182,0.222222,
0.6,0.576923,
0.782609,0.678571,
0.142857,0.222222,
0.555556,0.833333,
0,0,
0.214286,0.214286,
0.533333,0.8,
0.681818,0.625,
0.5,0.5,
0.666667,0.769231,
0.75,0.857143,
0.538462,0.7,
0.133333,0.133333,
0.517241,0.681818,
0.375,0.5,
0.571429,0.4,
0.307692,0.2,
0.615385,0.73913,
0.3125,0.454545,
0.684211,0.722222,
0.454545,0.5,
0.727273,0.5,
0.727273,1,
0.611111,0.611111,
0.357143,0.277778,
0.352941,0.333333,
0.375,0.4375,
0.583333,0.583333,
0.466667,0.388889,
0.25,0.25,
0.466667,0.4375,
0.619048,0.733333,
0.407407,0.578947,
0.607143,0.85,
0.842105,0.64,
0.35,0.26087,
0.5,0.458333,
0.291667,0.304348,
0.470588,0.380952,
0.392857,0.526316,
0.214286,0.5,
0,0,
0.5,0.7,
0.304348,0.5,
0.277778,0.227273,
0.285714,0.285714,
0.318182,0.318182,
0.833333,0.857143,
0.64,0.535714,
0.454545,0.416667,
0.434783,0.458333,
0.444444,0.533333,
0.318182,0.411765,
0.4,0.4,
0.1875,0.230769,
0.736842,0.7,
0.333333,0.333333,
0.6875,0.6875,
0.821429,0.851852,
0.333333,0.222222,
0.307692,0.363636,
0.72,0.666667,
0.166667,0.285714,
0.607143,0.72,
0.3125,0.294118,
0.5,0.541667,
0.444444,0.7,
0.555556,0.571429,
0.222222,0.25,
0.619048,0.481481,
0.307692,0.35,
0,0,
0.966667,1,
0.724138,0.75,
0.416667,0.333333,
0.142857,0.142857,
0.666667,0.47619,
0.526316,0.5,
0.4,0.421053,
0.235294,0.266667,
0.176471,0.75,
0.421053,0.5,
0.4,0.5,
0.25,0.190476,
0.25,0.285714,
0.5625,0.473684,
0.65,0.684211,
0.48,0.545455,
0.375,0.428571,
0,0,
0.615385,1,
0.52,0.681818,
0.526316,0.625,
0.909091,0.791667,
0.565217,0.65,
0.461538,0.555556,
0.516129,0.615385,
0.4375,0.388889,
0.3,0.428571,
0.5,0.6,
0.8,0.607143,
0.47619,0.454545,
0.642857,0.473684,
0.789474,0.75,
0.6,0.391304,
0.5,0.666667,
0.590909,0.565217,
0.62963,0.73913,
0.0833333,0.0666667,
0.277778,0.384615,
0.56,0.666667,
0.357143,0.5,
0.625,0.714286,
0.307692,0.4,
0.2,0.176471,
0.5,0.6,
0.25,0.25,
0.586207,0.842105,
0.521739,0.461538,
0.52381,0.5,
0.541667,0.684211,
0.375,0.5,
0.2,0.285714,
0.68,0.666667,
0.52,0.56,
0.375,0.3,
0.214286,0.333333,
0.272727,0.1875,
0.5,0.571429,
0.703704,0.857143,
0.857143,0.678571,
0.0833333,0.153846,
0.538462,0.576923,
0.571429,0.5625,
0.294118,0.416667,
0.238095,0.208333,
0.631579,0.5,
0.285714,0.266667,
0.583333,0.470588,
0.375,0.52381,
0.88,0.846154,
0.642857,0.5625,
0.636364,0.411765,
0.518519,0.545455,
0.7,0.666667,
0.555556,0.416667,
0.35,0.333333,
0.5,0.307692,
0.380952,0.333333,
0.1875,0.230769,
0.222222,0.25,
0.333333,0.3125,
0.3,0.428571,
0.4,0.545455,
0.25,0.230769,
0.846154,0.814815,
0.266667,0.190476,
0.25,0.166667,
0,0,
0.45,0.310345,
0.375,0.5,
0.294118,0.3125,
0.363636,0.307692,
0.0555556,0.0769231,
0,0,
0.65,0.714286,
0,0,
0.25,0.153846,
0.333333,0.210526,
0.454545,0.5625,
0.736842,0.608696,
0.454545,0.392857,
0.533333,0.409091,
0.384615,0.294118,
0.230769,1,
0.222222,0.181818,
0.454545,0.363636,
0.307692,0.285714,
0.3,0.2,
0.4,0.4,
0.823529,0.625,
0.666667,0.8,
1,1,
0.35,0.318182,
0.75,0.529412,
0.428571,0.545455,
0,0,
0.538462,0.368421,
0.125,0.142857,
0.75,0.777778,
0.153846,0.133333,
0.730769,0.904762,
0.125,0.111111,
0.272727,0.307692,
0.368421,0.28,
0.3125,0.538462,
0.578947,0.647059,
0.75,0.535714,
0.608696,0.56,
0.722222,0.764706,
0.428571,0.642857,
0.821429,0.7,
0.105263,0.153846,
0.421053,0.526316,
0.363636,0.3125,
0.222222,0.210526,
0.388889,0.35,
0.894737,0.653846,
0.142857,0.142857,
0.571429,0.785714,
0.416667,0.333333,
0.428571,0.363636,
0.28,0.368421,
0.47619,0.416667,
0.65,1,
0.84,0.689655,
0.384615,0.3125,
0.555556,0.458333,
0.230769,0.1875,
0.807692,0.75,
0.666667,0.608696,
0.25,0.25,
0,0,
0.5,0.588235,
0.0833333,0.0833333,
0.615385,0.888889,
0.55,0.785714,
0.777778,0.777778,
0.684211,0.636364,
0.777778,0.777778,
0.541667,0.684211,
0.0909091,0.0714286,
0.588235,0.555556,
0.285714,0.181818,
0,0,
0.263158,0.263158,
0.384615,0.666667,
0.652174,0.583333,
0.5,0.619048,
0.307692,0.384615,
0.615385,1,
0.647059,0.52381,
0.428571,0.461538,
0.315789,0.466667,
0.25,0.25,
0.538462,0.464286,
0.333333,0.375,
0.653846,0.814815,
0.5,0.727273,
0.8,0.695652,
0.4,0.3,
0.333333,0.272727,
0.318182,0.461538,
0.458333,0.423077,
0.352941,0.434783,
0.16,0.235294,
0.5,0.142857,
0.148148,0.148148,
0.869565,0.76,
0,0,
0.416667,0.714286,
0.0769231,0.0909091,
0.5,0.458333,
0.466667,0.368421,
0.142857,0.133333,
0.444444,0.333333,
0.681818,0.555556,
0.333333,0.210526,
0.5625,0.36,
0.615385,0.666667,
0,0,
0.333333,0.5,
0.272727,0.2,
0.555556,0.5,
0.1,0.0769231,
0.64,0.642857,
0.434783,0.47619,
0.1875,0.25,
0.3,0.25,
0.555556,0.576923,
0.705882,0.464286,
0.777778,0.518519,
0.666667,0.5,
0,0,
0.578947,0.392857,
0.0714286,0.0769231,
0.192308,0.222222,
0.481481,0.619048,
0.272727,0.3,
0.409091,0.529412,
0.727273,0.695652,
0.538462,0.368421,
0.423077,0.578947,
0.615385,0.727273,
0.684211,0.52,
0.176471,0.3,
0.666667,0.789474,
1,0.766667,
0.583333,0.388889,
0.428571,0.571429,
0.8,0.689655,
0.684211,0.764706,
0.3125,0.375,
0.681818,0.823529,
0.535714,0.789474,
0.6,0.789474,
0.6875,0.55,
0,0,
0.4,0.307692,
0.388889,0.375,
0.363636,0.176471,
0.4,0.375,
0.352941,0.454545,
0.384615,0.454545,
0.8125,0.681818,
0.26087,0.333333,
0.666667,0.47619,
0.894737,0.73913,
0.142857,0.210526,
0.2,0.2,
0.666667,0.821429,
0.631579,0.52,
0.615385,0.421053,
0.35,0.28,
0.535714,0.789474,
0.588235,0.526316,
0.521739,0.666667,
0.428571,0.6,
0.444444,0.470588,
0.590909,0.631579,
0.230769,0.25,
0.363636,0.363636,
0.714286,0.894737,
0.5,0.611111,
0.68,0.703704,
0.5,0.466667,
0.352941,0.333333,
0.85,0.772727,
0.642857,0.75,
0.64,0.761905,
1,0.611111,
0.454545,0.526316,
0.769231,0.7,
0.222222,0.181818,
0.347826,0.4375,
0.181818,0.2,
0.521739,0.48,
0.769231,0.689655,
0.434783,0.5,
0.6,0.555556,
0.285714,0.263158,
0.208333,0.25,
0.1875,0.25,
0.368421,0.28,
0.5,0.368421,
0.458333,0.44,
0.73913,0.68,
0.176471,0.2,
0.235294,0.266667,
0.541667,0.590909,
0.68,0.894737,
0.3125,0.25,
0.294118,0.416667,
0.652174,0.555556,
0.25,0.294118,
0.25,0.2,
0.333333,0.466667,
0.733333,0.666667,
0.6,0.7,
0.708333,0.761905,
0.5,0.5,
0.678571,0.857143,
0.4,0.444444,
0.291667,0.28,
0.882353,0.882353,
0.333333,0.333333,
0.266667,0.190476,
0.607143,0.708333,
0.541667,0.722222,
0.275862,0.307692,
0.0909091,0.0833333,
0.407407,0.478261,
0.666667,0.461538,
0.7,0.875,
0.1875,0.166667,
0.814815,0.758621,
0.428571,0.315789,
0.48,0.521739,
0.357143,0.454545,
0.444444,0.521739,
0.571429,0.733333,
0.793103,0.884615,
0.3,0.375,
0.272727,0.2,
0.655172,0.642857,
0.275862,0.296296,
0.5,0.44,
0.368421,0.4375,
0.588235,0.473684,
0.166667,0.111111,
0.318182,0.421053,
0.0769231,0.0833333,
0.4,0.5,
0.473684,0.545455,
0.588235,0.769231,
0.3125,0.5,
0.6,0.590909,
0.416667,0.625,
0.62963,0.615385,
0.571429,0.761905,
0.85,0.666667,
0.6,0.5625,
0.65,0.541667,
0.285714,0.2,
0.5,0.8,
0.846154,0.647059,
0.6875,0.4,
0.692308,0.5,
0.277778,0.3125,
0.75,0.529412,
0.1875,0.25,
0.333333,0.357143,
0.833333,0.517241,
0.296296,0.285714,
0,0,
0.391304,0.6,
0.636364,0.583333,
0.55,0.555556,
0.384615,0.357143,
0.521739,0.590909,
0.384615,0.357143,
0.52,0.52,
0.777778,0.608696,
0.571429,0.5,
0.714286,0.695652,
0.684211,0.7,
0.235294,0.25,
0.277778,0.357143,
0.434783,0.47619,
0.464286,0.565217,
0.645161,0.777778,
0.444444,0.421053,
0.4,0.545455,
0.25,0.272727,
0.56,0.538462,
0.294118,0.266667,
0.565217,0.619048,
0.666667,0.5,
0.423077,0.5,
0.392857,0.55,
0.5,0.391304,
0.47619,0.588235,
0.551724,0.695652,
0.25,0.266667,
0.608696,0.777778,
0.56,0.619048,
0.454545,0.526316,
0.0769231,0.0909091,
0.590909,0.6,
0.363636,0.444444,
0.153846,0.1,
0,0,
0.5,0.4,
0.153846,0.133333,
0.294118,0.3125,
0.5,0.75,
0.714286,0.76,
0.8,0.727273,
0,0,
0.8,0.727273,
0.653846,0.64,
0.142857,0.2,
0.571429,0.761905,
0.0909091,0.0666667,
0.538462,0.636364,
0.678571,0.904762,
0.227273,0.3125,
0.142857,0.181818,
0.375,0.315789,
0.695652,0.592593,
0.65,0.684211,
0.5,0.7,
0.636364,0.368421,
0.4,0.363636,
0.636364,0.6,
0.363636,0.357143,
0.681818,1,
0,0,
0.285714,0.375,
0.4,0.6,
0,0,
0.708333,0.75,
0.578947,0.578947,
0.25,0.227273,
0.3,0.153846,
0.68,0.75,
0.318182,0.388889,
0.5,0.555556,
0.47619,0.5,
0.95,0.791667,
0.263158,0.25,
0.722222,0.5,
0.533333,0.62963,
0.181818,0.142857,
0.666667,0.727273,
0.4,0.4,
0.666667,0.75,
0.809524,0.615385,
0.357143,0.454545,
0.545455,0.666667,
0.409091,0.428571,
0.684211,0.764706,
0.52381,0.44,
0.272727,0.428571,
0.631579,0.631579,
0.473684,0.473684,
0.578947,0.55,
0.8,0.551724,
0.357143,0.454545,
0.555556,0.45,
0.592593,0.75,
0.736842,0.608696,
0.5,0.526316,
0.24,0.230769,
0.238095,0.357143,
0.714286,0.714286,
0.727273,0.666667,
0.583333,0.466667,
0.625,0.5,
0.62069,0.76,
0.25,0.176471,
0.5,0.5,
0.652174,0.833333,
0.464286,0.538462,
0.434783,0.5,
0.36,0.5,
0.0769231,0.0625,
0.333333,0.125,
0.125,0.2,
0.583333,0.666667,
0.785714,0.458333,
0.4,0.375,
0.176471,0.272727,
0,0,
0.347826,0.206897,
0.4,0.470588,
0.5,0.444444,
0.2,0.2,
0.333333,0.25,
0.230769,0.333333,
0.5,0.571429,
0.533333,0.666667,
0.6,0.538462,
0.142857,0.5,
0.761905,0.695652,
0.714286,0.576923,
0.684211,0.65,
0.590909,0.684211,
0.882353,0.789474,
1,1,
0,0,
0.538462,0.6,
0.821429,0.916667,
0.307692,0.352941,
0.705882,0.75,
0.304348,0.466667,
0.821429,0.821429,
0.3125,0.266667,
0.529412,0.5,
0.388889,0.466667,
0.5,0.461538,
0.230769,0.166667,
0.238095,0.16,
0.681818,0.75,
0.586207,0.62069,
0.611111,1,
0.5625,0.428571,
0.62069,0.642857,
0.833333,0.695652,
0.5,0.545455,
0.611111,0.578947,
0.428571,0.428571,
0,0,
0.7,0.736842,
0.142857,0.2,
0.47619,0.392857,
0,0,
0.555556,0.3125,
0.5,0.75,
0.894737,0.62963,
0.619048,0.636364,
0.210526,0.222222,
0.666667,0.615385,
0.304348,0.411765,
0.464286,0.5,
0.588235,0.5,
0.214286,0.1875,
0.416667,0.470588,
0.266667,0.277778,
0.714286,0.9375,
0.206897,0.296296,
0.3,0.241379,
0,0,
0.68,0.666667,
0.6,0.576923,
0.214286,0.1875,
0.266667,0.333333,
0.142857,0.111111,
0.28,0.296296,
0,0,
0.555556,0.551724,
0.25,0.333333,
0.473684,0.36,
0.461538,0.75,
0.64,0.64,
0.533333,0.444444,
0.411765,0.444444,
0.357143,0.416667,
0.222222,0.266667,
0.4,0.117647,
0.222222,0.166667,
0.375,0.4375,
0.3,0.230769,
0.521739,0.55,
0.583333,0.368421,
0.846154,0.821429,
0.0555556,0.0769231,
0.636364,0.4375,
0.6,0.666667,
0.62963,0.85,
0.52381,0.5625,
0.454545,0.333333,
0.65,0.684211,
0.55,0.846154,
0.407407,0.555556,
0.458333,0.454545,
0.444444,0.6,
0.625,0.5,
0.277778,0.3125,
0.875,0.681818,
0.388889,0.352941,
0.55,0.647059,
0.526316,0.625,
1,1,
0.48,0.48,
0.6,0.666667,
0.730769,0.678571,
0.592593,0.761905,
0.705882,0.565217,
0.3,0.428571,
0.25,0.272727,
0.357143,0.357143,
0.521739,0.6,
0.56,0.6,
0.631579,0.521739,
0,0,
0.578947,0.5,
0.333333,0.363636,
0.2,0.1875,
0.47619,0.5,
0.5,0.615385,
0.4,0.4,
0.277778,0.294118,
0.5,1,
0.791667,0.772727,
0.571429,0.48,
0.2,0.222222,
0.416667,0.277778,
0.44,0.47619,
0.263158,0.294118,
0.714286,0.666667,
0.565217,0.866667,
0.318182,0.357143,
0.583333,0.625,
0.842105,0.666667,
0.666667,0.681818,
0.357143,0.444444,
0.333333,0.368421,
0.185185,0.411765,
0.772727,0.62963,
0.285714,0.411765,
0.285714,0.333333,
0.444444,0.444444,
0.235294,0.266667,
0.111111,0.0909091,
0.52,0.464286,
0.652174,0.413793,
0.521739,0.413793,
0.705882,0.571429,
0.444444,0.571429,
0.333333,0.333333,
0.380952,0.32,
0.62069,0.75,
0.166667,0.214286,
0.583333,0.3,
0.588235,0.555556,
0.153846,0.111111,
0.423077,0.384615,
0.3,0.3,
0.0769231,0.0769231,
0.607143,0.708333,
0.333333,0.444444,
0.625,0.409091,
0.473684,0.6,
0.766667,0.741935,
0.5625,0.5625,
0.473684,0.642857,
0.0909091,0.0769231,
0.647059,0.6875,
0.5,0.7,
0.428571,0.45,
0.392857,0.461538,
0.45,0.428571,
0.3,0.25,
0.545455,0.538462,
0.25,0.2,
0.631579,0.444444,
0.111111,0.0714286,
0.642857,0.826087,
0.545455,0.545455,
0.222222,0.285714,
0,0,
0.380952,0.346154,
0.703704,1,
0,0,
0.777778,0.56,
0.714286,0.7,
0.473684,0.375,
0.8,0.952381,
0.535714,0.681818,
0.416667,0.625,
0.235294,0.25,
0.7,0.5,
0.387097,0.413793,
0.5,0.25,
1,1,
0.464286,0.608696,
0.833333,0.740741,
0.529412,0.272727,
0.5,0.25,
0.608696,0.777778,
0.882353,0.625,
0.714286,0.740741,
0,0,
0.153846,0.222222,
0.777778,0.833333,
0.571429,0.62963,
0.333333,0.4375,
0.2,0.142857,
0.222222,0.285714,
0.352941,0.352941,
0.8,0.9,
0.6,0.705882,
0.666667,0.571429,
0,0,
0.285714,0.25,
0.4,0.375,
0.653846,0.894737,
0.727273,0.8,
0.789474,0.789474,
0.576923,0.8,
0.833333,0.761905,
0,0,
0.434783,0.588235,
0.357143,0.555556,
0.625,0.454545,
0.692308,0.5,
0.777778,0.666667,
0.529412,0.5,
0.347826,0.285714,
1,1,
0.111111,0.125,
0.0714286,0.0909091,
0.25,0.384615,
0.619048,0.590909,
0.625,0.75,
0.153846,0.105263,
0.695652,0.64,
0.214286,0.3,
0.285714,0.25,
0.428571,0.375,
0.653846,0.772727,
0.3,0.363636,
0.857143,0.666667,
0.692308,0.72,
0.333333,0.272727,
0.363636,0.285714,
0.909091,0.75,
0.222222,0.294118,
0.588235,0.5625,
0.652174,0.538462,
0.166667,0.142857,
0.434783,0.588235,
0.666667,0.782609,
0.555556,0.434783,
0.5,0.35,
0.666667,0.705882,
0.333333,0.166667,
0,0,
0.333333,0.24,
0.655172,0.730769,
0.692308,0.5,
0.407407,0.407407,
0.607143,0.85,
0.684211,0.684211,
0.583333,0.736842,
0.133333,0.2,
0,0,
0.75,0.529412,
0.0666667,0.0769231,
0.230769,0.2,
0.5625,0.642857,
0.25,0.166667,
1,0.791667,
0.842105,0.789474,
0.826087,0.655172,
0.625,0.555556,
0.916667,0.88,
0.454545,0.454545,
0.68,0.653846,
0.461538,0.5,
0.583333,0.4375,
0.958333,1,
0.392857,0.52381,
0.692308,0.678571,
0.333333,0.222222,
0.722222,0.65,
0.521739,0.461538,
0.666667,0.653846,
1,0.684211,
0.384615,0.555556,
0.1875,0.272727,
0.56,0.7,
0.6,0.407407,
0.678571,0.826087,
0.4,0.666667,
0.117647,0.133333,
0.166667,0.1875,
0.52,0.482759,
0.636364,0.636364,
0.333333,0.347826,
0.333333,0.2,
0.454545,0.434783,
0.631579,0.571429,
0.428571,0.5625,
0.307692,0.36,
0.25,0.235294,
0.461538,0.333333,
0.666667,0.761905,
0.5,0.454545,
0.470588,0.4375,
0.65,0.722222,
0.391304,0.384615,
0.647059,0.478261,
0.5,0.631579,
0.777778,0.73913,
0.25,0.307692,
0.0833333,0.0909091,
0.25,0.1875,
0.933333,0.833333,
0.588235,0.47619,
0.666667,0.6,
0.333333,0.375,
0.652174,0.576923,
0.6,0.583333,
0.565217,0.464286,
0.538462,0.368421,
0.52,0.611111,
0.111111,0.1,
0.764706,0.866667,
0.714286,0.833333,
0.736842,0.823529,
0.65,0.5,
0.357143,0.5,
0.1,0.0769231,
0.0714286,0.0909091,
1,0.130435,
0.4375,0.4375,
0.785714,0.846154,
0.388889,0.352941,
0.84,0.714286,
0.541667,0.75,
0.428571,0.481481,
0.545455,0.461538,
0.5,0.818182,
0.727273,0.666667,
0.470588,0.8,
0.615385,0.761905,
0.388889,0.5,
0.411765,0.583333,
0.875,0.846154,
0.391304,0.346154,
0.454545,0.294118,
0.5,0.619048,
0.4,0.380952,
0.315789,0.375,
0.3,0.333333,
0,0,
0.666667,0.740741,
0,0,
0.478261,0.588235,
0.928571,0.684211,
0.333333,0.166667,
0.304348,0.4,
0,0,
0.5,0.35,
0.545455,0.5,
0.352941,0.333333,
0.653846,0.615385,
0.35,0.466667,
0.304348,0.346154,
0.652174,0.681818,
0.473684,0.6,
0.571429,0.529412,
0.647059,0.555556,
0.518519,0.7,
0.6,0.75,
0.52381,0.55,
0.222222,0.153846,
0.285714,0.222222,
0.863636,0.703704,
0.411765,0.388889,
0.481481,0.7,
0.655172,0.782609,
0.333333,0.2,
0.4,0.4,
0.555556,0.535714,
0.181818,0.133333,
0.533333,0.727273,
0.380952,0.470588,
0.789474,0.535714,
0.6875,0.478261,
0.125,0.1,
0.5,0.375,
0.111111,0.166667,
0.235294,0.222222,
0.611111,0.428571,
0.375,0.526316,
0.538462,0.388889,
0.416667,0.333333,
0.3125,0.416667,
0.56,0.482759,
0.277778,0.416667,
0.181818,0.222222,
0.588235,0.5,
0.181818,0.2,
0.714286,1,
0.5,0.473684,
0.785714,0.52381,
0.708333,0.736842,
0.826087,0.863636,
0.333333,0.461538,
0.75,0.814815,
0.5,0.416667,
0.444444,0.380952,
0.642857,0.625,
0.411765,0.545455,
0.4,0.461538,
0.347826,0.473684,
0.5,0.526316,
0.44,0.366667,
0.333333,0.375,
0.578947,0.5,
0.727273,0.727273,
0.615385,0.571429,
0.6,0.740741,
0.3,0.266667,
0.555556,0.454545,
0.772727,0.809524,
0.5,0.642857,
0.555556,0.384615,
0.285714,0.5,
0.875,0.7,
0.2,0.133333,
0.0909091,0.0666667,
0.538462,0.535714,
1,0.7,
0.333333,0.571429,
0.3,0.266667,
0.7,0.608696,
0.0555556,0.0714286,
0.52381,0.611111,
0.478261,0.52381,
0.2,0.25,
0.55,0.52381,
0.615385,0.473684,
0.384615,0.3125,
0.3125,0.307692,
0.0625,0.0714286,
0.727273,0.571429,
1,0.75,
0.3125,0.227273,
0.411765,0.388889,
0.0714286,0.0833333,
0.307692,0.411765,
0,0,
0.230769,0.1875,
0.285714,0.210526,
0.307692,0.333333,
0.769231,0.526316,
0.8,0.64,
0.95,1,
0.4375,0.368421,
0.535714,0.518519,
0.692308,0.95,
0.954545,0.913043,
0.826087,0.782609,
0.333333,0.307692,
0.814815,0.846154,
0.833333,0.535714,
0.4,0.25,
0.1,0.0833333,
0.444444,0.555556,
0.352941,0.352941,
0.807692,0.84,
0.590909,0.529412,
0.47619,0.454545,
0.555556,0.652174,
0.5,0.421053,
0.266667,0.384615,
0.555556,0.625,
0.333333,0.357143,
0.6875,0.611111,
0.333333,0.272727,
0.647059,0.769231,
0.214286,0.24,
0.611111,0.6875,
0.35,0.269231,
0.458333,0.444444,
0.190476,0.285714,
0.125,0.117647,
0.538462,0.578947,
0.4,0.571429,
0.777778,0.740741,
0.625,0.6,
0,0,
0.545455,0.352941,
0.416667,0.6,
0.571429,0.416667,
0.0909091,0.1,
0.2,0.2,
0.230769,0.166667,
0.769231,0.642857,
0.230769,0.272727,
0.529412,0.5625,
0.533333,0.636364,
0.526316,0.526316,
0.470588,0.533333,
0.625,0.538462,
0.294118,0.263158,
0.388889,0.538462,
0.45,0.5625,
0.272727,0.428571,
0.388889,0.411765,
0.7,0.857143,
0.55,0.733333,
0.461538,0.5,
0.583333,0.411765,
0.517241,0.576923,
0.5,0.392857,
0.153846,0.25,
0.647059,0.478261,
0.526316,0.769231,
0.705882,1,
0.25,0.222222,
0.518519,0.590909,
0.230769,0.166667,
0.47619,0.5,
0.5,0.6,
0.294118,0.294118,
0.411765,0.434783,
0,0,
0,0,
0.0909091,0.0769231,
0.285714,0.35,
0.6,0.666667,
0.75,1,
0.458333,0.5,
0.333333,0.166667,
0.72,0.653846,
0.181818,0.153846,
0.526316,0.588235,
0.73913,0.761905,
0,0,
0.380952,0.391304,
0.32,0.285714,
0.5,0.571429,
0.947368,0.842105,
0.863636,0.678571,
0.166667,0.166667,
0.6,0.882353,
0.315789,0.375,
0.285714,0.428571,
0.695652,0.517241,
0.166667,0.142857,
0.285714,0.315789,
0.363636,0.266667,
0.37037,0.423077,
0.6,0.608696,
0.176471,0.272727,
0.5,0.363636,
0.538462,0.35,
0.416667,0.578947,
0.470588,0.470588,
0.47619,0.454545,
0.5,0.363636,
0,0,
0.866667,0.866667,
0.652174,0.652174,
0.285714,0.428571,
0.823529,0.736842,
0.296296,0.285714,
0.896552,0.928571,
0.888889,0.958333,
0.28,0.4375,
0.538462,0.823529,
0.1875,0.117647,
0.214286,0.272727,
0.722222,0.65,
0.533333,0.470588,
0.5,0.5,
0.478261,0.5,
0.347826,0.444444,
0.65,0.590909,
0.555556,0.384615,
0.470588,0.5625,
0.909091,0.666667,
0.181818,0.142857,
0.454545,0.375,
0.25,0.25,
0.5,0.5,
0.307692,0.266667,
0.5,0.521739,
0.157895,0.230769,
0.5,0.444444,
0.625,0.625,
0.363636,0.32,
0.277778,0.384615,
0.45,0.785714,
0.25,0.363636,
0.217391,0.428571,
0.882353,0.590909,
0.411765,0.291667,
0,0,
0.35,0.304348,
0.461538,0.52381,
0.454545,0.473684,
0.64,0.85,
0.6,0.64,
0.473684,0.411765,
0.724138,0.769231,
0.3,0.25,
0.111111,0.111111,
0.851852,0.814815,
0.3,0.375,
0.5,0.666667,
0.461538,0.75,
0.0769231,0.1,
0.391304,0.555556,
0.88,0.793103,
0.625,0.526316,
0.481481,0.5,
0.157895,0.157895,
0.6,0.631579,
0.1,0.125,
0.176471,0.3,
0.5,0.545455,
0.166667,0.166667,
0.857143,1,
0.4,0.363636,
0.153846,0.142857,
0.388889,0.5,
0.791667,0.857143,
0,0,
0.230769,0.315789,
0.827586,0.75,
0.352941,0.428571,
0.25,0.2,
0.666667,0.62069,
0.76,0.689655,
0.724138,0.758621,
0.956522,0.758621,
0.166667,0.125,
0.791667,0.863636,
0.642857,0.692308,
0.333333,0.375,
0.428571,0.368421,
0.25,0.333333,
0.25,0.25,
0.285714,0.352941,
0.458333,0.35,
0.352941,0.428571,
0.526316,0.5,
0.25,0.173913,
0.125,0.133333,
0.411765,0.583333,
0.466667,0.5,
0.384615,0.555556,
0,0,
0.619048,0.764706,
0.625,1,
0.6,0.48,
0.62963,0.73913,
0.703704,0.678571,
0.647059,0.578947,
0.5,0.5,
0.421053,0.269231,
0.545455,0.5,
0.25,0.375,
0.227273,0.227273,
0.5,0.380952,
0.411765,0.35,
0.555556,0.454545,
0.5,0.461538,
0.526316,0.578947,
0.772727,0.73913,
0.35,0.411765,
0.434783,0.555556,
0.421053,0.5,
0.4,0.411765,
0.0666667,0.0714286,
0.695652,0.875,
0.333333,0.304348,
0.695652,0.888889,
0.25,0.1875,
0.4,0.714286,
0.44,0.5,
0.333333,0.269231,
0.6,0.517241,
0.25,0.357143,
0.827586,0.862069,
0.37931,0.555556,
0.5,0.5625,
0.541667,0.684211,
0.631579,0.65,
0.666667,0.444444,
0.125,0.1,
0.571429,0.857143,
0.333333,0.347826,
0.333333,0.411765,
0.583333,0.4375,
0.384615,0.588235,
0.32,0.296296,
0.210526,0.166667,
0.666667,0.482759,
0.133333,0.153846,
0.571429,0.363636,
0.133333,0.142857,
0.333333,0.357143,
0.333333,0.461538,
0.363636,0.421053,
0.541667,0.590909,
0.473684,0.6,
0,0,
0.3125,0.277778,
0.647059,0.611111,
0.75,0.583333,
0.411765,0.4375,
0.941176,0.615385,
0.727273,0.533333,
0.619048,0.565217,
0,0,
0.5625,0.529412,
0.210526,0.3125,
0.789474,0.652174,
0.352941,0.333333,
0.263158,0.384615,
0.75,0.75,
0,0,
0,0,
0.333333,0.363636,
0.666667,0.62963,
0.5,0.347826,
0.888889,0.592593,
0.818182,0.826087,
0.9,0.692308,
0.363636,0.347826,
0.615385,0.533333,
0.909091,0.909091,
0.722222,0.590909,
0.758621,0.909091,
0,0,
0.285714,0.25,
0.684211,0.5,
0.538462,0.761905,
0.25,0.363636,
0.571429,0.529412,
0.615385,0.551724,
0.4375,0.368421,
0.545455,0.666667,
0.652174,0.75,
0.541667,0.75,
0.210526,0.25,
0.518519,0.46875,
0.125,0.25,
0.48,0.48,
0.444444,0.363636,
0.272727,0.333333,
0.692308,0.529412,
0.35,0.35,
0.608696,0.652174,
0.47619,0.5,
0.307692,0.277778,
0.391304,0.45,
0.357143,0.357143,
0.0833333,0.176471,
0.333333,0.315789,
0.4,0.3125,
0.5,0.3125,
0.411765,0.411765,
0.423077,0.454545,
0.666667,0.708333,
0.214286,0.230769,
0.388889,0.538462,
0.416667,0.277778,
0.2,0.125,
0.391304,0.368421,
0.105263,0.117647,
0.461538,0.375,
0.9,0.692308,
0.88,0.846154,
0.818182,0.666667,
0.652174,0.625,
0.571429,0.647059,
0.181818,0.235294,
0.48,0.578947,
0.3125,0.277778,
0.153846,0.133333,
0.705882,0.6,
0.45,0.32,
0.25,0.333333,
0.25,0.25,
0.692308,0.5,
0.655172,1,
0.454545,0.461538,
0.62963,0.85,
0,0,
0.681818,0.652174,
0.454545,0.3125,
0.571429,0.615385,
0.285714,0.4,
0.285714,0.444444,
0.294118,0.294118,
0.344828,0.37037,
0.7,0.576923,
0.666667,0.76,
0.142857,0.111111,
0.809524,0.75,
0.545455,0.545455,
0.285714,0.466667,
0.736842,0.56,
0.3125,0.454545,
0.473684,0.75,
0.884615,0.821429,
0.583333,0.7,
0.423077,0.578947,
0.444444,0.444444,
0.409091,0.266667,
0.3,0.4,
0.466667,0.333333,
0.642857,0.6,
0.1,0.0833333,
0.529412,0.75,
0.363636,0.222222,
0.65,0.666667,
0.0909091,0.103448,
0,0,
0.875,0.7,
0.681818,0.666667,
0.444444,0.666667,
0.421053,0.470588,
0.5,0.448276,
0.384615,0.4,
0.6,0.6,
0.294118,0.294118,
0.56,0.481481,
0.608696,0.608696,
0.823529,0.636364,
0.428571,0.466667,
0.470588,0.571429,
0.375,0.529412,
0.153846,0.2,
0.55,0.714286,
0.285714,0.269231,
0.571429,0.8,
0.5,0.52381,
0.235294,0.25,
0.833333,0.740741,
0.391304,0.5,
0.428571,0.333333,
0.8,0.8,
0.384615,0.277778,
0.5,0.47619,
0.363636,0.421053,
0.4,0.363636,
0.5,0.5,
0.181818,0.111111,
0.5,0.541667,
0.73913,0.72,
0.0714286,0.0666667,
0.541667,0.448276,
0.6875,0.611111,
0.190476,0.25,
0.416667,0.423077,
0.8,0.8,
0.6,0.461538,
0.111111,0.153846,
0.1875,0.214286,
1,0.592593,
0.181818,0.2,
0.294118,0.25,
0.642857,0.428571,
0.363636,0.37037,
0.333333,0.277778,
0.25,0.227273,
0.238095,0.333333,
0.0555556,0.0833333,
0.153846,0.181818,
0.75,0.625,
0.375,0.25,
0.380952,0.619048,
0.730769,0.826087,
0.5,0.333333,
0.421053,0.666667,
0.263158,0.333333,
0.35,0.461538,
0.5,0.6,
0.875,0.583333,
0.55,0.578947,
0.64,0.615385,
0.48,0.5,
0.565217,0.764706,
0.789474,0.555556,
0,0,
0.611111,0.733333,
0.642857,0.75,
0.588235,0.478261,
0.4,0.3,
0.5625,0.421053,
0.413793,0.52381,
0.678571,0.909091,
0.0833333,0.125,
0.555556,0.5,
0.772727,0.653846,
0.6,0.545455,
0.541667,0.52,
0.642857,0.73913,
0.611111,0.458333,
0.545455,0.333333,
0.473684,0.6,
0.714286,0.538462,
0.6,0.444444,
0.740741,1,
0.5,0.6,
0.823529,0.6,
0.416667,0.357143,
0.615385,0.727273,
0.636364,0.5,
0.545455,0.545455,
0.470588,0.333333,
0.35,0.538462,
0.230769,0.176471,
0.481481,0.428571,
0.421053,0.380952,
0.0666667,0.0666667,
0.714286,0.5,
0.466667,0.5,
0.607143,0.894737,
0.576923,0.789474,
0.294118,0.333333,
0.230769,0.235294,
0.88,0.758621,
0.8,0.666667,
0,0,
0.5,0.538462,
0.368421,0.352941,
0.5,0.545455,
0,0,
0.7,0.64,
0.541667,0.65,
0,0,
0.904762,0.791667,
0.363636,0.411765,
0.75,0.692308,
0.105263,0.133333,
0.578947,0.407407,
0,0,
0.153846,0.2,
0.222222,0.307692,
0.7,0.583333,
0.454545,0.466667,
0.5,0.45,
0.555556,0.357143,
0.5,0.4,
0.75,0.714286,
0.5,0.117647,
0,0,
0,0,
0.7,0.913043,
0.55,0.5,
0.304348,0.4,
0.592593,0.551724,
0.37037,0.416667,
0.5,0.727273,
0.65,0.52,
0.428571,0.545455,
0.896552,0.8125,
0.769231,1,
0.608696,0.565217,
0,0,
0.411765,0.291667,
0.875,0.666667,
0.833333,0.714286,
0.4,0.272727,
0,0,
0.814815,0.785714,
0.52,0.764706,
0.5,0.56,
0.666667,0.5,
0.5,0.538462,
0.45,0.428571,
0.47619,0.588235,
0.434783,0.666667,
0.833333,0.517241,
0.777778,1,
0.541667,0.565217,
0.416667,0.384615,
0,0,
0.285714,0.272727,
0.866667,0.764706,
0.62963,0.586207,
0,0,
0.826087,0.76,
0.133333,0.117647,
0.461538,0.6,
0.461538,0.5,
0.684211,0.64,
0.454545,0.333333,
0,0,
0.25,0.181818,
0.142857,0.428571,
0.214286,0.15,
0.583333,0.7,
0.857143,0.642857,
0.473684,0.666667,
0.5,0.846154,
0.363636,0.421053,
0.615385,1,
0.4,0.375,
0.461538,0.35,
0.653846,0.761905,
0.259259,0.368421,
0.266667,0.230769,
0.730769,0.633333,
0.583333,0.636364,
0.913043,0.875,
0.4,0.444444,
0.5,0.333333,
0.7,0.875,
0.0909091,0.0625,
0.526316,0.578947,
0.777778,0.766667,
0.833333,0.789474,
0.6,0.571429,
0.214286,0.230769,
0.4,0.3,
0.647059,0.6875,
0.421053,0.4,
0.666667,0.666667,
0.615385,0.615385,
0.111111,0.153846,
0.285714,0.285714,
0.333333,0.315789,
0.652174,0.882353,
0.652174,0.75,
0.928571,0.684211,
0.391304,0.5,
0.548387,0.666667,
0.555556,0.36,
0.304348,0.285714,
0.133333,0.166667,
0.347826,0.4,
0.391304,0.529412,
0.238095,0.333333,
0.518519,0.482759,
0,0,
0.65,0.736842,
0.0454545,0.0666667,
0.285714,0.333333,
0.535714,0.789474,
0.416667,0.423077,
0.3,0.266667,
0.823529,0.7,
0.272727,0.5,
0.263158,0.277778,
0.588235,0.423077,
0,0,
0.176471,0.176471,
0.25,0.25,
0.3125,0.263158,
0.538462,0.4,
0.535714,0.6,
0.153846,0.222222,
0.478261,0.392857,
0.8,0.689655,
0.551724,0.592593,
0.777778,0.777778,
0.6,0.5,
0.666667,0.555556,
0.571429,0.619048,
0.72,0.730769,
0,0,
0.4,0.333333,
0.32,0.32,
0.631579,0.461538,
0.633333,1,
0,0,
0.4,0.315789,
1,0.75,
0.722222,0.565217,
0.333333,0.5,
0.789474,0.535714,
0.777778,0.56,
0.941176,0.761905,
0.666667,0.764706,
0.25,0.363636,
0.555556,0.625,
0.111111,0.142857,
0.592593,0.695652,
0,0,
0.736842,0.56,
0.0666667,0.0769231,
0,0,
0.6,0.448276,
0.333333,0.411765,
0.909091,0.740741,
0.294118,0.277778,
0.444444,0.307692,
0.32,0.444444,
0.409091,0.578947,
0.166667,0.166667,
0.1875,0.272727,
0.5,0.5,
0.291667,0.4,
0.714286,0.681818,
0.461538,0.684211,
0.592593,0.666667,
0.333333,0.272727,
0.692308,0.708333,
0.538462,0.777778,
0.681818,0.73913,
0.636364,0.8125,
0.652174,0.592593,
0.363636,0.25,
0.5625,0.473684,
0.535714,0.789474,
0.333333,0.352941,
0.357143,0.611111,
0.576923,0.576923,
0.391304,0.5,
0.392857,0.384615,
0.538462,0.666667,
0.0625,0.0588235,
0.52,0.545455,
0.466667,0.5,
0.5,0.3,
0.764706,0.590909,
0.4,0.375,
0.48,0.52381,
0.458333,0.37037,
0.142857,0.1,
0.214286,0.142857,
0.5,0.428571,
0,0,
0.333333,0.333333,
0.125,0.166667,
0.25,0.166667,
0.304348,0.388889,
0.222222,0.153846,
0.352941,0.25,
0.285714,0.2,
0.380952,0.363636,
0.2,0.285714,
0.588235,0.481481,
0.875,0.7,
0.4,0.571429,
0.705882,0.8,
0.3,0.214286,
0.5,0.4375,
0.666667,0.545455,
0.142857,0.181818,
0.48,0.545455,
0.277778,0.266667,
0,0,
0.652174,0.652174,
0.307692,0.235294,
0.466667,0.636364,
0.857143,0.653846,
0.1875,0.428571,
0.266667,0.307692,
0.590909,0.619048,
0.692308,0.5,
0.535714,0.714286,
0.294118,0.384615,
0,0,
0.111111,0.125,
0.470588,0.32,
0.380952,0.444444,
0.478261,0.533333,
0.466667,0.368421,
0.266667,0.294118,
0.2,0.133333,
0.5625,0.421053,
0.875,0.758621,
0.666667,0.65,
0.545455,0.545455,
0.315789,0.4,
0.222222,0.291667,
0.4,0.5,
0.277778,0.454545,
0.230769,0.375,
0.357143,0.357143,
0,0,
0.272727,0.3,
0.181818,0.125,
0.125,0.2,
0.521739,0.705882,
0.708333,0.73913,
0.666667,0.619048,
0.230769,0.333333,
0.388889,0.333333,
0.25,0.263158,
1,0.933333,
0.5,0.529412,
0.727273,0.73913,
0.6,0.684211,
0.454545,0.5,
0.16,0.181818,
0,0,
0.266667,0.222222,
0.26087,0.285714,
0.5625,0.5625,
0.434783,0.384615,
0.3,0.461538,
0.764706,0.777778,
0.333333,0.333333,
0.352941,0.3125,
0.117647,0.142857,
0.727273,0.666667,
0.892857,0.925926,
0.72,0.826087,
0.4,0.625,
0.666667,0.545455,
0.666667,0.470588,
0.714286,0.571429,
0.666667,0.52381,
0.833333,0.607143,
0.740741,0.714286,
0.0769231,0.0833333,
0.388889,0.4,
0.321429,0.344828,
0.826087,0.72,
0.25,0.277778,
0.347826,0.5,
0.0833333,0.0833333,
0.0833333,0.0909091,
0.5,0.571429,
0.307692,0.222222,
0,0,
0.6,0.461538,
0.153846,0.125,
0.703704,0.818182,
0.235294,0.272727,
0.714286,0.555556,
0.571429,0.842105,
0.296296,0.307692,
0.666667,0.64,
0.666667,0.5,
1,1,
0.652174,0.555556,
0.666667,0.8,
0.333333,0.238095,
0.619048,0.565217,
0,0,
0.565217,0.5,
0.230769,0.3,
0.285714,0.285714,
0.782609,0.62069,
0.235294,0.235294,
0.363636,0.421053,
0.631579,0.8,
0.5,0.388889,
0.392857,0.5,
0.181818,0.357143,
0.384615,0.555556,
0.1875,0.2,
0.857143,0.857143,
0.214286,0.272727,
0.695652,0.571429,
0.266667,0.2,
0.357143,0.2,
0.166667,0.166667,
0.588235,0.434783,
0.5,0.36,
0.615385,0.470588,
0.529412,0.5,
0.65,0.521739,
0.692308,0.45,
0.2,0.214286,
0.607143,0.607143,
0.52,0.8125,
0.0769231,0.111111,
0.3,0.285714,
0.0714286,0.0833333,
0.3125,0.307692,
0.611111,0.916667,
0.277778,0.416667,
0.608696,0.652174,
0.105263,0.133333,
0.181818,0.125,
0,0,
0.3125,0.466667,
0.307692,0.363636,
0.545455,0.444444,
0.363636,0.409091,
0.1875,0.230769,
0.347826,0.5,
0.925926,0.806452,
0.266667,0.166667,
0,0,
0.705882,0.733333,
0.375,0.428571,
0.592593,0.615385,
0.68,0.653846,
0,0,
0.678571,0.72,
0.1875,0.2,
0.611111,0.52381,
0.75,0.5,
0.5,0.5,
0.142857,0.0909091,
0.5,0.611111,
0.8125,0.5,
0.375,0.375,
0.944444,0.708333,
0.333333,0.444444,
0.777778,0.7,
0.315789,0.384615,
0.3125,0.277778,
0.55,0.55,
0.615385,0.5,
0.153846,0.222222,
0.5,0.608696,
0.75,0.607143,
0.5,0.6,
0.45,0.692308,
0.809524,0.857143,
0.391304,0.391304,
0.375,0.25,
0.733333,0.5,
0.142857,0.133333,
0.571429,0.421053,
0.541667,0.565217,
0.5,0.4,
0.294118,0.384615,
0.214286,0.428571,
0.571429,0.75,
0.6,0.5625,
0.565217,0.866667,
0.5,0.588235,
0.45,0.47619,
0.6875,0.733333,
0.454545,0.333333,
0.761905,0.619048,
0.357143,0.333333,
0.1875,0.176471,
0.1875,0.230769,
0.285714,0.222222,
0.333333,0.25,
0.5625,0.5,
0.944444,0.607143,
0.461538,0.366667,
0.571429,0.444444,
0.214286,0.15,
0,0,
0.571429,0.533333,
0.227273,0.333333,
0.464286,0.481481,
0.454545,0.454545,
0,0,
0.714286,0.6,
0.517241,0.681818,
0.230769,0.166667,
0.181818,0.285714,
0.357143,0.625,
0.666667,0.434783,
0.368421,0.388889,
0.5625,0.47619,
0.368421,0.259259,
0.5,0.333333,
0.666667,0.666667,
0.2,0.25,
0.714286,0.7,
0.0714286,0.0833333,
0.782609,0.75,
0.578947,0.578947,
0.375,0.25,
0.5,0.555556,
0.608696,0.538462,
0.333333,0.285714,
0.166667,0.222222,
0.0769231,0.111111,
0.538462,0.6,
0.571429,0.533333,
0.5,0.08,
0,0,
0,0,
0.538462,0.761905,
0.652174,0.555556,
0.5,0.384615,
0.666667,0.947368,
0.1,0.0909091,
0.333333,0.272727,
0.375,0.4,
0.8,0.818182,
0.142857,0.125,
0.642857,0.809524,
0.28,0.318182,
0.269231,0.368421,
0.708333,0.708333,
0.875,0.7,
0.259259,0.259259,
0.266667,0.666667,
0.0909091,0.111111,
0.7,0.583333,
0.555556,0.833333,
0.48,0.478261,
0.1875,0.2,
0.375,0.6,
0.692308,1,
0.785714,0.785714,
0.714286,0.7,
0.0526316,1,
0.366667,0.52381,
0.642857,0.944444,
0.625,0.7,
0.428571,0.375,
0.583333,0.333333,
0.55,0.464286,
0.478261,0.52381,
0.352941,0.318182,
0.347826,0.533333,
0.333333,0.3,
0,0,
0.2,0.111111,
0.625,0.705882,
0.454545,0.733333,
0.545455,0.5,
0.45,0.346154,
0.230769,0.272727,
0.214286,0.15,
0.25,0.315789,
0.52,0.448276,
0.25,0.25,
0.52,0.52,
0.473684,0.75,
0,0,
0.125,0.0909091,
0.52381,0.769231,
0.25,0.294118,
0.222222,0.210526,
0.75,0.48,
0,0,
0.526316,0.478261,
0.5,0.714286,
0.7,0.583333,
0.25,0.307692,
0.526316,0.666667,
0.5,0.454545,
0.391304,0.4,
0.578947,0.571429,
0.9375,0.608696,
1,1,
0.7,0.583333,
0.666667,0.636364,
0.176471,0.166667,
0.52,0.590909,
0.529412,0.5625,
0.636364,0.388889,
0.166667,0.142857,
0.758621,0.724138,
0.416667,0.555556,
0.26087,0.4,
0.230769,0.230769,
0.5,0.466667,
0.363636,0.571429,
0.25,0.272727,
0.3125,0.416667,
0.384615,0.357143,
0.363636,0.363636,
0.5,0.636364,
0.133333,0.125,
0.421053,0.533333,
0.636364,0.4375,
0.368421,0.4375,
0.107143,0.12,
0.928571,0.722222,
0.777778,0.777778,
0.375,0.466667,
0.533333,0.5,
0.52,0.565217,
0.111111,0.0909091,
0.894737,0.607143,
0.5,0.333333,
0.642857,0.947368,
0,0,
0.5,0.444444,
0.344828,0.526316,
0.894737,0.68,
0.384615,0.5,
0.782609,0.9,
0.4,0.4,
0.75,0.615385,
0.833333,0.576923,
0.263158,0.333333,
0.4,0.380952,
0.4375,0.583333,
0.333333,0.375,
0.666667,0.5,
0.428571,0.6,
0.5,0.363636,
0.181818,0.142857,
0.217391,0.266667,
0.619048,0.764706,
0.347826,0.296296,
0,0,
0.5,0.521739,
0.380952,0.4,
0.117647,0.153846,
0.653846,0.666667,
0.0714286,0.0833333,
0.818182,0.529412,
0.0833333,0.125,
0.458333,0.65,
0.0714286,0.0833333,
0.421053,0.307692,
0.538462,0.666667,
0.222222,0.35,
0.681818,0.75,
0.5,0.636364,
0.6,0.857143,
0.461538,0.458333,
0.625,0.333333,
0.777778,0.740741,
0.2,0.333333,
0.478261,0.555556,
0.714286,0.833333,
0.529412,0.642857,
0,0,
0.5,0.347826,
0,0,
0.571429,0.684211,
0.705882,0.6,
0.5,0.421053,
0.823529,0.7,
0.454545,0.588235,
0.4375,0.35,
0.357143,0.384615,
0.5,0.478261,
0.368421,0.5,
0.769231,0.714286,
0.555556,0.5,
0.588235,0.5,
0.565217,0.590909,
0.684211,0.65,
0.590909,0.631579,
0.333333,0.230769,
0.5,0.416667,
0.333333,0.25,
1,0.6875,
0.421053,0.363636,
0.208333,0.185185,
0.461538,0.5,
0.5,0.444444,
0.111111,0.1,
0.294118,0.3125,
0.388889,0.388889,
0.48,0.413793,
0.789474,0.833333,
0.35,0.388889,
0.619048,0.482759,
0.6,0.631579,
0.666667,0.666667,
0.333333,0.230769,
0.333333,0.230769,
0.296296,0.4,
0.608696,0.823529,
0.551724,0.666667,
0.684211,0.518519,
0.416667,0.333333,
0.576923,0.6,
0.708333,0.85,
0.37931,0.6,
0.25,0.25,
0.916667,0.666667,
0.631579,0.458333,
0.384615,0.3125,
0.538462,0.52381,
0.454545,0.529412,
0.6,0.5,
0.68,0.772727,
0.708333,0.653846,
0.291667,0.411765,
0.0909091,0.0909091,
0.363636,0.363636,
0.791667,0.76,
0.235294,0.3125,
0.875,0.823529,
0.592593,0.576923,
0.266667,0.444444,
0.666667,0.166667,
0.705882,0.578947,
0.428571,0.529412,
0.521739,0.521739,
0.45,0.3,
0.166667,0.222222,
0.0833333,0.0833333,
0.3125,0.3125,
0.1,0.125,
0.5,0.294118,
0,0,
0.125,0.166667,
0.529412,0.428571,
0.411765,0.5,
0.272727,0.3,
0.529412,0.375,
0.176471,0.166667,
0.833333,0.5,
0.555556,0.692308,
0.777778,0.714286,
0.35,0.318182,
0.181818,0.25,
0.321429,0.346154,
0.32,0.4,
0.3125,0.222222,
0.75,0.6,
0.416667,0.571429,
0.4375,0.533333,
0.875,0.652174,
0.592593,0.695652,
0.52,0.541667,
0.357143,0.526316,
0.538462,0.636364,
0.25,0.25,
0.793103,0.8,
0.266667,0.294118,
0.6,0.352941,
0.583333,0.592593,
0.666667,0.714286,
0.6,0.636364,
0.428571,0.368421,
0.655172,0.75,
0.2,0.153846,
0.65,1,
0.5,0.222222,
0.25,0.214286,
0.586207,0.571429,
0.692308,0.75,
0.705882,0.722222,
0.652174,0.592593,
0.705882,0.583333,
0.214286,0.75,
0.181818,0.2,
0.2,0.133333,
0.73913,0.653846,
0.6875,0.6875,
0.782609,0.714286,
0.461538,0.545455,
0.565217,0.541667,
0.72,0.592593,
0.214286,0.333333,
0.0666667,0.0833333,
0.571429,0.727273,
0,0,
0.952381,0.909091,
0.724138,0.769231,
0.473684,0.32,
0.666667,0.461538,
0.363636,0.529412,
0.318182,0.388889,
0.409091,0.642857,
0.181818,0.222222,
0.8,0.833333,
0.272727,0.25,
0.363636,0.5,
0.529412,0.333333,
0.611111,0.458333,
0.684211,0.590909,
0,0,
0.4375,0.5,
0.653846,0.809524,
0.357143,0.227273,
0.826087,0.703704,
0.535714,0.571429,
0,0,
0.619048,0.65,
0.181818,0.210526,
0.48,0.545455,
0.352941,0.545455,
0.769231,0.733333,
0.0625,0.25,
0.214286,0.3,
0,0,
0.5,0.466667,
0.727273,0.64,
0.708333,0.85,
0.708333,0.944444,
0,0,
0.0909091,0.0833333,
0.733333,0.6875,
0.5,0.266667,
0.857143,0.571429,
0.68,0.62963,
0.470588,0.727273,
0.318182,0.259259,
0.666667,0.5625,
0.730769,0.791667,
0.5625,0.6,
0.52381,0.666667,
0.153846,0.133333,
0.611111,0.578947,
0.416667,0.473684,
0.153846,0.117647,
0.5,0.181818,
0.62069,0.692308,
0.428571,0.5,
0.7,0.333333,
0.5,0.444444,
0.846154,0.6875,
0.588235,0.434783,
0.8,0.6,
0.333333,0.217391,
0.758621,0.71875,
0.888889,0.592593,
0.583333,0.7,
0.35,0.538462,
0.625,0.615385,
0.368421,0.466667,
0,0,
0.652174,0.736842,
0.4375,0.411765,
0.647059,1,
0.0833333,0.0909091,
0.36,0.409091,
0.117647,0.111111,
0,0,
0.5,0.352941,
0.210526,0.307692,
0.590909,0.483871,
0.666667,0.666667,
0.73913,0.62963,
0.590909,0.608696,
0.176471,0.1875,
0.642857,0.6,
0.608696,0.481481,
0.55,0.611111,
0.769231,0.714286,
0.666667,0.5,
0.655172,0.863636,
0.571429,0.8,
0.125,0.1,
0.166667,0.222222,
0.368421,0.291667,
0.526316,0.434783,
0.222222,0.181818,
0.111111,0.142857,
0.6,0.6,
0.45,0.333333,
0.363636,0.571429,
0.409091,0.375,
0.285714,0.285714,
0.214286,0.176471,
0.3,0.357143,
0.266667,0.4,
0.55,0.733333,
0.166667,0.333333,
0.45,0.346154,
0.272727,0.230769,
0.28,0.466667,
0.821429,0.958333,
0.611111,0.391304,
0.45,0.4,
0.555556,0.5,
0.190476,0.115385,
0.538462,0.666667,
0.285714,0.266667,
0.555556,0.416667,
0.333333,0.416667,
0.461538,0.266667,
0.45,0.409091,
0.56,0.625,
0.176471,0.2,
0.153846,0.125,
0.653846,0.666667,
0.481481,0.583333,
0.72,0.7,
0.48,0.705882,
0.666667,0.518519,
0.714286,0.695652,
0.421053,0.307692,
0.352941,0.304348,
0.714286,0.695652,
0.318182,0.269231,
0.448276,0.433333,
0.307692,0.333333,
0.4,0.25,
0.583333,0.666667,
0.652174,0.592593,
0.277778,0.333333,
0.714286,0.714286,
0.0714286,0.0909091,
0.375,0.4375,
0.444444,0.571429,
0.846154,0.6875,
0.352941,0.4,
0.3125,0.3125,
0.266667,0.266667,
0.277778,0.227273,
0.666667,0.736842,
0.714286,0.6,
0.190476,0.285714,
0.4,0.375,
0.7,0.5,
0,0,
0.6875,0.5,
0.230769,0.2,
0.384615,0.529412,
0.25,0.230769,
0.8,0.571429,
0.6875,0.6875,
0.5,0.6,
1,0.272727,
0.636364,0.7,
0.176471,0.230769,
0.384615,0.333333,
0.541667,0.541667,
0.222222,0.333333,
0.6,0.428571,
0.518519,0.666667,
0.413793,0.44,
0.2,0.266667,
0.333333,0.333333,
0.111111,0.133333,
0.68,0.666667,
0.4,0.666667,
0.333333,0.375,
0.0833333,0.1,
0.3,0.230769,
1,1,
0.4375,0.291667,
0.277778,0.384615,
0,0,
0.625,0.5,
0.64,0.823529,
0.444444,0.4,
0,0,
0.583333,0.75,
0.2,0.185185,
0.375,0.473684,
0.526316,0.625,
0.5,0.421053,
0.1,0.142857,
0.44,0.458333,
0.6,0.631579,
0.5,0.32,
0.666667,0.5,
0.423077,0.52381,
0.666667,0.611111,
0.333333,0.214286,
0.470588,0.421053,
0.111111,0.0769231,
0.142857,0.166667,
0.814815,0.846154,
0,0,
0.277778,0.333333,
0.357143,0.263158,
0.375,0.375,
0.222222,0.333333,
0.692308,0.4,
0.689655,0.625,
0.0714286,0.111111,
0.176471,0.166667,
0,0,
0.653846,0.809524,
0.307692,0.307692,
0.466667,0.615385,
0.0666667,0.0833333,
0.529412,0.47619,
0.521739,0.571429,
0.5,0.384615,
0.5,0.608696,
0.333333,0.217391,
0.269231,0.233333,
0.318182,0.259259,
0.592593,0.695652,
0.05,0.25,
0.352941,0.375,
0.384615,0.357143,
0.125,0.105263,
0.578947,0.4,
0.272727,0.230769,
1,0.631579,
0.217391,0.25,
0.294118,0.416667,
0.642857,0.409091,
0.133333,0.153846,
0.6,0.705882,
0.933333,0.965517,
0.75,0.592593,
0.615385,0.8,
0.285714,0.333333,
0.666667,0.583333,
0.413793,0.611111,
0.555556,0.64,
0.636364,0.5,
1,0.333333,
0,0,
0,0,
0.227273,0.26087,
0.636364,0.583333,
0.578947,0.458333,
0.444444,0.444444,
0.545455,0.5,
0.666667,0.538462,
0.285714,0.266667,
0.4,0.5,
0.25,0.157895,
0.1875,0.105263,
0.176471,0.176471,
0.0909091,0.1,
0,0,
0.307692,0.4,
0,0,
0.458333,0.428571,
0.230769,0.230769,
0.461538,0.285714,
0.375,0.4375,
0,0,
0.666667,0.428571,
0.2,0.227273,
0.814815,0.814815,
0.666667,0.65,
0.214286,0.5,
0.333333,0.35,
1,1,
0.75,1,
0.695652,0.592593,
0.2,0.190476,
0.4,0.272727,
0.25,0.444444,
0.607143,0.857143,
0.529412,0.37037,
0.3,0.375,
0.125,0.0909091,
0.391304,0.5,
0.166667,0.333333,
0.0769231,0.0666667,
0.62069,0.678571,
0.272727,0.210526,
0.473684,0.375,
0.37037,0.5,
0.64,0.653846,
0.315789,0.333333,
0.227273,0.428571,
0.888889,0.884615,
0.36,0.4,
0.777778,0.5,
0.375,0.473684,
0.538462,0.35,
0.153846,0.105263,
0,0,
0.318182,0.411765,
0.428571,0.666667,
0.307692,0.444444,
0.846154,0.846154,
0.222222,0.333333,
0.653846,0.894737,
0.65,0.619048,
0.55,0.55,
0.25,0.5,
0.684211,0.518519,
0.5,0.555556,
0.5,0.458333,
0.363636,0.235294,
0.411765,0.5,
0.5625,0.391304,
0.8125,0.8125,
0.8,0.863636,
0.5,0.555556,
0.304348,0.307692,
0,0,
0,0,
0.714286,0.72,
0.75,0.695652,
0.652174,0.6,
0.285714,0.2,
0.866667,0.8125,
0.833333,0.625,
0.842105,0.692308,
0.619048,0.555556,
0.222222,0.277778,
0.727273,0.695652,
0.73913,0.68,
0.578947,0.578947,
0.454545,0.294118,
0.166667,0.181818,
0.666667,0.85,
0.461538,0.631579,
0.5,0.4,
1,1,
0.190476,0.25,
0,0,
0.423077,0.647059,
0.473684,0.391304,
0.727273,0.842105,
0.222222,0.173913,
0.5,0.555556,
0.4,0.421053,
0.478261,0.5,
0.588235,0.454545,
0.222222,0.166667,
0.5,0.571429,
0.3125,0.3125,
0.0952381,0.117647,
0.428571,0.666667,
1,0.916667,
0.0769231,0.0769231,
0.272727,0.2,
0.2,0.222222,
0.384615,0.5,
0.823529,0.608696,
0.75,0.692308,
0.1875,0.157895,
0.75,0.75,
0.0833333,0.0588235,
0.7,0.636364,
0.25,0.25,
0.846154,0.793103,
0.652174,0.555556,
0.814815,0.884615,
0.578947,0.52381,
0.52,0.5,
0.684211,0.636364,
0.375,0.352941,
0.75,0.75,
0.470588,0.8,
0.576923,0.666667,
0.52381,0.407407,
0.481481,0.555556,
0.454545,0.307692,
0.0909091,0.111111,
0.388889,0.473684,
0.333333,0.230769,
0.764706,0.764706,
0.411765,0.545455,
0.315789,0.352941,
0.708333,0.62963,
0.692308,0.75,
0.384615,0.384615,
0.285714,0.333333,
0.954545,0.75,
0.28,0.4375,
0.7,0.518519,
0.588235,0.47619,
0.47619,0.5,
0.363636,0.28,
0.45,0.642857,
0.409091,0.346154,
0.461538,0.294118,
0.833333,0.714286,
0.5,0.5,
0.583333,0.411765,
0.428571,0.6,
0.821429,0.821429,
0.777778,0.583333,
0.884615,0.814815,
0.5,0.407407,
0,0,
0.642857,0.529412,
0.222222,0.263158,
0.642857,0.818182,
0.666667,0.666667,
0.666667,0.666667,
0.666667,0.666667,
0.666667,0.666667,
0.666667,0.666667,
0.666667,0.666667,
0.666667,0.666667,
0.666667,0.666667,
0.666667,0.666667,
0.666667,0.666667,
0.666667,0.666667,
0.666667,0.666667,
0.666667,0.666667,
0.666667,0.666667,
0.666667,0.666667,
0.666667,0.666667,
0.666667,0.666667,
0.666667,0.666667,
0.666667,0.666667,
0.666667,0.666667,
0.666667,0.666667,
0.666667,0.666667,
0.666667,0.666667,
0.666667,0.666667,
0.666667,0.666667,
0.666667,0.666667,
0.666667,0.666667,
0.666667,0.666667,
0.666667,0.666667,
0.666667,0.666667,
0.666667,0.666667,
0.666667,0.666667,
0.666667,0.666667,
0.666667,0.666667,
0.666667,0.666667,
0.666667,0.666667,
0.666667,0.666667,
0.666667,0.666667,
0.666667,0.666667,
0.666667,0.666667,
0.666667,0.666667,
0.666667,0.666667,
0.666667,0.666667,
0.666667,0.666667,
0.666667,0.666667,
0.666667,0.666667,
0.666667,0.666667,
0.666667,0.666667,
0.666667,0.666667,
0.666667,0.666667,
0.666667,0.666667,
0.666667,0.666667,
0.666667,0.666667,
0.666667,0.666667,
0.666667,0.666667,
0.666667,0.666667,
0.666667,0.666667,
0.666667,0.666667,
0.666667,0.666667,
0.666667,0.666667,
0.666667,0.666667,
0.666667,0.666667,
0.666667,0.666667,
0.666667,0.666667,
0.666667,0.666667,
0.666667,0.666667,
0.666667,0.666667,
0.666667,0.666667,
0.666667,0.666667,
0.666667,0.666667,
0.666667,0.666667,
0.666667,0.666667,
0.666667,0.666667,
0.666667,0.666667,
0.666667,0.666667,
0.666667,0.666667,
0.666667,0.666667,
0.666667,0.666667,
0.666667,0.666667,
0.666667,0.666667,
0.666667,0.666667,
0.666667,0.666667,
0.666667,0.666667,
0.666667,0.666667,
0.666667,0.666667,
0.666667,0.666667,
0.666667,0.666667,
0.666667,0.666667,
0.666667,0.666667,
0.666667,0.666667,
0.666667,0.666667,
0.666667,0.666667,
0.666667,0.666667,
0.666667,0.666667,
0.666667,0.666667,
0.666667,0.666667,
0.666667,0.666667,
0.666667,0.666667,
0.666667,0.666667,
0.666667,0.666667,
0.666667,0.666667,
0.666667,0.666667,
0.666667,0.666667,
0.666667,0.666667,
0.666667,0.666667,
0.666667,0.666667,
0.666667,0.666667,
0.666667,0.666667,
0.666667,0.666667,
0.666667,0.666667,
0.666667,0.666667,
0.666667,0.666667,
0.666667,0.666667,
0.666667,0.666667,
0.666667,0.666667,
0.666667,0.666667,
0.666667,0.666667,
0.666667,0.666667,
0.666667,0.666667,
0.666667,0.666667,
0.666667,0.666667,
0.666667,0.666667,
0.666667,0.666667,
0.666667,0.666667,
0.666667,0.666667,
0.666667,0.666667,
0.666667,0.666667,
0.666667,0.666667,
0.666667,0.666667,
0.666667,0.666667,
0.666667,0.666667,
0.666667,0.666667,
0.666667,0.666667,
0.666667,0.666667,
0.666667,0.666667,
0.666667,0.666667,
0.666667,0.666667,
0.666667,0.666667,
0.666667,0.666667,
0.666667,0.666667,
0.666667,0.666667,
0.666667,0.666667,
0.666667,0.666667,
0.666667,0.666667,
0.666667,0.666667,
0.666667,0.666667,
0.666667,0.666667,
0.666667,0.666667,
0.666667,0.666667,
0.666667,0.666667,
0.666667,0.666667,
0.666667,0.666667,
0.666667,0.666667,
0.666667,0.666667,
0.666667,0.666667,
0.666667,0.666667,
0.666667,0.666667,
0.666667,0.666667,
0.666667,0.666667,
0.666667,0.666667,
0.666667,0.666667,
0.666667,0.666667,
0.666667,0.666667,
0.666667,0.666667,
0.666667,0.666667,
0.666667,0.666667,
0.666667,0.666667,
0.666667,0.666667,
0.666667,0.666667,
0.666667,0.666667,
0.666667,0.666667,
0.666667,0.666667,
0.666667,0.666667,
0.666667,0.666667,
0.666667,0.666667,
0.666667,0.666667,
0.666667,0.666667,
0.666667,0.666667,
0.666667,0.666667,
0.666667,0.666667,
0.666667,0.666667,
0.666667,0.666667,
0.666667,0.666667,
0.666667,0.666667,
0.666667,0.666667,
0.666667,0.666667,
0.666667,0.666667,
0.666667,0.666667,
0.666667,0.666667,
0.666667,0.666667,
0.666667,0.666667,
0.666667,0.666667,
0.666667,0.666667,
0.666667,0.666667,
0.666667,0.666667,
0.666667,0.666667,
0.666667,0.666667,
0.666667,0.666667,
0.666667,0.666667,
0.666667,0.666667,
0.666667,0.666667,
0.666667,0.666667,
0.666667,0.666667,
0.666667,0.666667,
0.666667,0.666667,
0.666667,0.666667,
0.666667,0.666667,
0.666667,0.666667,
0.666667,0.666667,
0.666667,0.666667,
0.666667,0.666667,
0.666667,0.666667,
0.666667,0.666667,
0.666667,0.666667,
0.666667,0.666667,
0.666667,0.666667,
0.666667,0.666667,
0.666667,0.666667,
0.666667,0.666667,
0.666667,0.666667,
0.666667,0.666667,
0.666667,0.666667,
0.666667,0.666667,
0.666667,0.666667,
0.666667,0.666667,
0.666667,0.666667,
0.666667,0.666667,
0.666667,0.666667,
0.666667,0.666667,
0.666667,0.666667,
0.666667,0.666667,
0.666667,0.666667,
0.666667,0.666667,
0.666667,0.666667,
0.666667,0.666667,
0.666667,0.666667,
0.666667,0.666667,
0.666667,0.666667,
0.666667,0.666667,
0.666667,0.666667,
0.666667,0.666667,
0.666667,0.666667,
0.666667,0.666667,
0.666667,0.666667,
0.666667,0.666667,
0.666667,0.666667,
0.666667,0.666667,
0.666667,0.666667,
0.666667,0.666667,
0.666667,0.666667,
0.666667,0.666667,
0.666667,0.666667,
0.666667,0.666667,
0.666667,0.666667,
0.666667,0.666667,
0.666667,0.666667,
0.666667,0.666667,
0.666667,0.666667,
0.666667,0.666667,
0.666667,0.666667,
0.666667,0.666667,
0.666667,0.666667,
0.666667,0.666667,
0.666667,0.666667,
0.666667,0.666667,
0.666667,0.666667,
0.666667,0.666667,
0.666667,0.666667,
0.666667,0.666667,
0.666667,0.666667,
0.666667,0.666667,
0.666667,0.666667,
0.666667,0.666667,
0.666667,0.666667,
0.666667,0.666667,
0.666667,0.666667,
0.666667,0.666667,
0.666667,0.666667,
0.666667,0.666667,
0.666667,0.666667,
0.666667,0.666667,
0.666667,0.666667,
0.666667,0.666667,
0.666667,0.666667,
0.666667,0.666667,
0.666667,0.666667,
0.666667,0.666667,
0.666667,0.666667,
0.666667,0.666667,
0.666667,0.666667,
0.666667,0.666667,
0.666667,0.666667,
0.666667,0.666667,
0.666667,0.666667,
0.666667,0.666667,
0.666667,0.666667,
0.666667,0.666667,
0.666667,0.666667,
0.666667,0.666667,
0.666667,0.666667,
0.666667,0.666667,
0.666667,0.666667,
0.666667,0.666667,
0.666667,0.666667,
0.666667,0.666667,
0.666667,0.666667,
0.666667,0.666667,
0.666667,0.666667,
0.666667,0.666667,
0.666667,0.666667,
0.666667,0.666667,
0.666667,0.666667,
0.666667,0.666667,
0.666667,0.666667,
0.666667,0.666667,
0.666667,0.666667,
0.666667,0.666667,
0.666667,0.666667,
0.666667,0.666667,
0.666667,0.666667,
0.666667,0.666667,
0.666667,0.666667,
0.666667,0.666667,
0.666667,0.666667,
0.666667,0.666667,
0.666667,0.666667,
0.666667,0.666667,
0.666667,0.666667,
0.666667,0.666667,
0.666667,0.666667,
0.666667,0.666667,
0.666667,0.666667,
0.666667,0.666667,
0.666667,0.666667,
0.666667,0.666667,
0.666667,0.666667,
0.666667,0.666667,
0.666667,0.666667,
0.666667,0.666667,
0.666667,0.666667,
0.666667,0.666667,
0.666667,0.666667,
0.666667,0.666667,
0.666667,0.666667,
0.666667,0.666667,
0.666667,0.666667,
0.666667,0.666667,
0.666667,0.666667,
0.666667,0.666667,
0.666667,0.666667,
0.666667,0.666667,
0.666667,0.666667,
0.666667,0.666667,
0.666667,0.666667,
0.666667,0.666667,
0.666667,0.666667,
0.666667,0.666667,
0.666667,0.666667,
0.666667,0.666667,
0.666667,0.666667,
0.666667,0.666667,
0.666667,0.666667,
0.666667,0.666667,
0.666667,0.666667,
0.666667,0.666667,
0.666667,0.666667,
0.666667,0.666667,
0.666667,0.666667,
0.666667,0.666667,
0.666667,0.666667,
0.666667,0.666667,
0.666667,0.666667,
0.666667,0.666667,
0.666667,0.666667,
0.666667,0.666667,
0.666667,0.666667,
0.666667,0.666667,
0.666667,0.666667,
0.666667,0.666667,
0.666667,0.666667,
0.666667,0.666667,
0.666667,0.666667,
0.666667,0.666667,
0.666667,0.666667,
0.666667,0.666667,
0.666667,0.666667,
0.666667,0.666667,
0.666667,0.666667,
0.666667,0.666667,
0.666667,0.666667,
0.666667,0.666667,
0.666667,0.666667,
0.666667,0.666667,
0.666667,0.666667,
0.666667,0.666667,
0.666667,0.666667,
0.666667,0.666667,
0.666667,0.666667,
0.666667,0.666667,
0.666667,0.666667,
0.666667,0.666667,
0.666667,0.666667,
0.666667,0.666667,
0.666667,0.666667,
0.666667,0.666667,
0.666667,0.666667,
0.666667,0.666667,
0.666667,0.666667,
0.666667,0.666667,
0.666667,0.666667,
0.666667,0.666667,
0.666667,0.666667,
0.666667,0.666667,
0.666667,0.666667,
0.666667,0.666667,
0.666667,0.666667,
0.666667,0.666667,
0.666667,0.666667,
0.666667,0.666667,
0.666667,0.666667,
0.666667,0.666667,
0.666667,0.666667,
0.666667,0.666667,
0.666667,0.666667,
0.666667,0.666667,
0.666667,0.666667,
0.666667,0.666667,
0.666667,0.666667,
0.666667,0.666667,
0.666667,0.666667,
0.666667,0.666667,
0.666667,0.666667,
0.666667,0.666667,
0.666667,0.666667,
0.666667,0.666667,
0.666667,0.666667,
0.666667,0.666667,
0.666667,0.666667,
0.666667,0.666667,
0.666667,0.666667,
0.666667,0.666667,
0.666667,0.666667,
0.666667,0.666667,
0.666667,0.666667,
0.666667,0.666667,
0.666667,0.666667,
0.666667,0.666667,
0.666667,0.666667,
0.666667,0.666667,
0.666667,0.666667,
0.666667,0.666667,
0.666667,0.666667,
0.666667,0.666667,
0.666667,0.666667,
0.666667,0.666667,
0.666667,0.666667,
0.666667,0.666667,
0.666667,0.666667,
0.666667,0.666667,
0.666667,0.666667,
0.666667,0.666667,
0.666667,0.666667,
0.666667,0.666667,
0.666667,0.666667,
0.666667,0.666667,
0.666667,0.666667,
0.666667,0.666667,
0.666667,0.666667,
0.666667,0.666667,
0.666667,0.666667,
0.666667,0.666667,
0.666667,0.666667,
0.666667,0.666667,
0.666667,0.666667,
0.666667,0.666667,
0.666667,0.666667,
0.666667,0.666667,
0.666667,0.666667,
0.666667,0.666667,
0.666667,0.666667,
0.666667,0.666667,
0.666667,0.666667,
0.666667,0.666667,
0.666667,0.666667,
0.666667,0.666667,
0.666667,0.666667,
0.666667,0.666667,
0.666667,0.666667,
0.666667,0.666667,
0.666667,0.666667,
0.666667,0.666667,
0.666667,0.666667,
0.666667,0.666667,
0.666667,0.666667,
0.666667,0.666667,
0.666667,0.666667,
0.666667,0.666667,
0.666667,0.666667,
0.666667,0.666667,
0.666667,0.666667,
0.666667,0.666667,
0.666667,0.666667,
0.666667,0.666667,
0.666667,0.666667,
0.666667,0.666667,
0.666667,0.666667,
0.666667,0.666667,
0.666667,0.666667,
0.666667,0.666667,
0.666667,0.666667,
0.666667,0.666667,
0.666667,0.666667,
0.666667,0.666667,
0.666667,0.666667,
0.666667,0.666667,
0.666667,0.666667,
0.666667,0.666667,
0.666667,0.666667,
0.666667,0.666667,
0.666667,0.666667,
0.666667,0.666667,
0.666667,0.666667,
0.666667,0.666667,
0.666667,0.666667,
0.666667,0.666667,
0.666667,0.666667,
0.666667,0.666667,
0.666667,0.666667,
0.666667,0.666667,
0.666667,0.666667,
0.666667,0.666667,
0.666667,0.666667,
0.666667,0.666667,
0.666667,0.666667,
0.666667,0.666667,
0.666667,0.666667,
0.666667,0.666667,
0.666667,0.666667,
0.666667,0.666667,
0.666667,0.666667,
0.666667,0.666667,
0.666667,0.666667,
0.666667,0.666667,
0.666667,0.666667,
0.666667,0.666667,
0.666667,0.666667,
0.666667,0.666667,
0.666667,0.666667,
0.666667,0.666667,
0.666667,0.666667,
0.666667,0.666667,
0.666667,0.666667,
0.666667,0.666667,
0.666667,0.666667,
0.666667,0.666667,
0.666667,0.666667,
0.666667,0.666667,
0.666667,0.666667,
0.666667,0.666667,
0.666667,0.666667,
0.666667,0.666667,
0.666667,0.666667,
0.666667,0.666667,
0.666667,0.666667,
0.666667,0.666667,
0.666667,0.666667,
0.666667,0.666667,
0.666667,0.666667,
0.666667,0.666667,
0.666667,0.666667,
0.666667,0.666667,
0.666667,0.666667,
0.666667,0.666667,
0.666667,0.666667,
0.666667,0.666667,
0.666667,0.666667,
0.666667,0.666667,
0.666667,0.666667,
0.666667,0.666667,
0.666667,0.666667,
0.666667,0.666667,
0.666667,0.666667,
0.666667,0.666667,
0.666667,0.666667,
0.666667,0.666667,
0.666667,0.666667,
0.666667,0.666667,
0.666667,0.666667,
0.666667,0.666667,
0.666667,0.666667,
0.666667,0.666667,
0.666667,0.666667,
0.666667,0.666667,
0.666667,0.666667,
0.666667,0.666667,
0.666667,0.666667,
0.666667,0.666667,
0.666667,0.666667,
0.666667,0.666667,
0.666667,0.666667,
0.666667,0.666667,
0.666667,0.666667,
0.666667,0.666667,
0.666667,0.666667,
0.666667,0.666667,
0.666667,0.666667,
0.666667,0.666667,
0.666667,0.666667,
0.666667,0.666667,
0.666667,0.666667,
0.666667,0.666667,
0.666667,0.666667,
0.666667,0.666667,
0.666667,0.666667,
0.666667,0.666667,
0.666667,0.666667,
0.666667,0.666667,
0.666667,0.666667,
0.666667,0.666667,
0.666667,0.666667,
0.666667,0.666667,
0.666667,0.666667,
0.666667,0.666667,
0.666667,0.666667,
0.666667,0.666667,
0.666667,0.666667,
0.666667,0.666667,
0.666667,0.666667,
0.666667,0.666667,
0.666667,0.666667,
0.666667,0.666667,
0.666667,0.666667,
0.666667,0.666667,
0.666667,0.666667,
0.666667,0.666667,
0.666667,0.666667,
0.666667,0.666667,
0.666667,0.666667,
0.666667,0.666667,
0.666667,0.666667,
0.666667,0.666667,
0.666667,0.666667,
0.666667,0.666667,
0.666667,0.666667,
0.666667,0.666667,
0.666667,0.666667,
0.666667,0.666667,
0.666667,0.666667,
0.666667,0.666667,
0.666667,0.666667,
0.666667,0.666667,
0.666667,0.666667,
0.666667,0.666667,
0.666667,0.666667,
0.666667,0.666667,
0.666667,0.666667,
0.666667,0.666667,
0.666667,0.666667,
0.666667,0.666667,
0.666667,0.666667,
0.666667,0.666667,
0.666667,0.666667,
0.666667,0.666667,
0.666667,0.666667,
0.666667,0.666667,
0.666667,0.666667,
0.666667,0.666667,
0.666667,0.666667,
0.666667,0.666667,
0.666667,0.666667,
0.666667,0.666667,
0.666667,0.666667,
0.666667,0.666667,
0.666667,0.666667,
0.666667,0.666667,
0.666667,0.666667,
0.666667,0.666667,
0.666667,0.666667,
0.666667,0.666667,
0.666667,0.666667,
0.666667,0.666667,
0.666667,0.666667,
0.666667,0.666667,
0.666667,0.666667,
0.666667,0.666667,
0.666667,0.666667,
0.666667,0.666667,
0.666667,0.666667,
0.666667,0.666667,
0.666667,0.666667,
0.666667,0.666667,
0.666667,0.666667,
0.666667,0.666667,
0.666667,0.666667,
0.666667,0.666667,
0.666667,0.666667,
0.666667,0.666667,
0.666667,0.666667,
0.666667,0.666667,
0.666667,0.666667,
0.666667,0.666667,
0.666667,0.666667,
0.666667,0.666667,
0.666667,0.666667,
0.666667,0.666667,
0.666667,0.666667,
0.666667,0.666667,
0.666667,0.666667,
0.666667,0.666667,
0.666667,0.666667,
0.666667,0.666667,
0.666667,0.666667,
0.666667,0.666667,
0.666667,0.666667,
0.666667,0.666667,
0.666667,0.666667,
0.666667,0.666667,
0.666667,0.666667,
0.666667,0.666667,
0.666667,0.666667,
0.666667,0.666667,
