0.333333,0.285714,
0,0,
0.3125,0.3125,
0.0909091,0.133333,
0.210526,0.210526,
0.875,0.636364,
0,0,
0,0,
0.153846,0.166667,
0.181818,0.222222,
0.6875,0.44,
0.823529,0.583333,
0.0833333,0.0833333,
0.785714,0.578947,
0.714286,0.681818,
0.384615,0.277778,
0.0909091,0.0588235,
0.5,0.631579,
0.444444,0.4,
0.590909,0.52,
0.571429,0.857143,
0.526316,0.526316,
0.291667,0.28,
0.111111,0.0769231,
0.0769231,0.0454545,
0.416667,0.384615,
0.294118,0.277778,
0.125,0.166667,
0.473684,0.642857,
0.125,0.105263,
0.3,0.428571,
0,0,
0.0833333,0.0625,
0.5,0.333333,
0.4,0.571429,
0.0833333,0.0714286,
0,0,
0.230769,0.214286,
0.714286,0.625,
0.181818,0.285714,
0.333333,0.296296,
0.2,0.25,
0.421053,0.533333,
0,0,
0.277778,0.208333,
0.631579,0.571429,
0.26087,0.4,
0,0,
0.777778,0.636364,
0.736842,0.666667,
0.2,0.15,
0.0769231,0.0909091,
0.727273,0.761905,
0.0588235,0.0909091,
0.210526,0.235294,
0.263158,0.238095,
0.619048,0.619048,
0.111111,0.0625,
0.266667,0.4,
0.56,0.583333,
0.470588,0.32,
0.1,0.0666667,
0.111111,0.0769231,
0.272727,0.272727,
0,0,
0.636364,0.333333,
0.3,0.375,
0.230769,0.3,
0.272727,0.25,
0.3,0.230769,
0.25,0.333333,
0.380952,0.380952,
0.458333,0.458333,
0.133333,0.153846,
0.333333,0.3,
0.526316,0.526316,
0.625,0.434783,
0.8125,0.65,
0.64,0.615385,
0.88,0.785714,
0.192308,0.238095,
0.307692,0.222222,
0.318182,0.368421,
0.333333,0.214286,
0.130435,0.130435,
0.272727,0.25,
0.173913,0.166667,
0.647059,0.578947,
0.526316,0.631579,
0.125,0.1,
0.1875,0.25,
0.153846,0.125,
0.0588235,0.0666667,
0.470588,0.444444,
0.0625,0.0769231,
0.363636,0.266667,
0.0714286,0.0666667,
0.111111,0.142857,
0.142857,0.181818,
0.576923,0.652174,
0,0,
0.307692,0.363636,
0.28,0.269231,
0.26087,0.333333,
0.222222,0.285714,
0.0909091,0.1,
0.5,0.3,
0.636364,0.411765,
0,0,
0.478261,0.5,
0.444444,0.421053,
0.136364,0.136364,
0.181818,0.173913,
0.157895,0.2,
0.047619,0.0625,
0.2,0.214286,
0.047619,0.0666667,
0.5,0.625,
0.0625,0.047619,
0.48,0.444444,
0.692308,0.72,
0.565217,0.565217,
0.384615,0.47619,
0.4,0.444444,
0,0,
0.636364,0.7,
0.576923,0.833333,
0.375,0.473684,
0.6,0.571429,
0.647059,0.52381,
0.133333,0.142857,
0.222222,0.307692,
0.230769,0.272727,
0.8,0.64,
0.352941,0.4,
0.380952,0.470588,
0.214286,0.272727,
0.363636,0.5,
0.3,0.3,
0.55,0.647059,
0.0909091,0.0909091,
0.45,0.428571,
0.333333,0.35,
0.125,0.142857,
0.588235,0.666667,
0.125,0.125,
0.307692,0.444444,
0.666667,0.8,
0.6,0.666667,
0.5,0.409091,
0.5,0.423077,
0.684211,0.65,
0.125,0.166667,
0.384615,0.454545,
0.133333,0.0869565,
0.5,0.470588,
0.375,0.3,
0.666667,0.588235,
0.473684,0.36,
0.166667,0.133333,
0.277778,0.416667,
0.2,0.25,
0.590909,0.8125,
0.416667,0.277778,
0,0,
0.5625,0.5,
0.133333,0.125,
0.842105,0.551724,
0.416667,0.454545,
0.611111,0.6875,
0.55,0.5,
0.25,0.294118,
0.210526,0.190476,
0.416667,0.454545,
0.454545,0.37037,
0.0769231,0.0714286,
0.133333,0.153846,
0,0,
0.545455,0.5,
0.571429,0.421053,
0.166667,0.2,
0.421053,0.363636,
0.238095,0.333333,
0.368421,0.368421,
0.68,0.68,
0,0,
0.478261,0.458333,
0.583333,0.583333,
0.466667,0.333333,
0.1,0.1,
0.166667,0.166667,
0.470588,0.533333,
0.3,0.230769,
0.5625,0.5625,
0.590909,0.619048,
0.0588235,0.0555556,
0.111111,0.0833333,
0.461538,0.5,
0.272727,0.3,
0.117647,0.153846,
0.363636,0.421053,
0.631579,0.857143,
0.36,0.428571,
0.583333,0.583333,
0.571429,0.631579,
0.192308,0.3125,
0.52381,0.647059,
0.294118,0.2,
0.375,0.545455,
0,0,
0.538462,0.666667,
0.0666667,0.0666667,
0.0909091,0.0714286,
0.833333,0.681818,
0.44,0.478261,
0.235294,0.333333,
0.454545,0.357143,
0.375,0.409091,
0.6,0.545455,
0.555556,0.454545,
0.0714286,0.0833333,
0.3125,0.357143,
0.0909091,0.0666667,
0.65,0.619048,
0.75,0.5625,
0.526316,0.526316,
0.157895,0.176471,
0.875,0.608696,
0.117647,0.117647,
0.695652,0.842105,
0.5,0.52,
0,0,
0.142857,0.111111,
0.130435,0.1875,
0.4,0.380952,
0.461538,0.352941,
0.538462,0.368421,
0.666667,0.588235,
0.352941,0.5,
0.363636,0.222222,
0,0,
0.416667,0.5,
0.64,0.64,
0.24,0.26087,
0,0,
0.157895,0.230769,
0.333333,0.230769,
0,0,
0.12,0.1875,
0.4,0.32,
0.0833333,0.1,
0.36,0.375,
0.333333,0.5,
0.111111,0.0714286,
0.681818,0.681818,
0.6,0.692308,
0,0,
0.266667,0.266667,
0.210526,0.210526,
0,0,
0.333333,0.294118,
0.608696,0.608696,
0.6875,0.55,
0.4,0.444444,
0.6,0.705882,
0.173913,0.210526,
0.1,0.111111,
0.375,0.214286,
0.5625,0.473684,
0.107143,0.1875,
0.37037,0.416667,
0.5625,0.45,
0.5,0.4,
0,0,
0.52,0.590909,
0.5,0.357143,
0.333333,0.3125,
0.545455,0.4,
0.368421,0.4375,
0.125,0.0909091,
0.315789,0.333333,
0.181818,0.2,
0.2,0.173913,
0.666667,0.428571,
0.3125,0.263158,
0.826087,0.703704,
0.545455,0.6,
0.333333,0.375,
0.52,0.541667,
0.266667,0.333333,
0.409091,0.409091,
0.333333,0.25,
0.217391,0.263158,
0.68,0.85,
0.347826,0.470588,
0.625,0.5,
0.1,0.142857,
0.5,0.52,
0.333333,0.238095,
0.642857,0.529412,
0.0714286,0.0714286,
0.238095,0.227273,
0.555556,0.47619,
0.357143,0.416667,
0.214286,0.1875,
0.380952,0.32,
0.4,0.272727,
0.2,0.2,
0.473684,0.45,
0.166667,0.16,
0.333333,0.384615,
0.333333,0.333333,
0.15,0.157895,
0.47619,0.454545,
0.35,0.583333,
0.52,0.65,
0.157895,0.1875,
0.714286,0.652174,
0,0,
0.352941,0.461538,
0.25,0.25,
0.333333,0.214286,
0.357143,0.555556,
0.380952,0.363636,
0.272727,0.315789,
0.466667,0.636364,
0.769231,0.555556,
0.277778,0.294118,
0.0909091,0.125,
0.416667,0.333333,
0,0,
0.428571,0.45,
0.181818,0.166667,
0.733333,0.6875,
0.111111,0.153846,
0.166667,0.210526,
0.333333,0.269231,
0.478261,0.6875,
0.666667,0.444444,
0.45,0.346154,
0.307692,0.380952,
0.518519,0.636364,
0.470588,0.4,
0.333333,0.384615,
0.578947,0.733333,
0,0,
0.166667,0.166667,
0.105263,0.142857,
0.0666667,0.0833333,
0.190476,0.307692,
0.791667,0.730769,
0.619048,0.619048,
0.357143,0.227273,
0.65,0.8125,
0.8,0.695652,
0.478261,0.458333,
0.421053,0.5,
0.133333,0.133333,
0.272727,0.333333,
0.166667,0.157895,
0.428571,0.333333,
0,0,
0.733333,0.611111,
0,0,
0.1875,0.25,
0.388889,0.368421,
0,0,
0.142857,0.153846,
0.277778,0.294118,
0.3,0.428571,
0.35,0.333333,
0.533333,0.5,
0.142857,0.105263,
0.533333,0.380952,
0.478261,0.545455,
0.130435,0.107143,
0.222222,0.153846,
0.6,0.413793,
0.3125,0.3125,
0.35,0.368421,
0.55,0.611111,
0.555556,0.6,
0.416667,0.416667,
0.588235,0.588235,
0.583333,0.636364,
0.666667,0.727273,
0.68,0.68,
0.266667,0.4,
0.454545,0.454545,
0.388889,0.269231,
0.413793,0.444444,
0,0,
0.5,0.52381,
0.105263,0.1,
0.526316,0.526316,
0.3125,0.384615,
0.416667,0.416667,
0,0,
0.5,0.647059,
0.416667,0.384615,
0.0625,0.0625,
0.588235,0.588235,
0.4375,0.7,
0.222222,0.2,
0.222222,0.181818,
0.263158,0.263158,
0.277778,0.416667,
0.3,0.25,
0.266667,0.266667,
0.416667,0.333333,
0,0,
0.285714,0.235294,
0,0,
0.5,0.391304,
0.222222,0.153846,
0.454545,0.625,
0.1875,0.25,
0.25,0.214286,
0.5,0.461538,
0.142857,0.1875,
0.588235,0.47619,
0.368421,0.411765,
0.105263,0.0952381,
0.222222,0.222222,
0.0588235,0.0588235,
0.588235,0.416667,
0.136364,0.1875,
0,0,
0,0,
0.434783,0.625,
0.1,0.111111,
0,0,
0.761905,0.615385,
0.133333,0.133333,
0.55,0.423077,
0.466667,0.411765,
0.25,0.285714,
0.647059,0.423077,
0.214286,0.157895,
0.416667,0.333333,
0.647059,0.5,
0.111111,0.117647,
0.24,0.24,
0,0,
0.416667,0.333333,
0.428571,0.375,
0.8,0.666667,
0.210526,0.307692,
0.363636,0.333333,
0.0588235,0.0625,
0.47619,0.5,
0.428571,0.6,
0.608696,0.608696,
0.111111,0.125,
0.526316,0.416667,
0.391304,0.45,
0.545455,0.545455,
0.611111,0.55,
0.538462,0.7,
0,0,
0.533333,0.444444,
0.461538,0.375,
0.384615,0.434783,
0.368421,0.4375,
0.625,0.526316,
0,0,
0.214286,0.2,
0.4,0.37037,
0.25,0.3,
0.26087,0.24,
0.533333,0.444444,
0.652174,0.652174,
0.333333,0.333333,
0.0909091,0.1,
0.333333,0.25,
0.7,0.4375,
0.214286,0.1875,
0.576923,0.625,
0.272727,0.25,
0.428571,0.352941,
0,0,
0.411765,0.538462,
0.166667,0.173913,
0.48,0.75,
0.3,0.375,
0,0,
0.666667,0.615385,
0.333333,0.368421,
0.5,0.5,
0.380952,0.333333,
0.333333,0.285714,
0.368421,0.291667,
0,0,
0.470588,0.347826,
0,0,
0.470588,0.666667,
0.666667,0.666667,
0.466667,0.583333,
0.0769231,0.111111,
0.117647,0.133333,
0.5625,0.642857,
0.666667,0.555556,
0.24,0.230769,
0,0,
0,0,
0.75,0.6,
0.272727,0.1875,
0.571429,0.6,
0.666667,0.615385,
0.48,0.521739,
0.111111,0.0833333,
0.68,0.653846,
0.0666667,0.0714286,
0,0,
0.0555556,0.0666667,
0.333333,0.315789,
0.411765,0.538462,
0.52381,0.733333,
0.384615,0.333333,
0.272727,0.25,
0.535714,0.882353,
0.148148,0.148148,
0.608696,0.608696,
0.588235,0.666667,
0.307692,0.421053,
0.391304,0.45,
0.2,0.2,
0.35,0.411765,
0.1,0.1,
0.5,0.5,
0.714286,0.625,
0,0,
0.291667,0.291667,
0.388889,0.35,
0.428571,0.5,
0.28,0.333333,
0.5625,0.692308,
0.0909091,0.0666667,
0.6,0.5,
0.266667,0.285714,
0.529412,0.375,
0.2,0.222222,
0,0,
0.117647,0.133333,
0.5,0.375,
0.117647,0.181818,
0.411765,0.333333,
0.6,0.409091,
0.0666667,0.0769231,
0.304348,0.304348,
0.0625,0.0555556,
0.72,0.692308,
0.5625,0.473684,
0.238095,0.277778,
0.666667,0.8,
0.65,0.619048,
0.263158,0.333333,
0.35,0.4375,
0.0833333,0.125,
0.588235,0.714286,
0.333333,0.470588,
0.2,0.157895,
0,0,
0.153846,0.181818,
0.1,0.142857,
0.5,0.5,
0.157895,0.1875,
0.52,0.52,
0.2,0.166667,
0.368421,0.583333,
0.111111,0.0666667,
0.5,0.526316,
0.26087,0.333333,
0.5,0.428571,
0.384615,0.294118,
0.363636,0.363636,
0.357143,0.285714,
0.391304,0.529412,
0.6,0.75,
0,0,
0.434783,0.625,
0.157895,0.142857,
0.125,0.0714286,
0.555556,0.75,
0.130435,0.130435,
0.37037,0.357143,
0,0,
0.357143,0.5,
0,0,
0.857143,0.666667,
0.47619,0.5,
0,0,
0.411765,0.28,
0.15,0.142857,
0.192308,0.185185,
0.5,0.565217,
0.333333,0.3125,
0.266667,0.363636,
0.611111,0.478261,
0.3125,0.357143,
0.0526316,0.0555556,
0.65,0.764706,
0.590909,0.722222,
0.428571,0.352941,
0.384615,0.555556,
0,0,
0.458333,0.423077,
0.6875,0.578947,
0,0,
0,0,
0,0,
0.0769231,0.1,
0.333333,0.333333,
0.176471,0.214286,
0.56,0.636364,
0.52,0.565217,
0.266667,0.25,
0.611111,0.647059,
0.176471,0.214286,
0.407407,0.458333,
0.590909,0.65,
0.0909091,0.0666667,
0.45,0.45,
0.130435,0.136364,
0.571429,0.421053,
0.0384615,0.0555556,
0.1,0.0909091,
0.166667,0.166667,
0.653846,0.772727,
0.352941,0.4,
0.142857,0.133333,
0.5,0.631579,
0.125,0.0769231,
0.5,0.307692,
0.266667,0.25,
0.1,0.125,
0,0,
0.434783,0.47619,
0.153846,0.105263,
0.25,0.266667,
0.6,0.529412,
0.235294,0.235294,
0.28,0.28,
0.652174,0.652174,
0.1,0.125,
0.714286,0.882353,
0.142857,0.181818,
0.125,0.142857,
0.25,0.416667,
0,0,
0.8,0.727273,
0.5,0.5,
0.444444,0.5,
0.047619,0.0625,
0,0,
0.1875,0.166667,
0.521739,0.666667,
0.47619,0.47619,
0.0666667,0.0769231,
0.285714,0.285714,
0.238095,0.294118,
0.4,0.315789,
0.619048,0.590909,
0.0952381,0.105263,
0.25,0.230769,
0.433333,0.619048,
0.315789,0.333333,
0.2,0.25,
0.454545,0.454545,
0.478261,0.578947,
0.166667,0.214286,
0.0833333,0.0909091,
0.333333,0.272727,
0.6,0.789474,
0.1875,0.15,
0.611111,0.733333,
0.214286,0.25,
0.428571,0.642857,
0.272727,0.352941,
0.368421,0.291667,
0.411765,0.4375,
0.5,0.346154,
0.428571,0.5,
0.272727,0.214286,
0.466667,0.4375,
0.25,0.307692,
0.3,0.333333,
0.4,0.307692,
0.25,0.157895,
0.2,0.230769,
0.434783,0.625,
0.772727,0.809524,
0.681818,0.576923,
0.75,0.576923,
0,0,
0.692308,0.72,
0.125,0.1875,
0.307692,0.222222,
0.1,0.0714286,
0.0714286,0.0714286,
0.230769,0.272727,
0.416667,0.47619,
0.533333,0.421053,
0.0909091,0.0909091,
0.307692,0.307692,
0.0666667,0.0833333,
0.4,0.380952,
0.26087,0.333333,
0.434783,0.625,
0.642857,0.529412,
0.333333,0.428571,
0.608696,0.823529,
0.411765,0.583333,
0.230769,0.3,
0.166667,0.111111,
0.666667,0.4,
0.428571,0.473684,
0.4375,0.7,
0,0,
0.0909091,0.0714286,
0,0,
0.684211,0.65,
0.692308,0.5,
0.181818,0.153846,
0.285714,0.444444,
0.133333,0.125,
0.25,0.1875,
0.291667,0.269231,
0.0588235,0.0588235,
0.6875,0.611111,
0.409091,0.409091,
0.291667,0.368421,
0.64,0.842105,
0.272727,0.375,
0.111111,0.117647,
0,0,
0.0909091,0.125,
0.25,0.352941,
0.0666667,0.0714286,
0.0769231,0.0952381,
0.277778,0.263158,
0.529412,0.818182,
0.454545,0.416667,
0.0909091,0.111111,
0.55,0.5,
0.176471,0.214286,
0.615385,0.470588,
0.380952,0.533333,
0.391304,0.36,
0.214286,0.214286,
0,0,
0.727273,0.615385,
0.0909091,0.0833333,
0.521739,0.48,
0.5,0.409091,
0.5,0.434783,
0.26087,0.352941,
0.0714286,0.0833333,
0.125,0.12,
0.416667,0.526316,
0.5,0.5,
0.0909091,0.0769231,
0.47619,0.5,
0.25,0.368421,
0.357143,0.357143,
0.352941,0.24,
0.291667,0.291667,
0.388889,0.291667,
0,0,
0.25,0.266667,
0,0,
0.666667,0.518519,
0.210526,0.266667,
0.722222,0.65,
0.210526,0.173913,
0.444444,0.285714,
0.5,0.428571,
0.375,0.428571,
0.0909091,0.0714286,
0.421053,0.615385,
0.181818,0.235294,
0.210526,0.181818,
0.5,0.47619,
0.333333,0.384615,
0.3125,0.3125,
0.73913,0.809524,
0.0588235,0.05,
0.833333,0.625,
0.625,0.5,
0.2,0.15,
0.526316,0.588235,
0.346154,0.346154,
0.666667,0.347826,
0.176471,0.272727,
0.565217,0.590909,
0.521739,0.5,
0.25,0.25,
0.454545,0.333333,
0.291667,0.388889,
0.4,0.4,
0.666667,0.521739,
0.666667,0.48,
0.866667,0.619048,
0.428571,0.642857,
0.133333,0.117647,
0.166667,0.2,
0.117647,0.08,
0.529412,0.45,
0,0,
0.235294,0.363636,
0.5,0.333333,
0,0,
0.25,0.166667,
0.210526,0.235294,
0.125,0.153846,
0.45,0.473684,
0.1875,0.272727,
0.0666667,0.0909091,
0.333333,0.333333,
0.178571,0.185185,
0.47619,0.588235,
0.47619,0.526316,
0.409091,0.45,
0.166667,0.125,
0.4,0.285714,
0.5,0.631579,
0,0,
0.521739,0.705882,
0.0625,0.0909091,
0.3,0.230769,
0.153846,0.190476,
0.714286,0.6,
0.25,0.4,
0.238095,0.357143,
0.875,0.7,
0.5,0.36,
0.15,0.12,
0.318182,0.5,
0.0526316,0.0714286,
0.277778,0.217391,
0.642857,0.529412,
0.565217,0.590909,
0.307692,0.210526,
0.181818,0.166667,
0.826087,0.76,
0.409091,0.529412,
0.4,0.363636,
0.25,0.2,
0.571429,0.666667,
0.9375,0.625,
0.631579,0.48,
0.272727,0.272727,
0.411765,0.538462,
0.5625,0.5625,
0.333333,0.357143,
0.166667,0.166667,
0.642857,0.428571,
0.529412,0.5,
0.285714,0.26087,
0.15,0.157895,
0.133333,0.166667,
0.666667,0.642857,
0.73913,0.708333,
0.277778,0.277778,
0.333333,0.222222,
0.346154,0.5,
0.222222,0.181818,
0.444444,0.545455,
0.0434783,0.04,
0.391304,0.375,
0.5,0.6,
0.307692,0.4,
0.473684,0.642857,
0.333333,0.4375,
0.2,0.117647,
0.727273,0.695652,
0,0,
0.625,0.833333,
0.434783,0.555556,
0.428571,0.428571,
0.52381,0.55,
0.375,0.352941,
0.708333,0.772727,
0.615385,0.5,
0.0588235,0.0909091,
0.333333,0.304348,
0.266667,0.285714,
0.0769231,0.0714286,
0,0,
0.375,0.428571,
0.411765,0.28,
0.346154,0.45,
0.304348,0.318182,
0.466667,0.7,
0.176471,0.115385,
0.52381,0.52381,
0.473684,0.375,
0.578947,0.578947,
0.333333,0.444444,
0.142857,0.142857,
0.35,0.304348,
0.111111,0.125,
0,0,
0.588235,0.846154,
0.583333,0.777778,
0,0,
0.315789,0.5,
0.16,0.173913,
0.473684,0.6,
0.26087,0.428571,
0.25,0.333333,
0.266667,0.25,
0.0666667,0.1,
0.1,0.111111,
0.190476,0.235294,
0.44,0.423077,
0.416667,0.47619,
0.142857,0.133333,
0.75,0.576923,
0.3125,0.25,
0.333333,0.384615,
0.111111,0.111111,
0.2,0.294118,
0,0,
0.125,0.166667,
0.333333,0.3125,
0.333333,0.25,
0.461538,0.428571,
0.692308,0.666667,
0.47619,0.384615,
0.2,0.2,
0.0666667,0.0555556,
0.214286,0.25,
0.3125,0.5,
0.238095,0.3125,
0.285714,0.285714,
0.1,0.0625,
0.222222,0.285714,
0,0,
0,0,
0.642857,0.75,
0,0,
0,0,
0.227273,0.208333,
0.375,0.375,
0.142857,0.222222,
0.533333,0.380952,
0.571429,0.4,
0.307692,0.2,
0.25,0.166667,
0.277778,0.25,
0.0526316,0.047619,
0.722222,0.8125,
0.363636,0.444444,
0.25,0.25,
0.210526,0.210526,
0.5625,0.5,
0.8125,0.590909,
0.68,0.68,
0,0,
0.3,0.214286,
0.695652,0.695652,
0.619048,0.590909,
0.181818,0.142857,
0.375,0.352941,
0.0769231,0.0666667,
0.0769231,0.111111,
0.166667,0.111111,
0.526316,0.769231,
0.2,0.3,
0.36,0.409091,
0.0666667,0.0833333,
0.619048,0.541667,
0.181818,0.222222,
0.333333,0.357143,
0.153846,0.181818,
0.157895,0.166667,
0.0909091,0.125,
0.619048,0.764706,
0.291667,0.291667,
0.636364,0.777778,
0.4,0.352941,
0.133333,0.153846,
0.0689655,0.1,
0.473684,0.428571,
0.652174,0.6,
0.526316,0.555556,
0.25,0.333333,
0.277778,0.25,
0.2,0.285714,
0.157895,0.176471,
0.153846,0.117647,
0.545455,0.545455,
0.25,0.4,
0.518519,0.518519,
0.28,0.411765,
0.368421,0.291667,
0.592593,0.888889,
0.1,0.0909091,
0.117647,0.125,
0.307692,0.222222,
0,0,
0.307692,0.380952,
0.631579,0.521739,
0.2,0.157895,
0.4,0.625,
0,0,
0.25,0.384615,
0.5,0.458333,
0.1,0.142857,
0.222222,0.222222,
0.111111,0.0526316,
0.521739,0.545455,
0.461538,0.48,
0.142857,0.142857,
0,0,
0.428571,0.375,
0.5,0.571429,
0.166667,0.214286,
0.684211,0.565217,
0.8,0.695652,
0.615385,0.64,
0.375,0.473684,
0.235294,0.285714,
0.5,0.52381,
0.1875,0.176471,
0.571429,0.666667,
0.458333,0.6875,
0.7,0.736842,
0.333333,0.214286,
0.2,0.222222,
0.380952,0.470588,
0.428571,0.785714,
0,0,
0.357143,0.294118,
0.3,0.25,
0.521739,0.5,
0.157895,0.230769,
0.35,0.35,
0.333333,0.272727,
0.0434783,0.04,
0,0,
0.692308,0.75,
0.666667,0.5,
0.0714286,0.0909091,
0.05,0.05,
0.791667,0.791667,
0.25,0.16,
0.0555556,0.0625,
0.421053,0.666667,
0.25,0.2,
0.692308,0.692308,
0.0909091,0.1,
0.428571,0.352941,
0,0,
0.333333,0.3,
0.1,0.111111,
0.272727,0.2,
0.0833333,0.0526316,
0.166667,0.166667,
0.555556,0.666667,
0.388889,0.388889,
0,0,
0.214286,0.272727,
0.5,0.75,
0.166667,0.230769,
0.210526,0.222222,
0.142857,0.176471,
0.0666667,0.0588235,
0.0714286,0.0833333,
0.681818,0.6,
0.294118,0.277778,
0,0,
0.296296,0.307692,
0.0909091,0.142857,
0.4375,0.411765,
0.545455,0.631579,
0.166667,0.142857,
0.772727,0.653846,
0.0714286,0.0833333,
0.76,0.76,
0.826087,0.730769,
0.521739,0.461538,
0.210526,0.222222,
0.0740741,0.0909091,
0.4,0.375,
0.272727,0.2,
0.588235,0.4,
0.0769231,0.0555556,
0.518519,0.736842,
0.384615,0.4,
0.272727,0.1875,
0.25,0.176471,
0.52381,0.846154,
0.409091,0.375,
0.294118,0.208333,
0.133333,0.153846,
0.73913,0.73913,
0.458333,0.647059,
0.125,0.117647,
0.411765,0.4375,
0.55,0.458333,
0.222222,0.307692,
0.590909,0.565217,
0.3,0.1875,
0.25,0.142857,
0.0909091,0.0769231,
0.777778,0.807692,
0.125,0.105263,
0.545455,0.666667,
0,0,
0,0,
0,0,
0.142857,0.153846,
0.4,0.5,
0.695652,0.727273,
0.44,0.44,
0.333333,0.454545,
0.294118,0.294118,
0.0714286,0.0833333,
0.428571,0.3,
0.5,0.55,
0.423077,0.55,
0.423077,0.458333,
0.25,0.272727,
0.466667,0.5,
0,0,
0.666667,0.571429,
0.0666667,0.0714286,
0.666667,0.416667,
0.5,0.6,
0.5,0.733333,
0.454545,0.454545,
0.76,0.791667,
0,0,
0.375,0.4,
0.4375,0.368421,
0.68,0.708333,
0.28,0.4375,
0.444444,0.380952,
0.64,0.888889,
0.608696,0.777778,
0.111111,0.111111,
0.235294,0.307692,
0.68,0.607143,
0.217391,0.238095,
0.05,0.0666667,
0.294118,0.3125,
0,0,
0.733333,0.55,
0.0666667,0.0714286,
0.5,0.5,
0.625,0.769231,
0.666667,0.608696,
0.2,0.272727,
0,0,
0.333333,0.428571,
0.538462,0.4375,
0.6,0.882353,
0.333333,0.428571,
0.125,0.0952381,
0.583333,0.875,
0.733333,0.55,
0.666667,0.666667,
0.571429,0.421053,
0.705882,0.48,
0.8,0.761905,
0.545455,0.666667,
0.538462,0.636364,
0.117647,0.111111,
0.0666667,0.0588235,
0.294118,0.357143,
0.473684,0.5625,
0.681818,0.535714,
0.421053,0.470588,
0.384615,0.5,
0.117647,0.153846,
0.111111,0.0909091,
0.333333,0.307692,
0.227273,0.3125,
0.333333,0.285714,
0.166667,0.25,
0.0909091,0.0869565,
0.318182,0.318182,
0,0,
0.266667,0.210526,
0.5,0.5,
0.421053,0.615385,
0.125,0.1,
0.0769231,0.0714286,
0.0952381,0.0909091,
0.217391,0.238095,
0.363636,0.235294,
0.647059,0.55,
0.473684,0.428571,
0.266667,0.266667,
0,0,
0.214286,0.25,
0.0833333,0.0909091,
0.5625,0.642857,
0.769231,0.526316,
0.583333,0.411765,
0.5,0.428571,
0.2,0.2,
0,0,
0.352941,0.315789,
0.375,0.36,
0.470588,0.347826,
0,0,
0.733333,0.578947,
0.32,0.363636,
0.5,0.5,
0,0,
0.235294,0.16,
0.111111,0.125,
0,0,
0.230769,0.214286,
0.578947,0.44,
0.428571,0.428571,
0.214286,0.15,
0.0666667,0.0714286,
0.7,0.7,
0.588235,0.666667,
0.277778,0.277778,
0.285714,0.285714,
0.692308,0.473684,
0.344828,0.454545,
0.0454545,0.05,
0.4,0.307692,
0.388889,0.5,
0.235294,0.285714,
0.428571,0.272727,
0,0,
0,0,
0.434783,0.47619,
0.428571,0.473684,
0.590909,0.764706,
0.2,0.230769,
0.230769,0.214286,
0.578947,0.647059,
0.416667,0.3125,
0.684211,0.590909,
0.227273,0.2,
0.0740741,0.0714286,
0.0625,0.0714286,
0.3,0.428571,
0.789474,0.6,
0.0384615,0.0526316,
0.0869565,0.111111,
0.105263,0.166667,
0.466667,0.368421,
0.0952381,0.111111,
0.52381,0.52381,
0.588235,0.5,
0.5,0.705882,
0.32,0.470588,
0.307692,0.266667,
0.142857,0.133333,
0.44,0.55,
0.75,0.473684,
0.388889,0.583333,
0.285714,0.428571,
0.833333,0.625,
0.25,0.357143,
0.136364,0.230769,
0.192308,0.230769,
0.666667,0.454545,
0.5,0.37037,
0.357143,0.277778,
0.375,0.428571,
0.133333,0.153846,
0.105263,0.125,
0.333333,0.428571,
0.5,0.434783,
0.5,0.5,
0.409091,0.409091,
0.318182,0.291667,
0.76,0.76,
0,0,
0.153846,0.222222,
0.166667,0.176471,
0.5,0.5,
0.521739,0.48,
0.428571,0.36,
0.545455,0.6,
0.444444,0.444444,
0.5,0.705882,
0.133333,0.153846,
0.307692,0.421053,
0.789474,0.6,
0.5,0.285714,
0,0,
0.1,0.0909091,
0.125,0.111111,
0.823529,0.56,
0.375,0.285714,
0.653846,0.653846,
0.25,0.363636,
0.647059,0.578947,
0.266667,0.266667,
0.25,0.222222,
0.391304,0.409091,
0.705882,0.461538,
0.318182,0.368421,
0.363636,0.307692,
0.0714286,0.0833333,
0.142857,0.0909091,
0.409091,0.6,
0.235294,0.333333,
0.5,0.647059,
0.304348,0.368421,
0.6,0.666667,
0.3,0.3,
0.25,0.181818,
0.333333,0.5,
0.153846,0.181818,
0.4,0.47619,
0.15,0.214286,
0.346154,0.333333,
0.1875,0.272727,
0.5625,0.6,
0.4,0.333333,
0.347826,0.347826,
0.363636,0.285714,
0.35,0.466667,
0.5,0.44,
0.25,0.357143,
0.722222,0.5,
0.0952381,0.0952381,
0,0,
0,0,
0.47619,0.47619,
0.125,0.0769231,
0.454545,0.47619,
0.111111,0.0909091,
0.307692,0.25,
0.166667,0.25,
0.545455,0.48,
0.5,0.6,
0.333333,0.5,
0.533333,0.5,
0.0909091,0.0909091,
0.315789,0.333333,
0.384615,0.384615,
0.285714,0.428571,
0.346154,0.391304,
0.153846,0.181818,
0,0,
0.545455,0.571429,
0.736842,0.636364,
0.2,0.263158,
0.666667,0.5,
0.461538,0.461538,
0.321429,0.5,
0.368421,0.4375,
0.142857,0.181818,
0.529412,0.391304,
0.590909,0.565217,
0.25,0.315789,
0.681818,0.576923,
0,0,
0.375,0.346154,
0.681818,0.6,
0.3125,0.25,
0.153846,0.25,
0.555556,0.526316,
0.111111,0.142857,
0.590909,0.684211,
0.111111,0.125,
0.4,0.315789,
0.125,0.166667,
0.0666667,0.1,
0.25,0.3,
0.608696,0.7,
0,0,
0.363636,0.25,
0.619048,0.52,
0.421053,0.333333,
0.454545,0.588235,
0.25,0.235294,
0.619048,0.590909,
0.571429,0.461538,
0.352941,0.461538,
0.52381,0.458333,
0,0,
0.0625,0.0588235,
0.333333,0.363636,
0.416667,0.357143,
0.347826,0.421053,
0.933333,0.608696,
0,0,
0,0,
0.782609,0.782609,
0.5,0.545455,
0.291667,0.318182,
0.222222,0.2,
0,0,
0.0588235,0.0666667,
0.681818,0.681818,
0.666667,0.583333,
0.166667,0.1875,
0.222222,0.142857,
0.363636,0.266667,
0.3125,0.25,
0.4,0.444444,
0.636364,0.636364,
0.4,0.5,
0.368421,0.368421,
0.347826,0.347826,
0.391304,0.391304,
0.583333,0.636364,
0.4,0.454545,
0,0,
0.272727,0.2,
0.64,0.64,
0.235294,0.333333,
0.25,0.181818,
0,0,
0.25,0.25,
0.166667,0.142857,
0.363636,0.5,
0.555556,0.6,
0.357143,0.454545,
0.333333,0.214286,
0,0,
0.222222,0.190476,
0.2,0.2,
0.4,0.333333,
0.166667,0.2,
0.3,0.222222,
0.521739,0.666667,
0.181818,0.142857,
0.111111,0.111111,
0.592593,0.64,
0.4375,0.333333,
0.823529,0.56,
0.333333,0.28,
0.5,0.333333,
0.176471,0.214286,
0.6,0.409091,
0.0769231,0.08,
0.588235,0.47619,
0.208333,0.294118,
0,0,
0.272727,0.375,
0.318182,0.35,
0.190476,0.25,
0.214286,0.1875,
0.176471,0.176471,
0,0,
0.0714286,0.0769231,
0.590909,0.684211,
0.555556,0.454545,
0.3125,0.238095,
0.388889,0.318182,
0.2,0.166667,
0.944444,0.73913,
0.111111,0.117647,
0.583333,0.608696,
0.304348,0.35,
0.0714286,0.0714286,
0,0,
0.470588,0.333333,
0.0833333,0.0625,
0.333333,0.333333,
0.409091,0.529412,
0,0,
0.642857,0.45,
0.692308,0.529412,
0.444444,0.571429,
0.0384615,0.04,
0.181818,0.222222,
0.375,0.315789,
0.25,0.185185,
0.142857,0.166667,
0,0,
0.238095,0.238095,
0.25,0.307692,
0.4,0.32,
0,0,
0.4,0.307692,
0.153846,0.133333,
0.571429,0.363636,
0.2,0.266667,
0.181818,0.142857,
0.384615,0.294118,
0.791667,0.826087,
0.428571,0.48,
0.117647,0.125,
0.277778,0.2,
0.230769,0.2,
0.631579,0.631579,
0.0666667,0.05,
0.25,0.3,
0.380952,0.363636,
0.583333,0.583333,
0.333333,0.26087,
0.3,0.25,
0.1,0.0714286,
0.210526,0.307692,
0,0,
0.6,0.75,
0.473684,0.6,
0.375,0.3,
0.461538,0.461538,
0.608696,0.56,
0.571429,0.5,
0.25,0.227273,
1,0.708333,
0.388889,0.411765,
0.55,0.44,
0.153846,0.166667,
0.181818,0.2,
0.166667,0.181818,
0.652174,0.625,
0.235294,0.181818,
0.285714,0.166667,
0.111111,0.125,
0.478261,0.647059,
0.571429,0.470588,
0.45,0.375,
0.25,0.363636,
0.777778,0.636364,
0.277778,0.416667,
0.583333,0.470588,
0.6,0.789474,
0.416667,0.294118,
0.647059,0.578947,
0.380952,0.533333,
0.238095,0.3125,
0.0714286,0.0714286,
0,0,
0.1,0.111111,
0.619048,0.619048,
0,0,
0.166667,0.230769,
0.0666667,0.0666667,
0.318182,0.4375,
0.153846,0.2,
0.625,0.625,
0.454545,0.454545,
0.0869565,0.0833333,
0.2,0.25,
0.55,0.647059,
0.666667,0.461538,
0.272727,0.214286,
0.428571,0.4,
0.777778,0.583333,
0.428571,0.4,
0.115385,0.157895,
0.222222,0.153846,
0.142857,0.15,
0.470588,0.421053,
0.0833333,0.0714286,
0.166667,0.142857,
0.52381,0.733333,
0.444444,0.307692,
0.608696,0.583333,
0.875,0.56,
0.321429,0.45,
0.291667,0.388889,
0.333333,0.272727,
0,0,
0.227273,0.294118,
0.421053,0.571429,
0.307692,0.32,
0.380952,0.5,
0,0,
0.619048,0.65,
0.25,0.166667,
0.3125,0.333333,
0.5,0.647059,
0.45,0.428571,
0.210526,0.181818,
0.0588235,0.0625,
0.52,0.65,
0.157895,0.12,
0.142857,0.176471,
0.538462,0.666667,
0.266667,0.235294,
0.0526316,0.0625,
0.454545,0.454545,
0,0,
0.0769231,0.0833333,
0.521739,0.428571,
0.294118,0.416667,
0.583333,0.7,
0.272727,0.157895,
0.333333,0.210526,
0.307692,0.210526,
0.133333,0.105263,
0.521739,0.5,
0.52,0.52,
0.444444,0.363636,
0.190476,0.153846,
0.294118,0.357143,
0.529412,0.6,
0.625,0.555556,
0.590909,0.65,
0.375,0.375,
0.05,0.0833333,
0.0625,0.0666667,
0.705882,0.666667,
0.631579,0.8,
0.307692,0.222222,
0.3,0.25,
0.214286,0.214286,
0.4,0.333333,
0.105263,0.133333,
0,0,
0.307692,0.25,
0.1,0.142857,
0.269231,0.28,
0.714286,0.714286,
0.272727,0.25,
0.05,0.0769231,
0.272727,0.333333,
0.0909091,0.0869565,
0.272727,0.2,
0.733333,0.611111,
0.363636,0.347826,
0.608696,0.823529,
0.4,0.347826,
0.2,0.142857,
0.1875,0.1875,
0.1,0.125,
0.6,0.681818,
0.571429,0.666667,
0,0,
0.16,0.173913,
0.772727,0.708333,
0,0,
0.375,0.545455,
0.777778,0.7,
0.545455,0.521739,
0.625,0.526316,
0.25,0.1875,
0.416667,0.625,
0.117647,0.133333,
0.111111,0.125,
0.636364,0.388889,
0,0,
0.578947,0.647059,
0.35,0.35,
0.238095,0.3125,
0.263158,0.294118,
0.269231,0.368421,
0.375,0.45,
0.652174,0.625,
0.3,0.333333,
0.25,0.3125,
0.518519,0.538462,
0,0,
0.55,0.52381,
0.833333,0.6,
0.133333,0.1,
0.481481,0.8125,
0.0833333,0.0833333,
0.642857,0.45,
0.333333,0.285714,
0.578947,0.5,
0.695652,0.533333,
0.181818,0.222222,
0.5,0.35,
0.375,0.5,
0.12,0.157895,
0.0714286,0.0769231,
0.521739,0.705882,
0.294118,0.277778,
0.666667,0.608696,
0.764706,0.590909,
0.47619,0.416667,
0.0625,0.0625,
0.0714286,0.0769231,
0.307692,0.25,
0.6,0.45,
0.5,0.347826,
0.583333,0.608696,
0,0,
0.2,0.181818,
0.166667,0.25,
0.545455,0.545455,
0.714286,0.652174,
0.35,0.318182,
0.333333,0.363636,
0.0666667,0.0769231,
0.269231,0.35,
0.5,0.642857,
0.769231,0.5,
0.266667,0.25,
0.307692,0.307692,
0.294118,0.357143,
0.380952,0.444444,
0.789474,0.625,
0.25,0.285714,
0.333333,0.461538,
0.0909091,0.0833333,
0.1875,0.272727,
0.611111,0.733333,
0.5,0.315789,
0.6875,0.55,
0.571429,0.6,
0.727273,0.695652,
0.684211,0.565217,
0.411765,0.368421,
0.375,0.5,
0.136364,0.115385,
0.3,0.428571,
0.210526,0.190476,
0,0,
0.173913,0.166667,
0.653846,0.894737,
0.3,0.428571,
0.277778,0.3125,
0.666667,0.583333,
0.695652,0.761905,
0,0,
0.727273,0.761905,
0.285714,0.210526,
0.15,0.214286,
0.421053,0.380952,
0.333333,0.214286,
0.611111,0.458333,
0.555556,0.434783,
0.285714,0.428571,
0.4,0.235294,
0.481481,0.5,
0.695652,0.761905,
0.0714286,0.0588235,
0.0714286,0.0666667,
0.153846,0.142857,
0.823529,0.666667,
0.384615,0.294118,
0.772727,0.68,
0.217391,0.217391,
0.0666667,0.0666667,
0,0,
0.4375,0.318182,
0.619048,0.481481,
0.75,0.666667,
0.210526,0.210526,
0.0666667,0.0769231,
0,0,
0.6,0.45,
0.25,0.227273,
0.266667,0.25,
0.625,0.714286,
0.56,0.636364,
0.25,0.142857,
0.222222,0.285714,
0.482759,0.56,
0.125,0.111111,
0.714286,0.52381,
0.227273,0.25,
0.12,0.142857,
0.380952,0.615385,
0.4,0.461538,
0.607143,0.62963,
0.346154,0.45,
0.347826,0.470588,
0.157895,0.2,
0.388889,0.4375,
0.153846,0.166667,
0,0,
0.47619,0.47619,
0.0769231,0.0666667,
0.769231,0.740741,
0.5,0.5,
0.615385,0.4,
0.391304,0.45,
0.130435,0.142857,
0,0,
0.65,0.5,
0.0588235,0.0769231,
0.818182,0.692308,
0.0833333,0.08,
0.647059,0.55,
0.5625,0.375,
0.333333,0.235294,
0.611111,0.5,
0.631579,0.571429,
0.75,0.5,
0.285714,0.272727,
0.5,0.416667,
0.380952,0.4,
0.346154,0.391304,
0.545455,0.461538,
0.347826,0.571429,
0.25,0.230769,
0.0666667,0.1,
0.222222,0.222222,
0.266667,0.210526,
0.142857,0.0952381,
0.416667,0.384615,
0,0,
0.333333,0.416667,
0.576923,0.681818,
0.583333,0.466667,
0,0,
0,0,
0.235294,0.333333,
0.25,0.230769,
0,0,
0.416667,0.5,
0.5,0.411765,
0.0769231,0.0625,
0.222222,0.25,
0.375,0.375,
0.590909,0.619048,
0,0,
0.32,0.32,
0.272727,0.1875,
0.266667,0.333333,
0.818182,0.5,
0.6,0.576923,
0,0,
0.388889,0.4375,
0.235294,0.2,
0.5,0.608696,
0.0714286,0.0909091,
0,0,
0.25,0.3125,
0.157895,0.214286,
0.481481,0.541667,
0.26087,0.26087,
0.117647,0.1,
0.333333,0.388889,
0.181818,0.25,
0.263158,0.238095,
0.2,0.133333,
0.230769,0.25,
0.642857,0.409091,
0.0666667,0.111111,
0.190476,0.25,
0.538462,0.636364,
0.142857,0.173913,
0.65,0.5,
0.166667,0.142857,
0.44,0.625,
0.0769231,0.0666667,
0.666667,0.47619,
0.181818,0.181818,
0,0,
0.222222,0.2,
0.0625,0.047619,
0.5,0.3,
0.3,0.428571,
0.15,0.136364,
0.736842,0.736842,
0.357143,0.416667,
0.64,0.761905,
0,0,
0.0625,0.0625,
0,0,
0.333333,0.4,
0.153846,0.2,
0.133333,0.1,
0.307692,0.307692,
0.75,0.48,
0.181818,0.285714,
0,0,
0.571429,0.571429,
0.65,0.619048,
0,0,
0.0714286,0.0909091,
0,0,
0.555556,0.47619,
0.45,0.642857,
0.388889,0.28,
0.8,0.761905,
0.64,0.761905,
0.25,0.227273,
0.625,0.652174,
0.461538,0.461538,
0.235294,0.363636,
0.333333,0.285714,
0.4,0.352941,
0.461538,0.352941,
0.142857,0.16,
0.0625,0.0434783,
0.272727,0.285714,
0.230769,0.214286,
0,0,
0.380952,0.4,
0,0,
0.47619,0.666667,
0.590909,0.565217,
0.409091,0.5,
0.238095,0.294118,
0.2,0.181818,
0.380952,0.4,
0.470588,0.421053,
0.272727,0.2,
0.7,0.56,
0.52,0.541667,
0,0,
0.333333,0.333333,
0.4,0.444444,
0.269231,0.304348,
0.45,0.5625,
0.55,0.423077,
0,0,
0.25,0.1875,
0.285714,0.307692,
0.0555556,0.0555556,
0.210526,0.173913,
0.166667,0.181818,
0.277778,0.208333,
0.176471,0.157895,
0,0,
0.666667,0.666667,
0.333333,0.210526,
0.153846,0.117647,
0.0769231,0.1,
0.296296,0.347826,
0.608696,0.56,
0.521739,0.461538,
0.105263,0.0909091,
0.666667,0.666667,
0.5,0.352941,
0.785714,0.611111,
0.307692,0.421053,
0.411765,0.318182,
0.5,0.36,
0.133333,0.142857,
0.0769231,0.0526316,
0.0833333,0.1,
0.291667,0.304348,
0.214286,0.25,
0.294118,0.3125,
0.4,0.333333,
0.5,0.55,
0.125,0.111111,
0.411765,0.304348,
0.142857,0.1,
0.565217,0.5,
0.666667,0.782609,
0.333333,0.363636,
0.684211,0.52,
0.153846,0.142857,
0.333333,0.333333,
0.142857,0.2,
0.411765,0.388889,
0.611111,0.407407,
0.6,0.6,
0.304348,0.5,
0.363636,0.533333,
0,0,
0.545455,0.428571,
0.133333,0.117647,
0,0,
0,0,
0.391304,0.375,
0.588235,0.416667,
0.08,0.0952381,
0.115385,0.1875,
0.222222,0.16,
0.125,0.0952381,
0.176471,0.214286,
0.235294,0.266667,
0.368421,0.333333,
0.363636,0.266667,
0.26087,0.285714,
0,0,
0.5,0.4375,
0,0,
0.181818,0.166667,
0.24,0.272727,
0.333333,0.5,
0.6,0.681818,
0.52,0.764706,
0.222222,0.285714,
0.259259,0.28,
0,0,
0.47619,0.434783,
0.333333,0.333333,
0.1875,0.166667,
0.0909091,0.1,
0.166667,0.190476,
0.347826,0.470588,
0.190476,0.173913,
0.380952,0.421053,
0.5,0.714286,
0.538462,0.466667,
0.166667,0.148148,
0.590909,0.764706,
0.72,0.692308,
0.692308,0.692308,
0.357143,0.384615,
0,0,
0.391304,0.529412,
0.470588,0.666667,
0.473684,0.391304,
0,0,
0.333333,0.384615,
0,0,
0.407407,0.458333,
0.481481,0.722222,
0.133333,0.117647,
0.181818,0.285714,
0.238095,0.277778,
0.555556,0.47619,
0.454545,0.4,
0.210526,0.285714,
0.0625,0.1,
0.304348,0.35,
0.6,0.714286,
0.578947,0.846154,
0.576923,0.625,
0.25,0.333333,
0.526316,0.5,
0.75,0.6,
0.259259,0.291667,
0.0588235,0.0714286,
0.375,0.315789,
0.411765,0.4375,
0.555556,0.714286,
0.176471,0.176471,
0.136364,0.166667,
0.5,0.555556,
0.1875,0.272727,
0.272727,0.3,
0.533333,0.727273,
0.333333,0.352941,
0.473684,0.409091,
0.0555556,0.0625,
0.0833333,0.0769231,
0.619048,0.590909,
0.526316,0.5,
0,0,
0.555556,0.416667,
0.541667,0.464286,
0,0,
0.538462,0.411765,
0,0,
0.333333,0.5,
0.333333,0.333333,
0.12,0.130435,
0.166667,0.105263,
0.166667,0.142857,
0.0909091,0.0625,
0.5,0.4,
0.4,0.5,
0.55,0.5,
0.166667,0.153846,
0.222222,0.117647,
0.458333,0.647059,
0.2,0.153846,
0.277778,0.238095,
0.111111,0.111111,
0.318182,0.28,
0.3,0.3,
0.538462,0.411765,
0.0555556,0.0588235,
0.607143,0.85,
0.619048,0.866667,
0,0,
0.521739,0.521739,
0.142857,0.153846,
0.458333,0.55,
0.25,0.230769,
0.05,0.0625,
0.307692,0.222222,
0.666667,0.857143,
0.428571,0.545455,
0.166667,0.214286,
0.111111,0.0769231,
0.454545,0.434783,
0.384615,0.454545,
0.857143,0.6,
0.0625,0.0625,
0.625,0.652174,
0.411765,0.5,
0.333333,0.222222,
0.318182,0.333333,
0.0666667,0.0666667,
0.25,0.333333,
0.666667,0.454545,
0.571429,0.571429,
0.0833333,0.0833333,
0.45,0.391304,
0,0,
0.291667,0.333333,
0.681818,0.6,
0.125,0.142857,
0.0833333,0.0833333,
0.0454545,0.0588235,
0.583333,0.666667,
0.0833333,0.125,
0.535714,0.75,
0.294118,0.25,
0.52381,0.52381,
0.0666667,0.0555556,
0.722222,0.722222,
0.166667,0.153846,
0.269231,0.28,
0.1,0.1,
0,0,
0.25,0.157895,
0.333333,0.384615,
0.333333,0.222222,
0.25,0.2,
0.166667,0.166667,
0.272727,0.230769,
0,0,
0.592593,0.592593,
0.1875,0.1875,
0.230769,0.214286,
0.333333,0.269231,
0.333333,0.375,
0,0,
0.416667,0.277778,
0,0,
0,0,
0.733333,0.6875,
0.142857,0.153846,
0.615385,0.615385,
0.111111,0.0909091,
0.294118,0.384615,
0.625,0.4,
0.272727,0.1875,
0.588235,0.47619,
0.375,0.428571,
0,0,
0.578947,0.5,
0.541667,0.565217,
0.117647,0.125,
0.181818,0.117647,
0.166667,0.133333,
0.571429,0.571429,
0.6,0.666667,
0.388889,0.466667,
0.125,0.153846,
0.153846,0.142857,
0.0714286,0.1,
0.4,0.4,
0.181818,0.16,
0.230769,0.375,
0.3,0.25,
0.444444,0.4,
0.333333,0.25,
0.230769,0.1875,
0.423077,0.407407,
0.619048,0.565217,
0.333333,0.25,
0.678571,0.678571,
0.375,0.333333,
0.714286,0.555556,
0.25,0.266667,
0.2,0.157895,
0.2,0.166667,
0.583333,0.583333,
0.5,0.48,
0.588235,0.5,
0.526316,0.555556,
0.285714,0.307692,
0.681818,0.833333,
0.409091,0.5625,
0.2,0.142857,
0.470588,0.380952,
0,0,
0.5,0.409091,
0.227273,0.294118,
0.375,0.6,
0.333333,0.235294,
0.421053,0.533333,
0.5,0.529412,
0.52381,0.458333,
0.666667,0.714286,
0.304348,0.318182,
0.333333,0.3,
0.555556,0.625,
0.421053,0.571429,
0.26087,0.352941,
0.25,0.272727,
0.55,0.6875,
0.333333,0.538462,
0.294118,0.227273,
0.72,0.72,
0.26087,0.4,
0.8125,0.541667,
0.526316,0.588235,
0.192308,0.185185,
0.230769,0.1875,
0.478261,0.52381,
0.842105,0.64,
0.153846,0.111111,
0.230769,0.15,
0.866667,0.565217,
0.230769,0.272727,
0.692308,0.473684,
0.2,0.2,
0,0,
0.470588,0.615385,
0.307692,0.210526,
0.727273,0.615385,
0.166667,0.166667,
0.5,0.555556,
0.375,0.352941,
0.352941,0.285714,
0.4375,0.333333,
0.318182,0.35,
0.692308,0.666667,
0.0666667,0.0909091,
0.48,0.705882,
0.28,0.28,
0.0833333,0.0769231,
0,0,
0.0625,0.0714286,
0.3,0.25,
0.5,0.428571,
0.5,0.4,
0.565217,0.52,
0.125,0.1,
0.647059,0.578947,
0.461538,0.666667,
0.0625,0.0769231,
0.48,0.571429,
0.32,0.470588,
0.307692,0.307692,
0.0909091,0.142857,
0,0,
0.217391,0.333333,
0.291667,0.333333,
0,0,
0.181818,0.2,
0.0833333,0.0555556,
0.222222,0.307692,
0.0588235,0.0714286,
0.857143,1,
0.25,0.3,
0.4,0.315789,
0.272727,0.230769,
0.478261,0.478261,
0.55,0.392857,
0.0769231,0.0666667,
0,0,
0.333333,0.4,
0.619048,0.65,
0.181818,0.181818,
0.56,0.7,
0.111111,0.111111,
0.608696,0.583333,
0.733333,0.478261,
0.363636,0.533333,
0.5,0.526316,
0.0714286,0.0625,
0.526316,0.555556,
0.52,0.5,
0.25,0.277778,
0,0,
0.481481,0.619048,
0.555556,0.555556,
0.1,0.0833333,
0.153846,0.166667,
0.166667,0.125,
0.357143,0.333333,
0.72,0.818182,
0.571429,0.421053,
0.3,0.315789,
0.3,0.272727,
0.764706,0.52,
0.409091,0.428571,
0.529412,0.428571,
0.647059,0.52381,
0.521739,0.521739,
0.7,0.608696,
0.266667,0.333333,
0.0625,0.05,
0.25,0.266667,
0.125,0.153846,
0.25,0.357143,
0.5,0.555556,
0.44,0.5,
0.407407,0.52381,
0.0666667,0.0833333,
0.157895,0.2,
0.176471,0.214286,
0.333333,0.363636,
0.368421,0.388889,
0.588235,0.526316,
0.533333,0.363636,
1,0.65,
0.272727,0.333333,
0.15,0.176471,
0.5,0.409091,
0.0666667,0.0714286,
0.25,0.157895,
0.75,0.818182,
0.222222,0.222222,
0.736842,0.583333,
0.2,0.153846,
0.15,0.130435,
0.545455,0.333333,
0.5,0.636364,
0.411765,0.466667,
0.210526,0.190476,
0.0666667,0.0769231,
0.866667,0.65,
0.166667,0.2,
0.166667,0.111111,
0.478261,0.44,
0.6,0.5,
0.470588,0.5,
0.269231,0.368421,
0.411765,0.5,
0.466667,0.466667,
0.0666667,0.0666667,
0.0769231,0.0769231,
0.125,0.181818,
0.259259,0.25,
0.25,0.384615,
0.444444,0.5,
0.0769231,0.0833333,
0.125,0.1,
0.0384615,0.0416667,
0.277778,0.384615,
0.1,0.0833333,
0.590909,0.565217,
0.826087,0.863636,
0.333333,0.277778,
0.0833333,0.0666667,
0.25,0.238095,
0.0833333,0.1,
0.538462,0.538462,
0.4,0.6,
0.5,0.590909,
0.2,0.192308,
0.0714286,0.111111,
0.588235,0.5,
0,0,
0,0,
0,0,
0.136364,0.136364,
0.4,0.533333,
0.333333,0.4375,
0.0454545,0.0416667,
0.583333,0.56,
0.166667,0.166667,
0.47619,0.47619,
0.8,0.533333,
0.285714,0.166667,
0.142857,0.133333,
0.703704,0.678571,
0.35,0.388889,
0.652174,0.652174,
0.5,0.315789,
0,0,
0.333333,0.333333,
0.235294,0.285714,
0.4,0.470588,
0.6,0.48,
0.352941,0.3,
0.222222,0.307692,
0.4,0.307692,
0.56,0.875,
0.214286,0.333333,
0.652174,0.535714,
0.133333,0.1,
0,0,
0.352941,0.545455,
0.36,0.473684,
0.277778,0.294118,
0.133333,0.181818,
0,0,
0.105263,0.142857,
0.153846,0.2,
0,0,
0.411765,0.411765,
0.1875,0.130435,
0.04,0.0416667,
0.210526,0.266667,
0,0,
0.222222,0.285714,
0.37037,0.5,
0.153846,0.117647,
0.478261,0.52381,
0.346154,0.45,
0.222222,0.222222,
0.45,0.428571,
0.227273,0.25,
0.76,0.826087,
0.833333,0.8,
0.7,0.482759,
0.133333,0.2,
0.0769231,0.0588235,
0.538462,0.583333,
0.652174,0.652174,
0.714286,0.652174,
0.153846,0.2,
0.357143,0.384615,
0.142857,0.1,
0.294118,0.277778,
0.380952,0.444444,
0.388889,0.4375,
0.458333,0.44,
0.214286,0.176471,
0.28,0.291667,
0.166667,0.266667,
0.173913,0.222222,
0,0,
0.636364,0.7,
0.125,0.142857,
0.529412,0.529412,
0.416667,0.277778,
0.363636,0.363636,
0.117647,0.117647,
0.125,0.1,
0.421053,0.363636,
0.416667,0.3125,
0,0,
0.538462,0.583333,
0.111111,0.111111,
0.333333,0.384615,
0.111111,0.0714286,
0,0,
0.416667,0.454545,
0.458333,0.55,
0.636364,0.7,
0.384615,0.294118,
0.727273,0.470588,
0,0,
0.285714,0.190476,
0.75,0.75,
0.2,0.190476,
0.0769231,0.0555556,
0.318182,0.363636,
0.111111,0.125,
0.2,0.166667,
0.357143,0.263158,
0.1875,0.1875,
0.388889,0.4375,
0,0,
0.4,0.571429,
0.55,0.5,
0.466667,0.368421,
0.25,0.176471,
0.333333,0.4,
0.357143,0.333333,
0.222222,0.266667,
0.4,0.526316,
0.4,0.421053,
0.55,0.478261,
0.277778,0.3125,
0.5,0.388889,
0,0,
0.3,0.230769,
0.352941,0.24,
0.3125,0.454545,
0,0,
0.0555556,0.0714286,
0.416667,0.25,
0.333333,0.5,
0.35,0.35,
0.466667,0.318182,
0,0,
0.714286,0.47619,
0.5,0.411765,
0.5,0.5,
0.625,0.588235,
0.294118,0.333333,
0.3,0.352941,
0.727273,0.615385,
0.5,0.347826,
0.44,0.423077,
0.181818,0.181818,
0.142857,0.125,
0.181818,0.125,
0.153846,0.166667,
0.545455,0.75,
0,0,
0.666667,0.583333,
0.173913,0.210526,
0,0,
0,0,
0.318182,0.4375,
0.347826,0.32,
0.384615,0.555556,
0,0,
0.142857,0.133333,
0.1,0.0588235,
0.208333,0.333333,
0.272727,0.230769,
0.0434783,0.0416667,
0.791667,0.791667,
0.0833333,0.0952381,
0.625,0.652174,
0,0,
0.142857,0.115385,
0.545455,0.5,
0.521739,0.428571,
0,0,
0.148148,0.235294,
0,0,
0.0833333,0.0769231,
0.307692,0.444444,
0.473684,0.428571,
0.454545,0.357143,
0.76,0.76,
0.636364,0.7,
0.434783,0.588235,
0.0833333,0.0769231,
0.44,0.578947,
0,0,
0.461538,0.333333,
0.0833333,0.0714286,
0.304348,0.318182,
0,0,
0.555556,0.588235,
0.473684,0.5,
0.636364,0.538462,
0.428571,0.6,
0.444444,0.444444,
0.285714,0.25,
0.25,0.235294,
0.133333,0.142857,
0.315789,0.272727,
0.5,0.375,
0.25,0.25,
0.416667,0.3125,
0.285714,0.375,
0.192308,0.263158,
0.607143,0.85,
0.888889,0.666667,
0.263158,0.227273,
0.105263,0.0740741,
0.26087,0.272727,
0.5,0.388889,
0.296296,0.444444,
0.0769231,0.0714286,
0,0,
0.48,0.666667,
0.238095,0.416667,
0.176471,0.157895,
0,0,
0.35,0.368421,
0.407407,0.478261,
0.47619,0.454545,
0.454545,0.416667,
0.210526,0.190476,
0.0588235,0.0833333,
0.333333,0.4375,
0.133333,0.133333,
0.166667,0.222222,
0.705882,0.666667,
0.2,0.214286,
0.466667,0.466667,
0.521739,0.545455,
0.2,0.125,
0,0,
0.545455,0.545455,
0.05,0.0714286,
0.555556,0.625,
0.0625,0.0625,
0.5,0.521739,
0.153846,0.210526,
0.5,0.388889,
0.166667,0.2,
0.571429,0.48,
0.148148,0.2,
0,0,
0.75,0.75,
0.68,0.73913,
0.375,0.25,
0,0,
0,0,
0.5,0.473684,
0.277778,0.3125,
0.142857,0.153846,
0.73913,0.73913,
0.190476,0.285714,
0.307692,0.363636,
0.0666667,0.0555556,
0.25,0.285714,
0.466667,0.411765,
0.578947,0.611111,
0.434783,0.526316,
0.25,0.285714,
0,0,
0.571429,0.8,
0.521739,0.545455,
0.466667,0.538462,
0.6,0.545455,
0.454545,0.5,
0.230769,0.333333,
0.481481,0.590909,
0.307692,0.266667,
0.3,0.428571,
0.352941,0.428571,
0.736842,0.56,
0.526316,0.526316,
0.153846,0.142857,
0.538462,0.368421,
0.266667,0.210526,
0.214286,0.25,
0.0454545,0.0434783,
0.0909091,0.105263,
0,0,
0.235294,0.363636,
0.416667,0.555556,
0.0769231,0.1,
0.444444,0.4,
0.217391,0.294118,
0.0666667,0.0769231,
0.346154,0.391304,
0.25,0.25,
0.481481,0.764706,
0.368421,0.318182,
0.411765,0.368421,
0.545455,0.631579,
0,0,
0.181818,0.25,
0.5,0.48,
0.391304,0.391304,
0.214286,0.166667,
0.214286,0.333333,
0.2,0.133333,
0.428571,0.5,
0.541667,0.722222,
0.842105,0.615385,
0.1,0.0769231,
0.36,0.375,
0.615385,0.533333,
0.1875,0.272727,
0.210526,0.190476,
0.5,0.409091,
0.142857,0.142857,
0.363636,0.266667,
0.136364,0.157895,
0.428571,0.428571,
0.642857,0.5625,
0.454545,0.3125,
0.407407,0.52381,
0.611111,0.578947,
0,0,
0.333333,0.3,
0,0,
0.3,0.24,
0.25,0.333333,
0,0,
0.230769,0.1875,
0,0,
0.181818,0.25,
0.25,0.25,
0.863636,0.826087,
0.230769,0.15,
0,0,
0.0625,0.0714286,
0.4,0.32,
0.3125,0.357143,
0.125,0.133333,
0.136364,0.12,
0,0,
0,0,
0.588235,0.5,
0,0,
0,0,
0.333333,0.266667,
0.380952,0.533333,
0.611111,0.52381,
0.238095,0.2,
0.461538,0.285714,
0.3,0.214286,
0.208333,0.294118,
0.25,0.181818,
0.363636,0.363636,
0,0,
0,0,
0.28,0.304348,
0.8125,0.565217,
0.333333,0.4,
0.307692,0.266667,
0.263158,0.227273,
0.666667,0.5,
0.296296,0.4,
0,0,
0.4,0.285714,
0.125,0.142857,
0.692308,0.72,
0,0,
0.68,0.85,
0,0,
0.333333,0.285714,
0.277778,0.217391,
0.153846,0.153846,
0.470588,0.5,
0.777778,0.518519,
0.52381,0.478261,
0.111111,0.117647,
0.421053,0.615385,
0.64,0.615385,
0.0588235,0.0833333,
0.176471,0.1875,
0.363636,0.266667,
0.2,0.210526,
0.25,0.210526,
0.823529,0.736842,
0.0769231,0.0769231,
0.333333,0.5,
0.5,0.357143,
0.4,0.380952,
0.208333,0.263158,
0.3,0.272727,
0.6,0.818182,
0.72,0.642857,
0.153846,0.142857,
0.388889,0.318182,
0.2,0.153846,
0.619048,0.565217,
0.6,0.545455,
0.142857,0.142857,
0.0588235,0.0833333,
0.25,0.285714,
0,0,
0.478261,0.733333,
0.388889,0.583333,
0.6,0.75,
0.3125,0.263158,
0.583333,0.538462,
0.4,0.533333,
0.2,0.153846,
0.352941,0.352941,
0.285714,0.2,
0,0,
0.157895,0.176471,
0.25,0.25,
0.652174,0.652174,
0.481481,0.619048,
0,0,
0.3,0.333333,
0.588235,0.47619,
0.230769,0.25,
0.105263,0.133333,
0,0,
0.304348,0.28,
0.315789,0.272727,
0.64,0.615385,
0.423077,0.5,
0.388889,0.333333,
0.0714286,0.0555556,
0.2,0.181818,
0.3,0.461538,
0.526316,0.416667,
0.266667,0.190476,
0.125,0.176471,
0.117647,0.0952381,
0.12,0.12,
0.8,0.727273,
0,0,
0.277778,0.5,
0.214286,0.230769,
0.347826,0.333333,
0.333333,0.277778,
0.142857,0.142857,
0.222222,0.2,
0.3,0.25,
0.272727,0.1875,
0.4,0.25,
0.583333,0.636364,
0.0555556,0.0666667,
0.133333,0.181818,
0.272727,0.2,
0.458333,0.458333,
0.111111,0.0833333,
0.478261,0.423077,
0.181818,0.222222,
0.133333,0.181818,
0.111111,0.0909091,
0.166667,0.181818,
0.625,0.416667,
0.666667,0.48,
0.529412,0.375,
0,0,
0.55,0.392857,
0.0833333,0.0714286,
0.12,0.115385,
0.44,0.55,
0.111111,0.117647,
0.409091,0.6,
0.666667,0.631579,
0.5,0.4,
0.304348,0.388889,
0.230769,0.272727,
0.666667,0.454545,
0.142857,0.2,
0.5,0.588235,
0.913043,0.777778,
0.5,0.3125,
0.0588235,0.0526316,
0.826087,0.703704,
0.555556,0.625,
0.133333,0.125,
0,0,
0.615385,0.842105,
0.521739,0.631579,
0.666667,0.555556,
0.0666667,0.0625,
0.375,0.285714,
0.25,0.173913,
0.181818,0.142857,
0.307692,0.285714,
0,0,
0.25,0.3,
0.428571,0.3,
0.304348,0.388889,
0.533333,0.347826,
0.647059,0.52381,
0.0714286,0.105263,
0.1,0.125,
0.666667,0.62069,
0.421053,0.32,
0.181818,0.117647,
0.315789,0.24,
0.481481,0.764706,
0.125,0.111111,
0.47619,0.588235,
0.307692,0.444444,
0.375,0.375,
0.473684,0.5625,
0.0833333,0.0909091,
0.0833333,0.0769231,
0.56,0.875,
0.428571,0.529412,
0.541667,0.5,
0.272727,0.230769,
0.0625,0.0625,
0.85,0.772727,
0.142857,0.166667,
0.318182,0.368421,
0.909091,0.588235,
0.380952,0.470588,
0.521739,0.375,
0.25,0.181818,
0.190476,0.25,
0,0,
0.238095,0.217391,
0.681818,0.6,
0.409091,0.473684,
0.555556,0.47619,
0.142857,0.111111,
0.0869565,0.0769231,
0.1875,0.3,
0.117647,0.0909091,
0,0,
0.375,0.375,
0.608696,0.56,
0.125,0.2,
0.125,0.153846,
0.333333,0.333333,
0.608696,0.823529,
0.285714,0.235294,
0.25,0.363636,
0.565217,0.481481,
0.1875,0.1875,
0.461538,0.352941,
0.0526316,0.0714286,
0.541667,0.5,
0.545455,0.666667,
0.208333,0.227273,
0,0,
0.444444,0.6,
0.35,0.368421,
0.217391,0.25,
0.538462,0.538462,
0.4,0.428571,
0.214286,0.136364,
0.5,0.6,
0.434783,0.588235,
0.28,0.28,
0.285714,0.222222,
0.333333,0.375,
0.571429,0.4,
0.190476,0.235294,
0.1875,0.1875,
0.666667,0.615385,
0.333333,0.25,
0.28,0.333333,
0.363636,0.4,
0.269231,0.318182,
0.411765,0.538462,
0.692308,0.782609,
0.222222,0.285714,
0.2,0.142857,
0.346154,0.346154,
0,0,
0.157895,0.136364,
0.0952381,0.117647,
0.411765,0.368421,
0,0,
0.210526,0.2,
0,0,
0.421053,0.5,
0.375,0.3,
0.529412,0.692308,
0.2,0.3,
0.444444,0.380952,
0.0909091,0.125,
0.461538,0.48,
0.318182,0.411765,
0.6,0.521739,
0.461538,0.461538,
0.315789,0.26087,
0.285714,0.2,
0.25,0.4,
0.384615,0.294118,
0.5625,0.409091,
0.4,0.285714,
0.352941,0.375,
0.272727,0.1875,
0.1875,0.3,
0.333333,0.384615,
0.75,0.461538,
0.230769,0.214286,
0.266667,0.296296,
0.272727,0.428571,
0.0909091,0.0714286,
0.526316,0.588235,
0.384615,0.357143,
0.571429,0.545455,
0.461538,0.428571,
0.4,0.380952,
0.666667,0.6,
0.642857,0.5625,
0.7,0.636364,
0.647059,0.647059,
0,0,
0.166667,0.214286,
0.409091,0.5,
0.423077,0.55,
0.592593,0.727273,
0.1875,0.166667,
0.291667,0.411765,
0.0833333,0.0909091,
0.48,0.461538,
0.125,0.153846,
0.631579,0.666667,
0.5,0.352941,
0.4,0.47619,
0.4,0.555556,
0,0,
0.210526,0.285714,
0.448276,0.565217,
0.266667,0.266667,
0.5,0.647059,
0.416667,0.47619,
0.368421,0.4375,
0,0,
0.318182,0.28,
0.35,0.4375,
0.0833333,0.0625,
0,0,
0.4,0.307692,
0.0769231,0.0769231,
0,0,
0.363636,0.571429,
0.636364,0.7,
0.764706,0.684211,
0,0,
0.444444,0.4,
0.615385,0.64,
0.1,0.142857,
0.625,0.75,
0.111111,0.0714286,
0.307692,0.363636,
0.541667,0.722222,
0.0588235,0.0666667,
0.0769231,0.0909091,
0.2,0.166667,
0.545455,0.461538,
0.555556,0.588235,
0.478261,0.6875,
0.555556,0.333333,
0,0,
0.545455,0.48,
0,0,
0.611111,0.846154,
0,0,
0.222222,0.363636,
0.133333,0.2,
0,0,
0.619048,0.619048,
0.6,0.6,
0.190476,0.210526,
0.2,0.153846,
0.521739,0.545455,
0.25,0.3125,
0.428571,0.428571,
0.4,0.444444,
0.95,0.76,
0.210526,0.235294,
0.555556,0.416667,
0.5,0.521739,
0,0,
0.363636,0.5,
0.272727,0.333333,
0.708333,0.772727,
0.380952,0.333333,
0.416667,0.454545,
0.545455,0.666667,
0.428571,0.45,
0.611111,0.785714,
0.526316,0.454545,
0.272727,0.428571,
0.444444,0.444444,
0.45,0.473684,
0.315789,0.3,
0.8,0.521739,
0.266667,0.333333,
0.388889,0.35,
0.428571,0.642857,
0.6,0.625,
0.529412,0.529412,
0.26087,0.230769,
0.2,0.307692,
0.583333,0.608696,
0.631579,0.545455,
0.583333,0.5,
0.4375,0.388889,
0.346154,0.409091,
0.3,0.1875,
0.470588,0.533333,
0.5,0.416667,
0.346154,0.391304,
0.26087,0.375,
0.380952,0.470588,
0.0769231,0.0666667,
0,0,
0.0666667,0.1,
0.363636,0.421053,
0.785714,0.55,
0.384615,0.333333,
0,0,
0,0,
0.217391,0.2,
0.3,0.352941,
0.411765,0.411765,
0,0,
0.428571,0.375,
0.25,0.333333,
0.272727,0.333333,
0.153846,0.2,
0.4,0.307692,
0.0952381,0.133333,
0.588235,0.526316,
0.578947,0.458333,
0.647059,0.578947,
0.444444,0.444444,
0.625,0.555556,
0.133333,0.0952381,
0.0625,0.0625,
0.44,0.458333,
0.652174,0.714286,
0,0,
0.625,0.666667,
0.363636,0.533333,
0.703704,0.703704,
0.266667,0.307692,
0.466667,0.4375,
0.176471,0.230769,
0.210526,0.16,
0.0769231,0.0555556,
0.157895,0.136364,
0.6,0.666667,
0.52,0.538462,
0.157895,0.272727,
0.25,0.181818,
0.518519,0.538462,
0.8125,0.619048,
0.416667,0.434783,
0.625,0.588235,
0.307692,0.285714,
0,0,
0.611111,0.611111,
0.2,0.266667,
0.4,0.346154,
0,0,
0.555556,0.357143,
0.454545,0.714286,
0.647059,0.44,
0.428571,0.45,
0.166667,0.176471,
0.636364,0.583333,
0.26087,0.375,
0.333333,0.391304,
0.352941,0.375,
0,0,
0.0833333,0.0588235,
0.285714,0.222222,
0.619048,0.8125,
0.08,0.0769231,
0.190476,0.148148,
0,0,
0.5,0.461538,
0.478261,0.44,
0,0,
0.2,0.25,
0.157895,0.125,
0.16,0.142857,
0,0,
0.4,0.4,
0.25,0.222222,
0.470588,0.363636,
0.272727,0.375,
0.521739,0.521739,
0.357143,0.294118,
0.25,0.222222,
0.285714,0.363636,
0.142857,0.153846,
0.133333,0.117647,
0.222222,0.25,
0.0909091,0.0714286,
0,0,
0.5,0.55,
0.444444,0.285714,
0.76,0.703704,
0.0666667,0.0833333,
0.181818,0.133333,
0.45,0.529412,
0.32,0.421053,
0.315789,0.4,
0.333333,0.259259,
0.2,0.214286,
0.529412,0.642857,
0.310345,0.473684,
0.291667,0.333333,
0.423077,0.611111,
0.375,0.352941,
0.117647,0.125,
0.615385,0.444444,
0.294118,0.3125,
0.526316,0.625,
0.294118,0.357143,
0.25,0.25,
0.416667,0.434783,
0.473684,0.5625,
0.76,0.703704,
0.565217,0.722222,
0.333333,0.25,
0.2,0.285714,
0.25,0.333333,
0.166667,0.153846,
0.35,0.411765,
0.318182,0.388889,
0.588235,0.5,
0.222222,0.2,
0.294118,0.263158,
0,0,
0,0,
0.388889,0.411765,
0.1875,0.25,
0.238095,0.227273,
0.25,0.25,
0.703704,0.76,
0.625,0.681818,
0.190476,0.166667,
0.111111,0.111111,
0.222222,0.153846,
0.409091,0.45,
0.111111,0.125,
0.571429,0.5,
0.47619,0.714286,
0.2,0.148148,
0.25,0.238095,
0.777778,0.666667,
0.5,0.55,
0.142857,0.25,
0.176471,0.1875,
0.269231,0.4375,
0.842105,0.695652,
0.1875,0.2,
0.1,0.125,
0.125,0.166667,
0.176471,0.2,
0.111111,0.0909091,
0.454545,0.384615,
0.5,0.407407,
0.478261,0.423077,
0.5625,0.45,
0.411765,0.538462,
0.214286,0.230769,
0.05,0.0384615,
0.464286,0.565217,
0,0,
0.416667,0.333333,
0.529412,0.529412,
0.0833333,0.0588235,
0.12,0.125,
0.235294,0.222222,
0.0833333,0.0769231,
0.416667,0.47619,
0.222222,0.222222,
0.533333,0.380952,
0.333333,0.416667,
0.68,0.653846,
0.538462,0.538462,
0.473684,0.692308,
0,0,
0.357143,0.384615,
0.454545,0.5,
0.352941,0.333333,
0.153846,0.181818,
0.263158,0.25,
0.3,0.25,
0.363636,0.307692,
0.25,0.214286,
0.611111,0.458333,
0,0,
0.608696,0.7,
0,0,
0.0909091,0.111111,
0,0,
0.368421,0.304348,
0.5,0.733333,
0,0,
0.117647,0.0869565,
0.68,0.653846,
0.315789,0.4,
0.541667,0.65,
0.375,0.5,
0.272727,0.4,
0.176471,0.214286,
0.625,0.333333,
0.269231,0.28,
0.555556,0.454545,
0.409091,0.409091,
0.37037,0.454545,
0.695652,0.666667,
0.176471,0.136364,
0.166667,0.111111,
0.611111,0.785714,
0.625,0.47619,
0.565217,0.590909,
0,0,
0.153846,0.222222,
0.75,0.75,
0.583333,0.56,
0.176471,0.230769,
0.230769,0.157895,
0.12,0.15,
0.230769,0.2,
0.25,0.4,
0.631579,0.666667,
0.666667,0.592593,
0,0,
0.428571,0.375,
0.266667,0.285714,
0.56,0.777778,
0.7,0.736842,
0.611111,0.647059,
0.434783,0.588235,
0.833333,0.714286,
0.0625,0.0588235,
0.347826,0.470588,
0.230769,0.333333,
0.428571,0.333333,
0.333333,0.222222,
0.736842,0.666667,
0.117647,0.111111,
0.181818,0.148148,
0.24,0.352941,
0,0,
0,0,
0.157895,0.25,
0.238095,0.227273,
0.181818,0.2,
0.0833333,0.0625,
0.681818,0.625,
0.142857,0.2,
0.230769,0.1875,
0.3,0.26087,
0.478261,0.647059,
0,0,
0.833333,0.625,
0.666667,0.695652,
0.125,0.0909091,
0.4,0.285714,
0.166667,0.133333,
0.0666667,0.0769231,
0.466667,0.5,
0.5,0.44,
0.0833333,0.0769231,
0.380952,0.533333,
0.625,0.75,
0.470588,0.380952,
0.166667,0.111111,
0.5,0.5,
0.0714286,0.0526316,
0,0,
0.235294,0.181818,
0.608696,0.608696,
0.642857,0.5,
0.230769,0.25,
0.518519,0.7,
0.789474,0.714286,
0.363636,0.421053,
0.230769,0.333333,
0.0666667,0.0666667,
0.444444,0.307692,
0,0,
0.2,0.166667,
0.571429,0.666667,
0,0,
0.75,0.642857,
0.666667,0.666667,
0.681818,0.555556,
0.6,0.529412,
0.782609,0.692308,
0.166667,0.2,
0.625,0.6,
0.461538,0.461538,
0.541667,0.5,
0.695652,0.666667,
0.37037,0.5,
0.68,0.653846,
0.2,0.125,
0.352941,0.3,
0.5,0.434783,
0.571429,0.521739,
0.9,0.5625,
0.384615,0.555556,
0.142857,0.2,
0.347826,0.421053,
0.533333,0.32,
0.64,0.8,
0.363636,0.571429,
0.0625,0.0769231,
0.142857,0.142857,
0.391304,0.346154,
0.454545,0.454545,
0.263158,0.25,
0.285714,0.166667,
0.4,0.4,
0.5,0.45,
0.421053,0.533333,
0.24,0.26087,
0.285714,0.266667,
0.153846,0.111111,
0.428571,0.428571,
0.4,0.333333,
0.5,0.533333,
0.45,0.5,
0.227273,0.227273,
0.4,0.3,
0.478261,0.578947,
0.722222,0.565217,
0.157895,0.230769,
0,0,
0.181818,0.142857,
0.642857,0.5625,
0.357143,0.263158,
0.5,0.6,
0.333333,0.4,
0.238095,0.208333,
0.4,0.333333,
0.555556,0.434783,
0.454545,0.294118,
0.291667,0.466667,
0,0,
0.705882,0.8,
0.62963,0.708333,
0.705882,0.75,
0.55,0.44,
0.307692,0.4,
0.181818,0.181818,
0.0833333,0.0909091,
0.733333,0.578947,
0.1875,0.1875,
0.68,0.772727,
0.176471,0.176471,
0.666667,0.592593,
0.375,0.5625,
0.4,0.4,
0.111111,0.0909091,
0.571429,0.727273,
0.619048,0.565217,
0.461538,0.666667,
0.458333,0.55,
0.125,0.181818,
0.428571,0.545455,
0.380952,0.333333,
0.291667,0.28,
0.363636,0.266667,
0.5,0.578947,
0.333333,0.294118,
0.294118,0.416667,
0.2,0.222222,
0,0,
0.521739,0.571429,
0,0,
0.333333,0.466667,
0.916667,0.611111,
0,0,
0.136364,0.157895,
0,0,
0.428571,0.3,
0.181818,0.153846,
0.411765,0.368421,
0.48,0.5,
0.315789,0.4,
0.0869565,0.0769231,
0.583333,0.608696,
0.388889,0.5,
0.421053,0.533333,
0.25,0.235294,
0.375,0.473684,
0.44,0.55,
0.277778,0.263158,
0.111111,0.0833333,
0,0,
0.789474,0.625,
0,0,
0.363636,0.533333,
0.607143,0.73913,
0.333333,0.2,
0.0909091,0.0909091,
0.538462,0.5,
0,0,
0.230769,0.3,
0.105263,0.117647,
0.5,0.346154,
0.428571,0.285714,
0.142857,0.1,
0.111111,0.0714286,
0.1,0.166667,
0.25,0.235294,
0.5,0.321429,
0.454545,0.526316,
0.454545,0.3125,
0.0909091,0.0769231,
0.230769,0.3,
0.5,0.423077,
0.222222,0.333333,
0.0909091,0.111111,
0.529412,0.45,
0,0,
0.375,0.6,
0.35,0.411765,
0.5,0.333333,
0.541667,0.65,
0.684211,0.619048,
0.25,0.25,
0.714286,0.714286,
0.454545,0.416667,
0.333333,0.285714,
0.666667,0.571429,
0.0666667,0.0909091,
0.357143,0.416667,
0.047619,0.0555556,
0.388889,0.411765,
0.458333,0.392857,
0,0,
0.4375,0.368421,
0.666667,0.7,
0.590909,0.52,
0.5,0.48,
0.1,0.0714286,
0.555556,0.454545,
0.611111,0.578947,
0.357143,0.416667,
0.45,0.375,
0.285714,0.2,
0.85,0.653846,
0,0,
0,0,
0.4,0.37037,
0.823529,0.56,
0.25,0.384615,
0,0,
0.6,0.521739,
0,0,
0.47619,0.555556,
0.409091,0.45,
0.0526316,0.0625,
0.4,0.421053,
0.666667,0.421053,
0.25,0.2,
0.0769231,0.0833333,
0.0625,0.0714286,
0.681818,0.535714,
0.8125,0.590909,
0.2,0.15,
0.294118,0.294118,
0,0,
0.192308,0.294118,
0.0833333,0.0714286,
0,0,
0.0833333,0.0625,
0.230769,0.272727,
0.461538,0.315789,
0.722222,0.565217,
0.888889,0.842105,
0.266667,0.222222,
0.407407,0.458333,
0.681818,0.882353,
0.55,0.55,
0.722222,0.722222,
0.15,0.125,
0.64,0.666667,
0.8125,0.5,
0.333333,0.1875,
0,0,
0.333333,0.529412,
0.333333,0.352941,
0.64,0.666667,
0.421053,0.533333,
0.473684,0.428571,
0.458333,0.55,
0.0714286,0.0588235,
0.285714,0.307692,
0.176471,0.2,
0.294118,0.357143,
0.466667,0.411765,
0.3125,0.3125,
0.352941,0.461538,
0.222222,0.285714,
0.611111,0.647059,
0.277778,0.217391,
0.363636,0.363636,
0.1,0.142857,
0.0909091,0.0714286,
0.24,0.333333,
0.2,0.285714,
0.538462,0.538462,
0.458333,0.478261,
0.133333,0.0909091,
0,0,
0.272727,0.428571,
0.238095,0.208333,
0.111111,0.142857,
0.0833333,0.0833333,
0,0,
0.666667,0.592593,
0.0769231,0.0769231,
0.416667,0.416667,
0.217391,0.277778,
0.266667,0.222222,
0.375,0.428571,
0.565217,0.52,
0.0588235,0.0588235,
0.333333,0.5,
0.333333,0.384615,
0.1,0.166667,
0.2,0.2,
0.6,0.857143,
0.5625,0.692308,
0.230769,0.3,
0.416667,0.3125,
0.0833333,0.0909091,
0.454545,0.384615,
0,0,
0.5625,0.428571,
0.5,0.692308,
0.352941,0.545455,
0.25,0.222222,
0.428571,0.529412,
0.166667,0.117647,
0.4,0.444444,
0.222222,0.285714,
0.133333,0.111111,
0.0625,0.0526316,
0,0,
0,0,
0,0,
0.178571,0.25,
0.4,0.47619,
0.45,0.6,
0.157895,0.230769,
0.117647,0.142857,
0.608696,0.608696,
0.1,0.0833333,
0.4375,0.466667,
0.52381,0.578947,
0.2,0.25,
0.277778,0.263158,
0.25,0.285714,
0.347826,0.380952,
0.578947,0.611111,
0.904762,0.678571,
0,0,
0.555556,0.833333,
0.315789,0.375,
0.2,0.272727,
0.608696,0.56,
0.166667,0.166667,
0.166667,0.176471,
0.272727,0.230769,
0.12,0.12,
0.272727,0.315789,
0.0666667,0.0909091,
0.444444,0.363636,
0.5,0.315789,
0.272727,0.352941,
0.333333,0.3125,
0.428571,0.409091,
0.428571,0.333333,
0,0,
0.76,0.76,
0.636364,0.636364,
0,0,
0.5,0.4375,
0.307692,0.285714,
0.590909,0.590909,
0.807692,0.954545,
0.166667,0.222222,
0.52381,0.785714,
0.0666667,0.0625,
0.142857,0.181818,
0.5,0.470588,
0.384615,0.3125,
0.25,0.2,
0.285714,0.333333,
0.1,0.133333,
0.5,0.428571,
0.470588,0.333333,
0.176471,0.1875,
0.8,0.533333,
0,0,
0,0,
0.272727,0.25,
0.166667,0.2,
0.0769231,0.0666667,
0.5,0.391304,
0.0526316,0.0833333,
0.5,0.333333,
0.636364,0.56,
0.222222,0.173913,
0.235294,0.307692,
0.470588,0.571429,
0.2,0.3,
0.25,0.428571,
0.666667,0.47619,
0.3125,0.238095,
0.0666667,0.0714286,
0.277778,0.25,
0.25,0.333333,
0.380952,0.421053,
0.625,0.789474,
0.5,0.5,
0.166667,0.1875,
0.555556,0.681818,
0.111111,0.0833333,
0.111111,0.111111,
0.772727,0.772727,
0.25,0.3125,
0.47619,0.588235,
0.434783,0.625,
0,0,
0.428571,0.5625,
0.782609,0.666667,
0.466667,0.388889,
0.44,0.407407,
0.0555556,0.0526316,
0.421053,0.470588,
0,0,
0.0625,0.1,
0.4,0.4,
0,0,
0.5,0.555556,
0.315789,0.3,
0.153846,0.153846,
0.4375,0.368421,
0.608696,0.7,
0,0,
0.125,0.166667,
0.64,0.615385,
0.357143,0.357143,
0.285714,0.222222,
0.5,0.48,
0.578947,0.52381,
0.64,0.64,
0.863636,0.678571,
0,0,
0.608696,0.666667,
0.428571,0.461538,
0.214286,0.2,
0.4375,0.368421,
0.266667,0.333333,
0.25,0.25,
0.190476,0.222222,
0.26087,0.3,
0.1875,0.3,
0.5,0.5,
0.2,0.136364,
0.214286,0.2,
0.117647,0.153846,
0.25,0.230769,
0.227273,0.384615,
0,0,
0.55,0.647059,
0.583333,0.777778,
0.625,0.47619,
0.583333,0.7,
0.5,0.481481,
0.411765,0.368421,
0.153846,0.153846,
0.368421,0.269231,
0.368421,0.318182,
0.25,0.352941,
0.181818,0.2,
0.222222,0.190476,
0.25,0.210526,
0.5,0.409091,
0.153846,0.142857,
0.5,0.5,
0.666667,0.631579,
0.0588235,0.0714286,
0.4,0.533333,
0.4,0.4,
0.333333,0.3125,
0,0,
0.285714,0.285714,
0.3,0.3,
0.388889,0.5,
0,0,
0.263158,0.357143,
0.391304,0.45,
0.238095,0.192308,
0.608696,0.5,
0.235294,0.307692,
0.62963,0.607143,
0.3,0.473684,
0.277778,0.3125,
0.434783,0.526316,
0.529412,0.45,
0.333333,0.222222,
0,0,
0.315789,0.428571,
0.136364,0.157895,
0.117647,0.181818,
0.454545,0.333333,
0.25,0.375,
0.217391,0.185185,
0.294118,0.208333,
0.65,0.464286,
0.0833333,0.0833333,
0.714286,0.454545,
0.142857,0.166667,
0.266667,0.285714,
0.1875,0.333333,
0.263158,0.263158,
0.272727,0.3,
0.266667,0.307692,
0.0714286,0.0666667,
0.1875,0.1875,
0.647059,0.611111,
0.4,0.285714,
0.294118,0.3125,
0.823529,0.608696,
0.625,0.454545,
0.421053,0.421053,
0,0,
0.533333,0.5,
0.105263,0.133333,
0.764706,0.619048,
0.2,0.3,
0.294118,0.416667,
0.590909,0.590909,
0,0,
0.0625,0.0588235,
0.333333,0.363636,
0.56,0.538462,
0.214286,0.130435,
0.352941,0.26087,
0.619048,0.590909,
0.894737,0.68,
0.210526,0.181818,
0.5,0.428571,
0.809524,0.809524,
0.411765,0.35,
0.608696,0.823529,
0,0,
0.142857,0.125,
0.6875,0.458333,
0.409091,0.529412,
0.25,0.363636,
0.583333,0.466667,
0.5,0.44,
0.375,0.352941,
0.545455,0.666667,
0.5,0.533333,
0.538462,0.636364,
0.25,0.294118,
0.4,0.384615,
0.0833333,0.125,
0.36,0.36,
0.266667,0.210526,
0.3,0.428571,
0.538462,0.411765,
0.25,0.25,
0.590909,0.590909,
0.52381,0.55,
0.285714,0.25,
0.272727,0.315789,
0.285714,0.266667,
0.0769231,0.0625,
0.25,0.235294,
0.266667,0.25,
0.2,0.153846,
0.294118,0.3125,
0.269231,0.304348,
0.375,0.428571,
0.230769,0.230769,
0.3125,0.454545,
0.272727,0.176471,
0.1,0.0625,
0.25,0.277778,
0.0769231,0.0714286,
0.307692,0.25,
0.65,0.5,
0.782609,0.857143,
0.1,0.0666667,
0.428571,0.428571,
0.4,0.5,
0.25,0.3125,
0.15,0.176471,
0.375,0.333333,
0.0769231,0.0833333,
0.4,0.352941,
0.166667,0.125,
0.133333,0.181818,
0.25,0.25,
0.692308,0.5,
0.185185,0.277778,
0.454545,0.384615,
0.461538,0.631579,
0,0,
0.636364,0.636364,
0.272727,0.214286,
0.52,0.565217,
0.142857,0.2,
0.25,0.333333,
0.1875,0.1875,
0.107143,0.111111,
0.333333,0.259259,
0.423077,0.5,
0,0,
0.555556,0.5,
0.3,0.333333,
0.210526,0.266667,
0.611111,0.458333,
0.0625,0.0909091,
0.333333,0.5,
0.791667,0.730769,
0.166667,0.2,
0.347826,0.470588,
0.0384615,0.0555556,
0.227273,0.178571,
0.222222,0.307692,
0.230769,0.176471,
0.235294,0.25,
0,0,
0.5,0.583333,
0.363636,0.25,
0.526316,0.588235,
0.0454545,0.0344828,
0.0625,0.0625,
0.652174,0.555556,
0.45,0.473684,
0.0625,0.111111,
0.388889,0.4375,
0.318182,0.28,
0.181818,0.153846,
0.625,0.625,
0.117647,0.125,
0.291667,0.28,
0.590909,0.590909,
0.6,0.5625,
0.333333,0.307692,
0.266667,0.333333,
0.285714,0.375,
0.0769231,0.142857,
0.555556,0.714286,
0.185185,0.2,
0.4,0.571429,
0.4,0.526316,
0,0,
0.85,0.708333,
0.368421,0.538462,
0.333333,0.25,
0.5,0.47619,
0.416667,0.3125,
0.352941,0.315789,
0.166667,0.25,
0.352941,0.315789,
0.4375,0.4375,
0,0,
0.409091,0.428571,
0.666667,0.64,
0.285714,0.266667,
0.454545,0.384615,
0.625,0.588235,
0.190476,0.25,
0.157895,0.125,
0.533333,0.533333,
0.647059,0.458333,
0.1875,0.230769,
0.25,0.285714,
0.842105,0.615385,
0.222222,0.222222,
0.133333,0.117647,
0.466667,0.466667,
0.318182,0.25,
0.266667,0.25,
0.315789,0.285714,
0.166667,0.214286,
0,0,
0,0,
0.45,0.375,
0.5,0.333333,
0.3,0.35,
0.56,0.608696,
0.25,0.230769,
0.352941,0.545455,
0.263158,0.333333,
0.166667,0.272727,
0.352941,0.4,
0.846154,0.52381,
0.277778,0.277778,
0.576923,0.576923,
0.333333,0.380952,
0.5,0.6875,
0.444444,0.333333,
0.0555556,0.0769231,
0.533333,0.727273,
0.5,0.565217,
0,0,
0.285714,0.2,
0.166667,0.133333,
0.32,0.444444,
0.583333,0.7,
0.0909091,0.166667,
0.529412,0.428571,
0.681818,0.576923,
0.0833333,0.1,
0.52381,0.478261,
0.517241,0.625,
0.5,0.391304,
0.363636,0.25,
0.35,0.4375,
0.681818,0.555556,
0.416667,0.416667,
0.666667,0.857143,
0.222222,0.266667,
0.470588,0.421053,
0,0,
0.181818,0.222222,
0.555556,0.434783,
0.35,0.333333,
0.375,0.3,
0.294118,0.454545,
0.3,0.230769,
0.26087,0.24,
0.473684,0.409091,
0.0769231,0.0666667,
0.333333,0.222222,
0.428571,0.428571,
0.375,0.6,
0.565217,0.684211,
0.411765,0.4375,
0.230769,0.176471,
0.636364,0.608696,
0.583333,0.56,
0,0,
0,0,
0.105263,0.125,
0.3,0.285714,
0.0666667,0.0769231,
0.368421,0.304348,
0.590909,0.65,
0.0833333,0.0625,
0.772727,0.809524,
0.272727,0.352941,
0.736842,0.636364,
0,0,
0.5,0.391304,
0,0,
0.166667,0.2,
0.235294,0.333333,
0.578947,0.52381,
0.25,0.307692,
0.769231,0.666667,
0.375,0.230769,
0.4,0.315789,
0.5,0.444444,
0.142857,0.117647,
0,0,
0,0,
0.344828,0.454545,
0.35,0.333333,
0.2,0.25,
0.5,0.481481,
0.48,0.521739,
0.44,0.578947,
0.5,0.391304,
0.214286,0.272727,
0.777778,0.777778,
0.782609,0.9,
0.47619,0.5,
0.266667,0.285714,
0.428571,0.315789,
0.4375,0.333333,
0.6,0.529412,
0.0769231,0.0526316,
0,0,
0.777778,0.724138,
0.4,0.615385,
0.481481,0.541667,
0.625,0.5,
0.538462,0.538462,
0.421053,0.4,
0.368421,0.538462,
0.363636,0.571429,
0.833333,0.555556,
0.666667,0.842105,
0.590909,0.590909,
0.461538,0.428571,
0,0,
0.238095,0.25,
0.1,0.1,
0.6,0.576923,
0,0,
0.681818,0.625,
0.153846,0.125,
0.307692,0.5,
0.1,0.1,
0.684211,0.541667,
0.181818,0.133333,
0,0,
0,0,
0.1,0.111111,
0,0,
0.541667,0.52,
0.823529,0.608696,
0.294118,0.333333,
0.388889,0.5,
0.294118,0.333333,
0.583333,0.823529,
0.230769,0.230769,
0.384615,0.3,
0.5,0.647059,
0.217391,0.3125,
0.181818,0.166667,
0.625,0.576923,
0.571429,0.6,
0.652174,0.652174,
0.294118,0.3125,
0.333333,0.222222,
0.647059,0.785714,
0.0909091,0.0625,
0.05,0.0526316,
0.695652,0.666667,
0.588235,0.555556,
0.588235,0.555556,
0.0833333,0.0909091,
0.142857,0.111111,
0.5,0.6,
0.388889,0.388889,
0.652174,0.681818,
0.538462,0.538462,
0.176471,0.230769,
0.307692,0.333333,
0.117647,0.111111,
0.619048,0.722222,
0.45,0.45,
0.888889,0.571429,
0.333333,0.411765,
0.384615,0.526316,
0.285714,0.2,
0.227273,0.25,
0.2,0.25,
0.375,0.428571,
0.1875,0.214286,
0.263158,0.333333,
0.416667,0.384615,
0,0,
0.368421,0.368421,
0,0,
0.214286,0.25,
0.576923,0.789474,
0.375,0.346154,
0.333333,0.2,
0.375,0.333333,
0.0909091,0.125,
0.222222,0.222222,
0.352941,0.230769,
0,0,
0.0588235,0.0625,
0.125,0.0833333,
0.2,0.166667,
0.0769231,0.0625,
0.384615,0.434783,
0.0769231,0.125,
0.35,0.291667,
0.636364,0.518519,
0.565217,0.565217,
0.777778,0.777778,
0.5,0.380952,
0.545455,0.5,
0.388889,0.388889,
0.6,0.576923,
0,0,
0.357143,0.294118,
0.16,0.16,
0.529412,0.391304,
0.518519,0.777778,
0,0,
0.0909091,0.0714286,
0.842105,0.592593,
0.733333,0.55,
0.142857,0.230769,
0.642857,0.428571,
0.611111,0.458333,
0.714286,0.526316,
0.588235,0.769231,
0.0769231,0.0909091,
0.333333,0.428571,
0.111111,0.166667,
0.4,0.47619,
0,0,
0.666667,0.454545,
0,0,
0.1875,0.157895,
0.26087,0.206897,
0.157895,0.2,
0.888889,0.695652,
0,0,
0,0,
0.263158,0.294118,
0.142857,0.1875,
0.0909091,0.0833333,
0.1875,0.3,
0.368421,0.368421,
0.0416667,0.05,
0.529412,0.5,
0.48,0.666667,
0.5,0.590909,
0.125,0.125,
0.64,0.695652,
0.4,0.666667,
0.571429,0.545455,
0.318182,0.411765,
0.578947,0.478261,
0.0909091,0.0666667,
0.466667,0.5,
0.565217,0.8125,
0.5,0.5625,
0.310345,0.473684,
0.545455,0.545455,
0.181818,0.235294,
0.28,0.269231,
0.541667,0.65,
0,0,
0.409091,0.428571,
0.428571,0.545455,
0.416667,0.263158,
0.75,0.473684,
0.0909091,0.125,
0.391304,0.45,
0.434783,0.416667,
0.142857,0.111111,
0.230769,0.1875,
0.470588,0.347826,
0,0,
0,0,
0.1,0.125,
0.777778,0.538462,
0.2,0.25,
0.111111,0.0833333,
0.142857,0.0952381,
0.307692,0.222222,
0.333333,0.318182,
0.111111,0.142857,
0.277778,0.185185,
0.8,0.64,
0,0,
0.4375,0.5,
0.25,0.166667,
0.25,0.214286,
0.529412,0.428571,
0,0,
0.363636,0.421053,
0.0625,0.0714286,
0.214286,0.157895,
0.45,0.409091,
0.307692,0.235294,
0.4,0.545455,
0.722222,0.590909,
0.0714286,0.0555556,
0.153846,0.181818,
0.55,0.55,
0.692308,0.5,
0.5,0.631579,
0.125,0.153846,
0,0,
0,0,
0.25,0.181818,
0.35,0.388889,
0.318182,0.4375,
0.428571,0.333333,
0.133333,0.133333,
0.222222,0.142857,
0.3125,0.263158,
0.73913,0.586207,
0.421053,0.444444,
0.5,0.454545,
0.263158,0.333333,
0.185185,0.208333,
0.35,0.4375,
0.266667,0.4,
0,0,
0.214286,0.272727,
0.307692,0.25,
0.181818,0.2,
0.111111,0.0833333,
0.125,0.2,
0.555556,0.666667,
0.416667,0.416667,
0.466667,0.411765,
0.0909091,0.111111,
0.277778,0.238095,
0.25,0.263158,
0.826087,0.703704,
0.263158,0.294118,
0.380952,0.363636,
0.470588,0.533333,
0.272727,0.428571,
0.208333,0.238095,
0,0,
0.2,0.176471,
0.2,0.266667,
0.5,0.533333,
0.347826,0.307692,
0.176471,0.272727,
0.625,0.588235,
0.307692,0.266667,
0.294118,0.333333,
0.0588235,0.0769231,
0.444444,0.4,
0.666667,0.692308,
0.25,0.272727,
0.44,0.6875,
0.388889,0.318182,
0.5,0.352941,
0.857143,0.571429,
0.625,0.588235,
0.681818,0.576923,
0.615385,0.64,
0.0769231,0.0909091,
0.352941,0.315789,
0.0833333,0.08,
0.55,0.5,
0.105263,0.117647,
0.333333,0.5,
0,0,
0,0,
0.25,0.357143,
0.166667,0.125,
0,0,
0.5,0.384615,
0,0,
0.62963,0.772727,
0.142857,0.222222,
0.714286,0.588235,
0.592593,0.888889,
0.115385,0.12,
0.565217,0.541667,
0.25,0.166667,
0.0952381,0.125,
0.619048,0.52,
0.5,0.6,
0.181818,0.153846,
0.411765,0.368421,
0.0555556,0.0666667,
0.391304,0.36,
0.12,0.157895,
0.166667,0.2,
0.611111,0.5,
0.117647,0.142857,
0.318182,0.411765,
0.529412,0.692308,
0.363636,0.266667,
0.153846,0.190476,
0.238095,0.333333,
0.333333,0.5,
0,0,
0.470588,0.5,
0.153846,0.181818,
0.666667,0.518519,
0.214286,0.2,
0.0714286,0.05,
0.166667,0.166667,
0.470588,0.347826,
0.4375,0.35,
0.555556,0.357143,
0.3125,0.294118,
0.5,0.4,
0.384615,0.25,
0.153846,0.166667,
0.5,0.428571,
0.478261,0.733333,
0,0,
0.263158,0.263158,
0.0769231,0.0833333,
0.176471,0.25,
0.5,0.7,
0.235294,0.333333,
0.590909,0.590909,
0,0,
0,0,
0.111111,0.166667,
0.3125,0.5,
0.0833333,0.0909091,
0.5,0.407407,
0.2,0.222222,
0.0833333,0.0833333,
0.26087,0.375,
0.571429,0.48,
0.133333,0.117647,
0,0,
0.25,0.307692,
0,0,
0.538462,0.56,
0.541667,0.52,
0,0,
0.576923,0.625,
0.153846,0.133333,
0.529412,0.45,
0.666667,0.4,
0.277778,0.357143,
0,0,
0.272727,0.333333,
0.4375,0.291667,
0.375,0.36,
0.625,0.454545,
0,0,
0.681818,0.6,
0.166667,0.230769,
0.266667,0.266667,
0.473684,0.45,
0.166667,0.133333,
0,0,
0.296296,0.363636,
0.5,0.37037,
0.454545,0.555556,
0.421053,0.666667,
0.631579,0.666667,
0.15,0.166667,
0.142857,0.1,
0.5,0.375,
0.0833333,0.0714286,
0,0,
0.55,0.55,
0.5,0.421053,
0,0,
0.0769231,0.0588235,
0.448276,0.448276,
0.555556,0.652174,
0.444444,0.666667,
0.529412,0.5625,
0.25,0.238095,
0.625,0.666667,
0.25,0.181818,
0.571429,0.55,
0.307692,0.266667,
0.0666667,0.0666667,
0.0588235,0.0909091,
0,0,
0.307692,0.210526,
0.411765,0.388889,
0.941176,0.64,
0,0,
0,0,
0.142857,0.105263,
0,0,
0.214286,0.214286,
0.136364,0.2,
0.44,0.44,
0.454545,0.454545,
0.0666667,0.0588235,
0.555556,0.47619,
0.541667,0.619048,
0.214286,0.1875,
0.2,0.285714,
0.272727,0.5,
0.4,0.26087,
0.25,0.25,
0.166667,0.125,
0.368421,0.269231,
0.25,0.176471,
0.642857,0.642857,
0.166667,0.181818,
0.285714,0.3,
0,0,
0.565217,0.541667,
0.526316,0.526316,
0.25,0.166667,
0.368421,0.411765,
0.409091,0.36,
0.294118,0.25,
0.166667,0.2,
0,0,
0.384615,0.357143,
0.571429,0.571429,
0.117647,0.08,
0,0,
0,0,
0.538462,0.666667,
0.590909,0.541667,
0.375,0.25,
0.583333,0.875,
0.1,0.0909091,
0.333333,0.272727,
0.357143,0.357143,
0.555556,0.789474,
0,0,
0.478261,0.6875,
0.272727,0.26087,
0.296296,0.421053,
0.5,0.521739,
0.75,0.6,
0.208333,0.208333,
0.214286,0.1875,
0,0,
0.55,0.458333,
0.470588,0.727273,
0.375,0.391304,
0.1875,0.25,
0.375,0.6,
0.5,0.8,
0.407407,0.423077,
0.428571,0.5,
0.0526316,0.0769231,
0.24,0.4,
0.391304,0.642857,
0.478261,0.578947,
0.3,0.26087,
0.272727,0.176471,
0.526316,0.4,
0.16,0.190476,
0.1875,0.15,
0.380952,0.533333,
0.333333,0.3,
0,0,
0.181818,0.105263,
0.238095,0.294118,
0.380952,0.533333,
0.363636,0.296296,
0.315789,0.24,
0.16,0.181818,
0.214286,0.166667,
0.291667,0.35,
0.304348,0.259259,
0.266667,0.210526,
0.5,0.52381,
0.473684,0.75,
0,0,
0,0,
0.4,0.545455,
0.1875,0.166667,
0.105263,0.105263,
0.4375,0.291667,
0,0,
0.285714,0.222222,
0.444444,0.666667,
0.578947,0.5,
0.285714,0.307692,
0.388889,0.5,
0,0,
0.347826,0.307692,
0.388889,0.35,
0.785714,0.52381,
0.777778,0.875,
0.684211,0.565217,
0.5,0.5,
0.0588235,0.0526316,
0.428571,0.5,
0.294118,0.333333,
0,0,
0.166667,0.181818,
0.555556,0.555556,
0.166667,0.25,
0.157895,0.25,
0.2,0.2,
0.285714,0.266667,
0.24,0.352941,
0.0833333,0.1,
0.0666667,0.0833333,
0.25,0.25,
0.190476,0.2,
0.2,0.2,
0,0,
0.411765,0.466667,
0.363636,0.266667,
0.235294,0.285714,
0,0,
0.714286,0.555556,
0.8,0.705882,
0.333333,0.333333,
0.5,0.4375,
0.44,0.55,
0.111111,0.1,
0.842105,0.592593,
0.444444,0.266667,
0.521739,0.75,
0.0526316,0.0625,
0.55,0.407407,
0.296296,0.421053,
0.684211,0.590909,
0.391304,0.473684,
0.714286,0.714286,
0.285714,0.444444,
0.636364,0.583333,
0.526316,0.416667,
0.1875,0.230769,
0.235294,0.235294,
0.133333,0.166667,
0.125,0.166667,
0.4,0.285714,
0.230769,0.333333,
0.411765,0.368421,
0,0,
0.190476,0.285714,
0.368421,0.466667,
0.304348,0.291667,
0.1,0.1,
0.458333,0.478261,
0.1,0.1,
0.0625,0.0909091,
0.384615,0.416667,
0,0,
0.5,0.333333,
0,0,
0.333333,0.4,
0,0,
0.277778,0.208333,
0.458333,0.578947,
0.0833333,0.117647,
0.526316,0.588235,
0.142857,0.181818,
0.541667,0.8125,
0.44,0.5,
0.5,0.3,
0.576923,0.576923,
0.153846,0.222222,
0.391304,0.5,
0.55,0.647059,
0.357143,0.454545,
0,0,
0.4375,0.304348,
0.592593,0.695652,
0.6,0.631579,
0.705882,0.6,
0.428571,0.315789,
0.785714,0.647059,
0.35,0.466667,
0.5625,0.45,
0.384615,0.454545,
0.45,0.391304,
0.277778,0.384615,
0.64,0.571429,
0.222222,0.2,
0.294118,0.263158,
0.541667,0.590909,
0.5625,0.5625,
0.263158,0.3125,
0.333333,0.25,
0.363636,0.307692,
0.111111,0.0909091,
0.7,0.583333,
0.352941,0.315789,
0.157895,0.111111,
0.384615,0.3125,
0.391304,0.36,
0.0666667,0.0588235,
0.133333,0.153846,
0.294118,0.294118,
0.434783,0.384615,
0.588235,0.625,
0.263158,0.277778,
0.578947,0.407407,
0.526316,0.555556,
0.7,0.666667,
0.222222,0.166667,
0.25,0.2,
0.285714,0.352941,
0.583333,0.823529,
0.461538,0.6,
0.666667,0.5,
0.416667,0.333333,
0.458333,0.458333,
0.521739,0.571429,
0.217391,0.3125,
0.214286,0.2,
0.636364,0.411765,
0.555556,0.416667,
0.166667,0.133333,
0.153846,0.2,
0.0952381,0.125,
0.454545,0.454545,
0.590909,0.619048,
0.608696,0.56,
0.291667,0.411765,
0,0,
0.4,0.363636,
0.541667,0.52,
0.235294,0.25,
0.375,0.352941,
0.181818,0.173913,
0.166667,0.25,
0.0625,0.04,
0.333333,0.357143,
0.3,0.428571,
0.318182,0.318182,
0.333333,0.2,
0.0909091,0.111111,
0,0,
0.3125,0.3125,
0,0,
0.3,0.2,
0,0,
0.142857,0.166667,
0.470588,0.380952,
0.25,0.333333,
0.0833333,0.0909091,
0.411765,0.304348,
0.117647,0.111111,
0.666667,0.444444,
0.235294,0.333333,
0.592593,0.592593,
0.277778,0.25,
0.181818,0.25,
0.25,0.28,
0.26087,0.3,
0.1875,0.176471,
0.454545,0.357143,
0.208333,0.238095,
0.125,0.133333,
0.769231,0.5,
0.481481,0.65,
0.125,0.130435,
0.36,0.529412,
0.48,0.571429,
0.181818,0.166667,
0.64,0.615385,
0.285714,0.266667,
0.6,0.428571,
0.28,0.241379,
0.64,0.727273,
0.52,0.619048,
0.214286,0.176471,
0.333333,0.45,
0,0,
0.6,0.818182,
0.272727,0.176471,
0.25,0.214286,
0.518519,0.5,
0.73913,0.809524,
0.428571,0.428571,
0.285714,0.26087,
0.571429,0.380952,
0.266667,0.210526,
0.111111,0.1,
0.2,0.153846,
0.470588,0.421053,
0.6875,0.733333,
0.636364,0.56,
0,0,
0.578947,0.578947,
0.375,0.346154,
0,0,
0,0,
0.666667,0.727273,
0,0,
0.333333,0.318182,
0.68,0.708333,
0.294118,0.227273,
0.5,0.347826,
0.176471,0.2,
0.35,0.388889,
0.368421,0.538462,
0,0,
0.6,0.652174,
0,0,
0.157895,0.2,
0.117647,0.0869565,
0.333333,0.238095,
0.444444,0.380952,
0,0,
0.352941,0.428571,
0.545455,0.705882,
0.307692,0.181818,
0.636364,0.583333,
0.37037,0.384615,
0,0,
0.5,0.526316,
0.0526316,0.0555556,
0.434783,0.5,
0.214286,0.272727,
0.230769,0.2,
0,0,
0.1,0.111111,
0,0,
0.384615,0.357143,
0.52381,0.478261,
0.666667,0.777778,
0.318182,0.466667,
0,0,
0,0,
0.714286,0.714286,
0.1,0.0769231,
0.833333,0.588235,
0.64,0.592593,
0.4,0.666667,
0.1,0.0769231,
0.6,0.5625,
0.478261,0.458333,
0.266667,0.285714,
0.444444,0.666667,
0.0833333,0.0769231,
0.444444,0.444444,
0.380952,0.421053,
0,0,
0.2,0.25,
0.384615,0.434783,
0.333333,0.4,
0.181818,0.153846,
0.571429,0.521739,
0.590909,0.5,
0,0,
0.785714,0.578947,
0.25,0.2,
0.730769,0.703704,
0.666667,0.454545,
0.571429,0.666667,
0.235294,0.363636,
0.409091,0.375,
0.166667,0.214286,
0,0,
0.318182,0.411765,
0.384615,0.357143,
0.307692,0.363636,
0,0,
0.333333,0.363636,
0.0588235,0.0666667,
0.0666667,0.0588235,
0.545455,0.4,
0.166667,0.230769,
0.526316,0.416667,
0.222222,0.166667,
0.65,0.541667,
0.545455,0.521739,
0.0588235,0.0666667,
0.461538,0.428571,
0.380952,0.347826,
0.4375,0.5,
0.565217,0.52,
0.375,0.25,
0.64,0.842105,
0.578947,0.785714,
0,0,
0.1,0.125,
0.368421,0.291667,
0.411765,0.333333,
0,0,
0.111111,0.142857,
0.5,0.5,
0.315789,0.24,
0.444444,0.571429,
0.363636,0.571429,
0.157895,0.176471,
0.142857,0.142857,
0.0555556,0.0714286,
0.142857,0.25,
0.631579,0.857143,
0.0666667,0.0769231,
0.444444,0.347826,
0.272727,0.272727,
0.285714,0.4,
0.769231,0.869565,
0,0,
0.277778,0.26087,
0.666667,0.47619,
0.1,0.0740741,
0.461538,0.571429,
0.0909091,0.0909091,
0.571429,0.363636,
0.181818,0.2,
0.230769,0.214286,
0.444444,0.421053,
0.478261,0.55,
0.1875,0.214286,
0.153846,0.133333,
0.636364,0.538462,
0.434783,0.47619,
0.458333,0.55,
0.347826,0.533333,
0.545455,0.461538,
0.714286,0.652174,
0.352941,0.25,
0.214286,0.157895,
0.611111,0.55,
0.15,0.115385,
0.333333,0.333333,
0.230769,0.272727,
0,0,
0.181818,0.222222,
0.590909,0.5,
0.222222,0.333333,
0.714286,0.714286,
0,0,
0.266667,0.266667,
0.25,0.333333,
0.727273,0.727273,
0.3125,0.384615,
0.333333,0.333333,
0.0714286,0.0666667,
0.235294,0.210526,
0.428571,0.473684,
0.631579,0.521739,
0.105263,0.142857,
0.357143,0.357143,
0.5,0.304348,
0.125,0.2,
0.666667,0.380952,
0.25,0.2,
0.125,0.1875,
0.125,0.0769231,
0.733333,0.52381,
0.6,0.6,
0.363636,0.470588,
0.647059,0.55,
0.428571,0.5625,
0.142857,0.166667,
0.230769,0.214286,
0.545455,0.521739,
0.25,0.333333,
0.5,0.375,
0.44,0.578947,
0.214286,0.25,
0.15,0.2,
0.333333,0.307692,
0.222222,0.266667,
0.608696,0.666667,
0.294118,0.454545,
0.214286,0.26087,
0,0,
0.444444,0.333333,
0.272727,0.375,
0.333333,0.217391,
0.153846,0.2,
0.0769231,0.0588235,
0.533333,0.5,
0.416667,0.588235,
0.333333,0.3,
0.0714286,0.0588235,
0.391304,0.473684,
0.125,0.125,
0.304348,0.388889,
0.411765,0.5,
0.538462,0.4375,
0.1,0.142857,
0.416667,0.416667,
0.588235,0.666667,
0.357143,0.277778,
0.52381,0.423077,
0.26087,0.315789,
0.428571,0.375,
0.333333,0.214286,
0.428571,0.4,
0,0,
0.15,0.176471,
0.791667,0.863636,
0,0,
0,0,
0.461538,0.315789,
0.266667,0.333333,
0.166667,0.272727,
0.416667,0.277778,
0.423077,0.44,
0.142857,0.25,
0,0,
0,0,
0.541667,0.684211,
0,0,
0.0909091,0.0909091,
0.0714286,0.0909091,
0.470588,0.380952,
0.52381,0.55,
0.333333,0.25,
0.421053,0.363636,
0.142857,0.0909091,
0.166667,0.142857,
0.190476,0.153846,
0.5,0.631579,
0.12,0.214286,
0.2,0.214286,
0.272727,0.230769,
0.0625,0.0833333,
0.315789,0.25,
0.136364,0.12,
0.833333,0.625,
0.208333,0.2,
0.1875,0.333333,
0.428571,0.285714,
0.0909091,0.0909091,
0.25,0.294118,
0.555556,0.576923,
0.6,0.48,
0.307692,0.4,
0,0,
0.588235,0.526316,
0.333333,0.5,
0.576923,0.625,
0.0909091,0.125,
0.2,0.166667,
0,0,
0,0,
0.25,0.227273,
0.454545,0.454545,
0.6,0.5,
0.142857,0.133333,
0,0,
0.666667,0.518519,
0.357143,0.333333,
0.333333,0.416667,
0.0869565,0.117647,
0,0,
0.133333,0.125,
0,0,
0,0,
0.111111,0.125,
0.0625,0.0588235,
0.208333,0.25,
0.25,0.214286,
0.384615,0.307692,
0.307692,0.266667,
0,0,
0.111111,0.0909091,
0.12,0.142857,
0.727273,0.695652,
0.705882,0.666667,
0.153846,0.111111,
0.263158,0.277778,
0.642857,0.666667,
0.235294,0.235294,
0.6,0.545455,
0.25,0.142857,
0.142857,0.0909091,
0.166667,0.25,
0.538462,0.7,
0.2,0.130435,
0.222222,0.285714,
0,0,
0.15,0.230769,
0.142857,0.117647,
0,0,
0.535714,0.555556,
0.142857,0.176471,
0.214286,0.157895,
0.346154,0.473684,
0.416667,0.4,
0,0,
0.142857,0.230769,
0.72,0.72,
0.315789,0.352941,
0,0,
0.375,0.473684,
0.153846,0.117647,
0.1,0.0769231,
0,0,
0.15,0.2,
0.238095,0.3125,
0.28,0.388889,
0.869565,0.833333,
0.125,0.181818,
0.5,0.6875,
0.625,0.526316,
0.4,0.352941,
0,0,
0.578947,0.44,
0.45,0.5,
0.4,0.4,
0.125,0.0833333,
0.352941,0.428571,
0.133333,0.1,
0.0625,0.0625,
0.565217,0.65,
0.5,0.555556,
0.25,0.222222,
0,0,
0.68,0.894737,
0.576923,0.652174,
0.529412,0.45,
0.428571,0.391304,
0.142857,0.125,
0.5,0.466667,
0.6,0.333333,
0.8125,0.565217,
0.52381,0.407407,
0.0625,0.0714286,
0.727273,0.695652,
0.619048,0.590909,
0.578947,0.578947,
0.363636,0.235294,
0.1,0.0909091,
0.666667,0.85,
0.36,0.473684,
0,0,
0.285714,0.4,
0.210526,0.285714,
0.0666667,0.0625,
0.272727,0.352941,
0.375,0.315789,
0.157895,0.2,
0.235294,0.173913,
0.380952,0.571429,
0.368421,0.388889,
0.210526,0.190476,
0.4375,0.333333,
0.133333,0.125,
0.3125,0.333333,
0.125,0.125,
0.047619,0.0625,
0.5,0.666667,
0.5,0.368421,
0,0,
0.272727,0.2,
0.111111,0.117647,
0.272727,0.3,
0.555556,0.5,
0.75,0.692308,
0.133333,0.117647,
0.666667,0.666667,
0.166667,0.125,
0.55,0.5,
0.125,0.133333,
0.8,0.769231,
0.380952,0.307692,
0.772727,0.73913,
0.473684,0.45,
0.428571,0.45,
0.647059,0.55,
0.333333,0.3125,
0.75,0.692308,
0.357143,0.555556,
0.52,0.65,
0.411765,0.291667,
0.25,0.352941,
0,0,
0,0,
0.352941,0.352941,
0.25,0.272727,
0.764706,0.764706,
0.352941,0.545455,
0.222222,0.235294,
0.65,0.541667,
0.333333,0.4,
0.230769,0.230769,
0,0,
0.869565,0.8,
0.217391,0.333333,
0.722222,0.565217,
0.235294,0.190476,
0.315789,0.3,
0.0952381,0.0869565,
0.388889,0.538462,
0.0909091,0.0769231,
0,0,
0.782609,0.666667,
0.333333,0.333333,
0.545455,0.375,
0.32,0.473684,
0.551724,0.571429,
0.733333,0.55,
0.695652,0.666667,
0.409091,0.333333,
0,0,
0.5,0.411765,
0.176471,0.176471,
0.518519,0.666667,
0.518519,0.583333,
0.0714286,0.111111,
0.785714,0.6875,
0.333333,0.3125,
0.5,0.4,
0.333333,0.266667,
0.375,0.3,
0.142857,0.125,
0.555556,0.526316,
0.555556,0.588235,
0.444444,0.421053,
0.133333,0.111111,
0.25,0.333333,
0.473684,0.529412,
0,0,
0.6,0.6,
0.833333,0.8,
0.571429,0.8,
0.125,0.2,
0.0434783,0.0454545,
0,0,
0.428571,0.375,
0.444444,0.5,
0.166667,0.166667,
0.28,0.35,
0.590909,0.590909,
0.263158,0.294118,
0.0909091,0.1,
0.714286,0.833333,
0,0,
0.631579,0.6,
0,0,
0,0,
0.142857,0.1,
0.55,0.407407,
0.4375,0.304348,
0.235294,0.307692,
0.47619,0.47619,
0.692308,0.45,
0.25,0.272727,
0.352941,0.333333,
0.529412,0.409091,
0.125,0.153846,
0.411765,0.4375,
0.2,0.185185,
0.16,0.222222,
0.347826,0.421053,
0.125,0.133333,
0.416667,0.625,
0.181818,0.222222,
0.285714,0.235294,
0.3125,0.294118,
0.176471,0.272727,
0.85,0.653846,
0.541667,0.65,
0.416667,0.526316,
0,0,
0.611111,0.611111,
0.181818,0.153846,
0.166667,0.2,
0.388889,0.411765,
0.1875,0.176471,
0.227273,0.263158,
0.266667,0.25,
0.0666667,0.0666667,
0.125,0.105263,
0.7,0.7,
0.181818,0.181818,
0.217391,0.217391,
0.277778,0.333333,
0.714286,0.625,
0.1875,0.214286,
0.0714286,0.1,
0.809524,0.653846,
0,0,
0.7,0.666667,
0.214286,0.25,
0,0,
0.789474,0.652174,
0.0833333,0.0909091,
0,0,
0.375,0.333333,
0.76,0.76,
0.538462,0.35,
0.166667,0.214286,
0.111111,0.153846,
0.722222,0.684211,
0.142857,0.153846,
0.5,0.571429,
0.533333,0.571429,
0.263158,0.294118,
0.222222,0.166667,
0.5,0.5,
0.25,0.217391,
0.6,0.5625,
0.291667,0.411765,
0.0833333,0.1,
0.619048,0.481481,
0,0,
0.533333,0.470588,
0.423077,0.392857,
0.333333,0.333333,
0.409091,0.409091,
0.470588,0.4,
0.125,0.0909091,
0.5,0.333333,
0.285714,0.307692,
0.296296,0.296296,
0.272727,0.2,
0,0,
0.666667,0.64,
0.571429,0.5,
0,0,
0.526316,0.588235,
0.727273,0.64,
0.695652,0.64,
0.272727,0.166667,
0.533333,0.347826,
0.235294,0.307692,
0.190476,0.166667,
0.111111,0.166667,
0.666667,0.571429,
0.4,0.375,
0.266667,0.222222,
0.266667,0.307692,
0.642857,0.5625,
0.153846,0.117647,
0.0666667,0.0909091,
0.0625,0.0454545,
0.266667,0.222222,
0.8,0.6,
0.157895,0.142857,
0.294118,0.384615,
0.6,0.666667,
0.5,0.478261,
0.56,0.608696,
0.2,0.214286,
0.0833333,0.0769231,
0.428571,0.3,
0.222222,0.181818,
0.4,0.272727,
0.769231,0.909091,
0.578947,0.5,
0.333333,0.5,
0.111111,0.0714286,
0.285714,0.25,
0.2,0.133333,
0.0833333,0.142857,
0,0,
0.190476,0.235294,
0.35,0.5,
0.111111,0.105263,
0,0,
0.565217,0.764706,
0,0,
0.0714286,0.05,
0.222222,0.307692,
0,0,
0.142857,0.166667,
0.142857,0.111111,
0.173913,0.166667,
0,0,
0.333333,0.333333,
0.190476,0.190476,
0.227273,0.263158,
0.529412,0.375,
0,0,
0.526316,0.47619,
0.347826,0.307692,
0.142857,0.130435,
0.454545,0.47619,
0.166667,0.130435,
0.166667,0.1,
0.0952381,0.117647,
0.714286,0.6,
0.263158,0.263158,
0.142857,0.214286,
0,0,
0.153846,0.142857,
0.545455,0.8,
0.222222,0.235294,
0.428571,0.315789,
0.333333,0.461538,
0.533333,0.421053,
0.5,0.321429,
0.25,0.137931,
0.0833333,0.0833333,
0.153846,0.105263,
0.608696,0.608696,
0.423077,0.37931,
0.285714,0.235294,
0.481481,0.481481,
0.541667,0.764706,
0.105263,0.105263,
0.25,0.384615,
0.578947,0.578947,
0.111111,0.142857,
0.545455,0.5,
0.533333,0.470588,
0.428571,0.428571,
0.333333,0.333333,
0.217391,0.25,
0,0,
0.541667,0.8125,
0.444444,0.4,
0.625,0.555556,
0.25,0.238095,
0.181818,0.133333,
0.526316,0.454545,
0.565217,0.565217,
0.5,0.5,
0.458333,0.52381,
0.7,0.4375,
0.666667,0.888889,
0.8125,0.65,
0.266667,0.266667,
0.4,0.4,
0.230769,0.2,
0.5,0.5625,
0.411765,0.411765,
0.578947,0.733333,
0.590909,0.866667,
0.15,0.136364,
0.291667,0.333333,
0.428571,0.45,
0.736842,0.538462,
0.363636,0.285714,
0.222222,0.272727,
0.583333,0.538462,
0.409091,0.375,
0.277778,0.277778,
0.416667,0.333333,
0.611111,0.52381,
0.576923,0.75,
0.666667,0.818182,
0.347826,0.444444,
0.25,0.181818,
0,0,
0.222222,0.266667,
0.333333,0.285714,
0.666667,0.615385,
0.555556,0.555556,
0.333333,0.4,
0.222222,0.153846,
0.142857,0.0833333,
0.238095,0.277778,
0.285714,0.307692,
0.2,0.166667,
0.411765,0.466667,
0.434783,0.4,
0,0,
0.266667,0.285714,
0.588235,0.769231,
0.625,0.526316,
0.545455,0.521739,
0,0,
0.65,0.65,
0.222222,0.210526,
0.266667,0.2,
0.333333,0.222222,
0,0,
0.5,0.5,
0.214286,0.157895,
0.0666667,0.111111,
0.3125,0.384615,
0.25,0.142857,
0.210526,0.222222,
0.692308,0.818182,
0.125,0.1,
0.2,0.181818,
0,0,
0.222222,0.235294,
0.307692,0.307692,
0.0625,0.0588235,
0,0,
0.157895,0.214286,
0.823529,0.608696,
0.190476,0.166667,
0.409091,0.5,
0,0,
0,0,
0.6,0.529412,
0.588235,0.625,
0.705882,0.5,
0.375,0.352941,
0.294118,0.333333,
0.653846,0.85,
0.2,0.153846,
0.285714,0.307692,
0.230769,0.166667,
0,0,
0.6,0.48,
0.266667,0.2,
0.433333,0.541667,
0.65,0.541667,
0.52381,0.5,
0,0,
0.25,0.181818,
0.56,0.583333,
0.384615,0.5,
0.4,0.615385,
0.526316,0.526316,
0,0,
0.461538,0.444444,
0.210526,0.210526,
0.133333,0.105263,
0.222222,0.181818,
0.166667,0.2,
0.421053,0.4,
0.266667,0.266667,
0.333333,0.25,
0.272727,0.3,
0.545455,0.428571,
0.578947,0.578947,
0.259259,0.259259,
0.153846,0.125,
0.181818,0.111111,
0.227273,0.277778,
0.333333,0.473684,
0,0,
0.541667,0.764706,
0.1,0.0769231,
0.5,0.5,
0.466667,0.411765,
0.684211,0.619048,
0.222222,0.222222,
0.571429,0.666667,
0.2,0.210526,
0.153846,0.2,
0.588235,0.434783,
0.5,0.52381,
0,0,
0.111111,0.181818,
0.0526316,0.0588235,
0.0833333,0.0769231,
0.1875,0.15,
0.277778,0.333333,
0.416667,0.333333,
0.2,0.1875,
0.3,0.4,
0.214286,0.15,
0.421053,0.666667,
0.1,0.142857,
0.619048,0.619048,
0.5625,0.529412,
0.6,0.6,
0.214286,0.25,
0.142857,0.125,
0.526316,0.625,
0.125,0.1,
0,0,
0.470588,0.347826,
0.173913,0.235294,
0.1875,0.230769,
0,0,
0.25,0.227273,
0.583333,0.583333,
0.36,0.375,
0.0588235,0.0833333,
0.166667,0.153846,
0.785714,0.611111,
0.454545,0.555556,
0.142857,0.166667,
0.588235,0.526316,
0.153846,0.133333,
0.166667,0.125,
0.0625,0.0769231,
0.136364,0.115385,
0.3125,0.238095,
0.238095,0.192308,
0.619048,0.5,
0.666667,0.7,
0.2,0.230769,
0.45,0.391304,
0.619048,0.481481,
0.157895,0.142857,
0.333333,0.4,
0.666667,0.636364,
0.307692,0.307692,
0.2,0.263158,
0,0,
0.692308,0.75,
0,0,
0.26087,0.24,
0.3,0.375,
0.529412,0.529412,
0.416667,0.416667,
0.0769231,0.0833333,
0.416667,0.333333,
0.692308,0.72,
0.722222,0.684211,
0.1,0.0909091,
0.0714286,0.111111,
0,0,
0.333333,0.4,
0.72,0.72,
0.133333,0.133333,
0.285714,0.222222,
0.272727,0.333333,
0.153846,0.117647,
0.333333,0.333333,
0,0,
0.333333,0.4375,
0.461538,0.521739,
0.821429,0.821429,
0.1875,0.1875,
0.214286,0.214286,
0.387097,0.387097,
0.266667,0.235294,
0.6,0.45,
0.166667,0.117647,
0.0625,0.0666667,
0.5,0.55,
0.0714286,0.0454545,
0.48,0.48,
0.166667,0.2,
0.285714,0.4,
0,0,
0.272727,0.176471,
0.473684,0.642857,
0,0,
0.388889,0.5,
0.26087,0.4,
0.357143,0.3125,
0.0833333,0.0625,
0.3125,0.454545,
0.478261,0.6875,
0.25,0.227273,
0.428571,0.642857,
0.384615,0.526316,
0,0,
0.5,0.461538,
0.0952381,0.111111,
0.5,0.631579,
0.461538,0.5,
0.615385,0.444444,
0.111111,0.136364,
0.357143,0.357143,
0.5,0.4375,
0,0,
0.0666667,0.0909091,
0.230769,0.2,
0.384615,0.357143,
0.259259,0.368421,
0.357143,0.277778,
0.238095,0.192308,
0.25,0.294118,
0.375,0.230769,
0.111111,0.130435,
0.619048,0.481481,
0.611111,0.733333,
0.466667,0.466667,
0.133333,0.181818,
0.411765,0.388889,
0.2,0.15,
0.625,0.6,
0.826087,0.791667,
0,0,
0.666667,0.666667,
0.25,0.3,
0.461538,0.571429,
0.142857,0.117647,
0,0,
0.294118,0.416667,
0.481481,0.52,
0.636364,0.933333,
0.631579,0.48,
0.5,0.7,
0.0625,0.0769231,
0.1875,0.214286,
0.05,0.0769231,
0.285714,0.285714,
0.333333,0.3,
0.409091,0.409091,
0,0,
0,0,
0.409091,0.45,
0.181818,0.25,
0.1875,0.214286,
0.5,0.388889,
0.181818,0.133333,
0.0666667,0.1,
0.0769231,0.111111,
0.111111,0.166667,
0.1875,0.3,
0.0588235,0.0833333,
0.4,0.307692,
0.25,0.3,
0.64,0.666667,
0.5625,0.5,
0.28,0.269231,
0.0555556,0.0625,
0.666667,0.421053,
0.238095,0.2,
0.142857,0.153846,
0.2,0.133333,
0.0416667,0.0384615,
0.285714,0.352941,
0,0,
0.176471,0.125,
0.388889,0.259259,
0.65,0.65,
0.0769231,0.0909091,
0.52381,0.52381,
0.5,0.769231,
0.5,0.733333,
0.291667,0.304348,
0.576923,0.714286,
0.333333,0.227273,
0.538462,0.583333,
0,0,
0.315789,0.24,
0.25,0.235294,
0.473684,0.5625,
0,0,
0.0769231,0.0714286,
0,0,
0.277778,0.416667,
0.75,0.5625,
0.5,0.428571,
0.473684,0.5625,
0.227273,0.2,
0.0588235,0.0625,
0.142857,0.125,
0,0,
0.538462,0.518519,
0.277778,0.2,
0.428571,0.529412,
0.590909,0.590909,
0.4,0.4,
0,0,
0.65,0.5,
0.375,0.333333,
0.0909091,0.1,
0.4,0.444444,
0.9375,0.625,
0.357143,0.416667,
0.125,0.166667,
0.545455,0.428571,
0.444444,0.470588,
0.357143,0.454545,
0.047619,0.0625,
0,0,
0,0,
0.166667,0.153846,
0.25,0.285714,
0.7,0.636364,
0.166667,0.235294,
0.733333,0.458333,
0.4,0.5,
0.894737,0.68,
0,0,
0.185185,0.25,
0.368421,0.304348,
0,0,
0.611111,0.6875,
0.181818,0.181818,
0.125,0.2,
0.357143,0.294118,
0.2,0.166667,
0.333333,0.454545,
0,0,
0.45,0.318182,
0.565217,0.722222,
0.473684,0.391304,
0.461538,0.352941,
0.7,0.666667,
0.461538,0.428571,
0.6,0.631579,
0.611111,0.578947,
0.458333,0.423077,
0.0869565,0.0952381,
0.428571,0.333333,
0.166667,0.222222,
0.125,0.125,
0.533333,0.5,
0.533333,0.5,
0.642857,0.5,
0.416667,0.454545,
0.583333,0.538462,
0.2,0.235294,
0.466667,0.538462,
0.0909091,0.0714286,
0.333333,0.529412,
0.714286,0.740741,
0.0909091,0.0833333,
0,0,
0.473684,0.409091,
0.125,0.0769231,
0.307692,0.4,
0.2,0.133333,
0.125,0.166667,
0.833333,0.652174,
0.25,0.235294,
0.142857,0.133333,
0.0909091,0.125,
0.315789,0.545455,
0.210526,0.333333,
0.652174,0.882353,
0.25,0.181818,
0.26087,0.24,
0.363636,0.4,
0.730769,0.791667,
0.166667,0.222222,
0.0833333,0.0588235,
0.235294,0.222222,
0.32,0.421053,
0.695652,0.695652,
0.2,0.142857,
0.4,0.434783,
0.818182,0.692308,
0.285714,0.352941,
0.5,0.428571,
0.25,0.384615,
0.0434783,0.04,
0.653846,0.85,
0.363636,0.421053,
0.368421,0.35,
0.047619,0.0666667,
0.333333,0.25,
0.785714,0.5,
0.125,0.2,
0.368421,0.4375,
0.409091,0.45,
0.1,0.125,
0.333333,0.357143,
0,0,
0.153846,0.133333,
0.333333,0.388889,
0.304348,0.304348,
0.0625,0.0625,
0.277778,0.384615,
0.625,0.625,
0.3125,0.357143,
0.3,0.2,
0,0,
0.1875,0.3,
0.5,0.611111,
0.578947,0.44,
0.25,0.333333,
0.458333,0.478261,
0.464286,0.5,
0.5,0.473684,
0.541667,0.541667,
0.4,0.347826,
0.357143,0.416667,
0,0,
0.866667,0.565217,
0.357143,0.3125,
0.565217,0.565217,
0.35,0.35,
0.35,0.411765,
0.173913,0.25,
0.384615,0.588235,
0.55,0.423077,
0.454545,0.416667,
0,0,
0.25,0.25,
0.4,0.266667,
0.526316,0.769231,
0.285714,0.222222,
0.789474,0.6,
0.423077,0.578947,
0.230769,0.3,
0.428571,0.5,
0.333333,0.333333,
0.555556,0.789474,
0.166667,0.130435,
0.625,0.588235,
0.352941,0.5,
0.666667,0.666667,
0,0,
0.217391,0.192308,
0.45,0.473684,
0,0,
0.571429,0.444444,
0.363636,0.470588,
0.666667,0.761905,
0.533333,0.470588,
0.0625,0.0588235,
0.529412,0.473684,
0.666667,0.818182,
0.277778,0.357143,
0.136364,0.1875,
0.473684,0.529412,
0.666667,0.6,
0.333333,0.4,
0.363636,0.4,
0.357143,0.357143,
0.692308,0.45,
0.65,0.481481,
0.15,0.142857,
0.375,0.25,
0.1875,0.214286,
0.1,0.0833333,
0.36,0.346154,
0.454545,0.416667,
0.526316,0.555556,
0.3125,0.416667,
0.571429,0.533333,
0.461538,0.666667,
0.375,0.391304,
0.588235,0.434783,
0.181818,0.166667,
0,0,
0.277778,0.294118,
0.222222,0.333333,
0.1,0.0769231,
0.521739,0.6,
0.133333,0.181818,
0,0,
0.333333,0.352941,
0.35,0.333333,
0.8,0.571429,
0.576923,0.833333,
0.333333,0.35,
0.166667,0.25,
0,0,
0.4,0.285714,
0.478261,0.407407,
0.384615,0.47619,
