0.625,0.625,
0.333333,0.444444,
0.666667,0.722222,
0.47619,0.47619,
0.473684,0.421053,
0.708333,0.75,
0.25,0.25,
0.545455,0.545455,
0.285714,0.285714,
0.538462,0.538462,
0.555556,0.62963,
0.653846,0.653846,
0.214286,0.214286,
0.619048,0.714286,
0.708333,0.75,
0.55,0.6,
0.368421,0.421053,
0.653846,0.653846,
0.636364,0.636364,
0.740741,0.814815,
0.695652,0.608696,
0.714286,0.714286,
0.703704,0.777778,
0.466667,0.466667,
0.545455,0.545455,
0.8,0.68,
0.578947,0.578947,
0.388889,0.388889,
0.619048,0.571429,
0.352941,0.352941,
0.428571,0.428571,
0.363636,0.409091,
0.5,0.555556,
0.647059,0.588235,
0.416667,0.416667,
0.4,0.4,
0.214286,0.214286,
0.666667,0.666667,
0.866667,0.866667,
0.384615,0.384615,
0.62069,0.62069,
0.583333,0.583333,
0.666667,0.619048,
0.454545,0.363636,
0.545455,0.636364,
0.826087,0.826087,
0.48,0.48,
0.368421,0.368421,
0.73913,0.73913,
0.782609,0.782609,
0.454545,0.5,
0.5,0.5,
0.791667,0.791667,
0.277778,0.333333,
0.52381,0.571429,
0.608696,0.565217,
0.695652,0.73913,
0.277778,0.277778,
0.647059,0.529412,
0.740741,0.740741,
0.5,0.538462,
0.352941,0.352941,
0.571429,0.571429,
0.583333,0.583333,
0.52381,0.571429,
0.363636,0.454545,
0.545455,0.545455,
0.4,0.4,
0.52,0.52,
0.466667,0.466667,
0.5,0.5,
0.695652,0.695652,
0.8,0.8,
0.625,0.625,
0.416667,0.416667,
0.809524,0.809524,
0.583333,0.583333,
0.772727,0.772727,
0.851852,0.851852,
0.827586,0.793103,
0.615385,0.576923,
0.35,0.35,
0.75,0.666667,
0.388889,0.444444,
0.391304,0.304348,
0.571429,0.571429,
0.576923,0.5,
0.666667,0.714286,
0.761905,0.857143,
0.5,0.5,
0.357143,0.357143,
0.4375,0.5,
0.375,0.375,
0.7,0.7,
0.294118,0.294118,
0.470588,0.470588,
0.428571,0.428571,
0.5,0.45,
0.5,0.375,
0.777778,0.777778,
0.388889,0.388889,
0.533333,0.466667,
0.703704,0.666667,
0.608696,0.608696,
0.55,0.55,
0.384615,0.384615,
0.5,0.5,
0.526316,0.578947,
0.363636,0.363636,
0.88,0.8,
0.809524,0.809524,
0.458333,0.5,
0.6,0.68,
0.45,0.45,
0.315789,0.315789,
0.588235,0.588235,
0.315789,0.263158,
0.636364,0.636364,
0.428571,0.428571,
0.758621,0.758621,
0.888889,0.851852,
0.84,0.84,
0.607143,0.571429,
0.545455,0.590909,
0.230769,0.230769,
0.875,0.833333,
0.714286,0.678571,
0.692308,0.576923,
0.73913,0.73913,
0.695652,0.695652,
0.4,0.4,
0.65,0.6,
0.6,0.6,
0.740741,0.740741,
0.684211,0.631579,
0.608696,0.565217,
0.4375,0.5,
0.461538,0.461538,
0.666667,0.666667,
0.7,0.8,
0.307692,0.307692,
0.695652,0.652174,
0.73913,0.73913,
0.466667,0.466667,
0.631579,0.684211,
0.4,0.5,
0.6,0.533333,
0.8,0.76,
0.772727,0.772727,
0.833333,0.833333,
0.678571,0.678571,
0.809524,0.761905,
0.5,0.5,
0.666667,0.6,
0.375,0.375,
0.611111,0.611111,
0.5,0.545455,
0.631579,0.684211,
0.592593,0.592593,
0.352941,0.352941,
0.5,0.5,
0.416667,0.5,
0.791667,0.708333,
0.55,0.55,
0.357143,0.357143,
0.75,0.8,
0.352941,0.470588,
0.666667,0.733333,
0.730769,0.807692,
0.7,0.7,
0.73913,0.73913,
0.666667,0.571429,
0.5,0.454545,
0.846154,0.807692,
0.62069,0.586207,
0.4,0.4,
0.470588,0.411765,
0.388889,0.333333,
0.769231,0.769231,
0.571429,0.571429,
0.45,0.45,
0.666667,0.708333,
0.478261,0.478261,
0.7,0.65,
0.846154,0.846154,
0.0909091,0.0909091,
0.769231,0.769231,
0.692308,0.615385,
0.565217,0.608696,
0.333333,0.333333,
0.538462,0.538462,
0.777778,0.722222,
0.466667,0.533333,
0.882353,0.823529,
0.833333,0.791667,
0.333333,0.388889,
0.538462,0.538462,
0.733333,0.733333,
0.681818,0.681818,
0.333333,0.333333,
0.625,0.666667,
0.714286,0.666667,
0.592593,0.62963,
0.846154,0.846154,
0.73913,0.73913,
0.464286,0.5,
0.782609,0.73913,
0.444444,0.518519,
0.611111,0.611111,
0.352941,0.294118,
0.714286,0.642857,
0.375,0.25,
0.375,0.375,
0.833333,0.916667,
0.653846,0.653846,
0.4,0.4,
0.666667,0.766667,
0.692308,0.653846,
0.73913,0.695652,
0.652174,0.652174,
0.4375,0.4375,
0.722222,0.722222,
0.411765,0.411765,
0.782609,0.782609,
0.611111,0.666667,
0.65,0.7,
0.666667,0.619048,
0.64,0.72,
0.333333,0.333333,
0.76,0.72,
0.785714,0.785714,
0.333333,0.333333,
0.411765,0.411765,
0.583333,0.458333,
0.782609,0.73913,
0.578947,0.631579,
0.571429,0.571429,
0.736842,0.684211,
0.5,0.5,
0.368421,0.368421,
0.352941,0.470588,
0.5,0.5,
0.814815,0.851852,
0.592593,0.592593,
0.333333,0.333333,
0.47619,0.47619,
0.466667,0.466667,
0.461538,0.384615,
0.423077,0.423077,
0.62963,0.62963,
0.642857,0.571429,
0.740741,0.703704,
0.470588,0.470588,
0.4,0.4,
0.791667,0.75,
0.647059,0.647059,
0.65,0.6,
0.529412,0.529412,
0.388889,0.444444,
0.470588,0.411765,
0.611111,0.611111,
0.76,0.72,
0.636364,0.681818,
0.772727,0.772727,
0.772727,0.727273,
0.454545,0.5,
0.727273,0.681818,
0.266667,0.266667,
0.714286,0.714286,
0.478261,0.478261,
0.689655,0.689655,
0.5,0.545455,
0.590909,0.590909,
0.1875,0.1875,
0.740741,0.740741,
0.666667,0.733333,
0.555556,0.611111,
0.529412,0.529412,
0.666667,0.666667,
0.461538,0.461538,
0.714286,0.714286,
0.384615,0.384615,
0.56,0.6,
0.5625,0.5625,
0.47619,0.47619,
0.793103,0.827586,
0.708333,0.75,
0.6,0.45,
0.777778,0.777778,
0.588235,0.647059,
0.791667,0.791667,
0.5,0.454545,
0.708333,0.708333,
0.777778,0.703704,
0.608696,0.565217,
0.727273,0.681818,
0.272727,0.272727,
0.769231,0.653846,
0.565217,0.608696,
0.684211,0.736842,
0.3125,0.375,
0.521739,0.521739,
0.652174,0.73913,
0.6875,0.6875,
0.5,0.555556,
0.518519,0.555556,
0.541667,0.541667,
0.647059,0.588235,
0.818182,0.772727,
0.592593,0.592593,
0.705882,0.705882,
0.65,0.65,
0.590909,0.590909,
0.708333,0.75,
0.5,0.409091,
0.592593,0.592593,
0.421053,0.368421,
0.8,0.8,
0.125,0.125,
0.631579,0.578947,
0.642857,0.642857,
0.5625,0.625,
0.625,0.5625,
0.681818,0.772727,
0.583333,0.5,
0.647059,0.647059,
0.684211,0.684211,
0.7,0.65,
0.416667,0.416667,
0.529412,0.529412,
0.388889,0.555556,
0.666667,0.619048,
0.571429,0.571429,
0.684211,0.684211,
0.5,0.5,
0.576923,0.576923,
0.615385,0.692308,
0.6,0.56,
0.6,0.6,
0.607143,0.642857,
0.5,0.535714,
0.793103,0.793103,
0.636364,0.590909,
0.647059,0.647059,
0.736842,0.684211,
0.4,0.4,
0.642857,0.714286,
0.619048,0.47619,
0.466667,0.466667,
0.347826,0.304348,
0.8,0.8,
0.869565,0.826087,
0.458333,0.5,
0.684211,0.684211,
0.833333,0.875,
0.730769,0.615385,
0.666667,0.571429,
0.588235,0.529412,
0.615385,0.692308,
0.52381,0.47619,
0.535714,0.5,
0.4,0.4,
0.65,0.7,
0.388889,0.333333,
0.5,0.5,
0.52381,0.52381,
0.333333,0.333333,
0.428571,0.428571,
0.526316,0.473684,
0.52381,0.428571,
0.73913,0.73913,
0.777778,0.833333,
0.421053,0.526316,
0.565217,0.608696,
0.68,0.68,
0.466667,0.466667,
0.466667,0.4,
0.533333,0.566667,
0.611111,0.611111,
0.772727,0.772727,
0.857143,0.761905,
0.758621,0.724138,
0.538462,0.576923,
0.684211,0.736842,
0.846154,0.846154,
0.84,0.84,
0.814815,0.814815,
0.529412,0.470588,
0.75,0.708333,
0.535714,0.571429,
0.7,0.733333,
0.375,0.5625,
0.708333,0.708333,
0.681818,0.636364,
0.714286,0.714286,
0.611111,0.555556,
0.714286,0.642857,
0.333333,0.285714,
0.666667,0.625,
0.533333,0.533333,
0.4,0.4,
0.789474,0.789474,
0.611111,0.555556,
0.571429,0.52381,
0.461538,0.461538,
0.619048,0.619048,
0.5,0.45,
0.428571,0.428571,
0.470588,0.470588,
0.529412,0.647059,
0.375,0.375,
0.526316,0.578947,
0.428571,0.571429,
0.6,0.56,
0.333333,0.333333,
0.565217,0.565217,
0.555556,0.5,
0.4375,0.4375,
0.75,0.714286,
0.5,0.5,
0.608696,0.695652,
0.666667,0.666667,
0.434783,0.565217,
0.454545,0.454545,
0.470588,0.470588,
0.615385,0.615385,
0.35,0.35,
0.4,0.4,
0.5,0.5,
0.6,0.52,
0.636364,0.727273,
0.333333,0.416667,
0.666667,0.666667,
0.529412,0.529412,
0.607143,0.678571,
0.684211,0.684211,
0.5,0.555556,
0.464286,0.607143,
0.428571,0.52381,
0.647059,0.647059,
0.625,0.666667,
0.529412,0.529412,
0.444444,0.481481,
0.615385,0.615385,
0.529412,0.529412,
0.666667,0.722222,
0.76,0.76,
0.47619,0.47619,
0.714286,0.785714,
0.421053,0.473684,
0.608696,0.652174,
0.625,0.5625,
0.84,0.84,
0.388889,0.388889,
0.615385,0.653846,
0.64,0.64,
0.875,0.875,
0.772727,0.727273,
0.75,0.678571,
0.266667,0.266667,
0.6,0.6,
0.666667,0.666667,
0.642857,0.714286,
0.714286,0.666667,
0.75,0.75,
0.0833333,0.166667,
0.647059,0.647059,
0.769231,0.769231,
0.357143,0.357143,
0.666667,0.703704,
0.55,0.55,
0.84,0.84,
0.882353,0.882353,
0.461538,0.538462,
0.357143,0.357143,
0.555556,0.611111,
0.352941,0.352941,
0.821429,0.821429,
0.5,0.538462,
0.555556,0.611111,
0.588235,0.588235,
0.684211,0.578947,
0.5,0.423077,
0.703704,0.62963,
0.681818,0.636364,
0.421053,0.421053,
0.703704,0.740741,
0.73913,0.73913,
0.818182,0.727273,
0.608696,0.652174,
0.5625,0.5625,
0.538462,0.538462,
0.266667,0.266667,
0.6,0.76,
0.428571,0.428571,
0.578947,0.578947,
0.846154,0.923077,
0.647059,0.647059,
0.333333,0.333333,
0.388889,0.388889,
0.722222,0.611111,
0.7,0.7,
0.428571,0.5,
0.2,0.2,
0.181818,0.181818,
0.681818,0.681818,
0.357143,0.357143,
0.782609,0.782609,
0.733333,0.733333,
0.777778,0.777778,
0.428571,0.428571,
0.785714,0.75,
0.470588,0.470588,
0.307692,0.307692,
0.4,0.35,
0.5,0.55,
0.684211,0.684211,
0.695652,0.608696,
0.647059,0.647059,
0.428571,0.428571,
0.62069,0.586207,
0.482759,0.551724,
0.8,0.84,
0.736842,0.736842,
0.642857,0.535714,
0.56,0.6,
0.55,0.55,
0.666667,0.619048,
0.583333,0.583333,
0.75,0.75,
0.722222,0.722222,
0.285714,0.285714,
0.576923,0.615385,
0.590909,0.590909,
0.733333,0.7,
0.592593,0.592593,
0.666667,0.611111,
0.411765,0.411765,
0.7,0.7,
0.647059,0.647059,
0.615385,0.653846,
0.416667,0.416667,
0.5,0.4375,
0.526316,0.473684,
0.588235,0.647059,
0.473684,0.473684,
0.521739,0.478261,
0.583333,0.583333,
0.4,0.466667,
0.64,0.6,
0.421053,0.473684,
0.785714,0.785714,
0.714286,0.714286,
0.695652,0.608696,
0.769231,0.730769,
0.73913,0.73913,
0.52381,0.47619,
0.590909,0.545455,
0.428571,0.428571,
0.789474,0.684211,
0.538462,0.538462,
0.428571,0.571429,
0.352941,0.352941,
0.533333,0.533333,
0.5,0.5,
0.833333,0.833333,
0.619048,0.52381,
0.807692,0.846154,
0.45,0.4,
0.714286,0.619048,
0.357143,0.357143,
0.818182,0.818182,
0.68,0.64,
0.6,0.6,
0.555556,0.555556,
0.727273,0.636364,
0.9375,0.875,
0.56,0.52,
0.730769,0.692308,
0.533333,0.466667,
0.6,0.48,
0.434783,0.434783,
0.25,0.25,
0.689655,0.655172,
0.44,0.4,
0.518519,0.555556,
0.357143,0.357143,
0.5,0.4375,
0.272727,0.318182,
0.740741,0.740741,
0.782609,0.782609,
0.333333,0.4,
0.518519,0.592593,
0.478261,0.565217,
0.555556,0.666667,
0.714286,0.678571,
0.722222,0.722222,
0.470588,0.411765,
0.6,0.6,
0.555556,0.555556,
0.4,0.35,
0.727273,0.681818,
0.833333,0.75,
0.526316,0.631579,
0.6,0.6,
0.266667,0.2,
0.5,0.535714,
0.7,0.75,
0.416667,0.5,
0.3,0.3,
0.5,0.55,
0.466667,0.466667,
0.588235,0.588235,
0.4375,0.375,
0.740741,0.740741,
0.740741,0.740741,
0.611111,0.611111,
0.75,0.75,
0.368421,0.368421,
0.714286,0.714286,
0.625,0.625,
0.352941,0.352941,
0.772727,0.772727,
0.48,0.48,
0.571429,0.619048,
0.384615,0.384615,
0.583333,0.583333,
0.529412,0.588235,
0.75,0.75,
0.631579,0.631579,
0.5625,0.5,
0.692308,0.692308,
0.4,0.533333,
0.464286,0.571429,
0.611111,0.611111,
0.409091,0.409091,
0.5,0.5,
0.8,0.72,
0.47619,0.47619,
0.611111,0.444444,
0.578947,0.578947,
0.529412,0.529412,
0.740741,0.666667,
0.88,0.84,
0.416667,0.416667,
0.782609,0.73913,
0.5,0.5,
0.555556,0.5,
0.636364,0.5,
0.333333,0.388889,
0.791667,0.791667,
0.7,0.7,
0.736842,0.736842,
0.35,0.35,
0.388889,0.333333,
0.55,0.45,
0.64,0.64,
0.695652,0.73913,
0.411765,0.411765,
0.571429,0.642857,
0.478261,0.478261,
0.47619,0.52381,
0.833333,0.875,
0.521739,0.565217,
0.714286,0.75,
0.551724,0.551724,
0.571429,0.52381,
0.411765,0.529412,
0.791667,0.833333,
0.68,0.72,
0.45,0.45,
0.428571,0.357143,
0.666667,0.708333,
0.703704,0.703704,
0.590909,0.636364,
0.75,0.7,
0.4375,0.4375,
0.521739,0.565217,
0.666667,0.625,
0.615385,0.615385,
0.631579,0.631579,
0.555556,0.592593,
0.533333,0.533333,
0.533333,0.533333,
0.722222,0.722222,
0.444444,0.555556,
0.583333,0.583333,
0.533333,0.533333,
0.428571,0.47619,
0.333333,0.4,
0.64,0.6,
0.869565,0.869565,
0.75,0.75,
0.75,0.785714,
0.5,0.4,
0.821429,0.821429,
0.5,0.5,
0.45,0.55,
0.375,0.375,
0.5625,0.5,
0.5,0.571429,
0.68,0.68,
0.666667,0.666667,
0.615385,0.692308,
0.333333,0.333333,
0.333333,0.333333,
0.652174,0.73913,
0.64,0.6,
0.541667,0.541667,
0.684211,0.736842,
0.45,0.45,
0.68,0.64,
0.631579,0.578947,
0.466667,0.466667,
0.272727,0.272727,
0.52381,0.571429,
0.772727,0.727273,
0.666667,0.611111,
0.375,0.375,
0.5,0.4375,
0.181818,0.181818,
0.818182,0.772727,
0.684211,0.736842,
0.533333,0.466667,
0.4375,0.375,
0.75,0.75,
0.411765,0.470588,
0.571429,0.535714,
0.473684,0.526316,
0.736842,0.736842,
0.791667,0.833333,
0.64,0.52,
0.703704,0.703704,
0.615385,0.538462,
0.5,0.55,
0.368421,0.368421,
0.307692,0.307692,
0.615385,0.538462,
0.428571,0.428571,
0.464286,0.428571,
0.52381,0.47619,
0.631579,0.631579,
0.428571,0.5,
0.461538,0.461538,
0.73913,0.73913,
0.631579,0.631579,
0.666667,0.666667,
0.478261,0.434783,
0.666667,0.62963,
0.625,0.625,
0.5,0.5,
0.857143,0.857143,
0.333333,0.416667,
0.777778,0.777778,
0.708333,0.75,
0.56,0.68,
0.72,0.64,
0.5625,0.5625,
0.423077,0.461538,
0.76,0.72,
0.863636,0.818182,
0.357143,0.357143,
0.782609,0.73913,
0.7,0.6,
0.6875,0.75,
0.555556,0.592593,
0.64,0.52,
0.538462,0.692308,
0.466667,0.4,
0.555556,0.611111,
0.5,0.4375,
0.62069,0.655172,
0.619048,0.571429,
0.818182,0.818182,
0.541667,0.583333,
0.375,0.375,
0.5625,0.625,
0.653846,0.615385,
0.375,0.375,
0.6,0.55,
0.583333,0.5,
0.583333,0.583333,
0.772727,0.772727,
0.588235,0.588235,
0.722222,0.722222,
0.833333,0.833333,
0.666667,0.571429,
0.666667,0.722222,
0.5,0.5,
0.454545,0.454545,
0.761905,0.761905,
0.607143,0.607143,
0.48,0.48,
0.526316,0.526316,
0.782609,0.782609,
0.846154,0.846154,
0.611111,0.722222,
0.411765,0.411765,
0.653846,0.576923,
0.772727,0.727273,
0.76,0.76,
0.62963,0.666667,
0.652174,0.695652,
0.652174,0.608696,
0.684211,0.631579,
0.428571,0.357143,
0.518519,0.481481,
0.727273,0.727273,
0.181818,0.181818,
0.368421,0.421053,
0.565217,0.652174,
0.5,0.5,
0.357143,0.428571,
0.619048,0.666667,
0.388889,0.388889,
0.590909,0.545455,
0.555556,0.5,
0.411765,0.352941,
0.571429,0.571429,
0.517241,0.448276,
0.695652,0.695652,
0.869565,0.826087,
0.608696,0.608696,
0.444444,0.555556,
0.444444,0.444444,
0.692308,0.692308,
0.4,0.4,
0.68,0.68,
0.444444,0.444444,
0.466667,0.533333,
0.535714,0.5,
0.740741,0.814815,
0.5,0.444444,
0.521739,0.478261,
0.727273,0.772727,
0.592593,0.777778,
0.5,0.461538,
0.458333,0.458333,
0.285714,0.380952,
0.6,0.56,
0.631579,0.631579,
0.76,0.8,
0.65,0.65,
0.642857,0.642857,
0.807692,0.807692,
0.666667,0.625,
0.583333,0.583333,
0.411765,0.352941,
0.625,0.625,
0.692308,0.730769,
0.64,0.68,
0.615385,0.615385,
0.789474,0.736842,
0.611111,0.611111,
0.470588,0.470588,
0.5,0.5,
0.608696,0.608696,
0.8,0.9,
0.48,0.6,
0.590909,0.590909,
0.352941,0.411765,
0.9,0.833333,
0.846154,0.846154,
0.578947,0.631579,
0.45,0.45,
0.571429,0.5,
0.461538,0.538462,
0.724138,0.689655,
0.375,0.375,
0.576923,0.576923,
0.65,0.6,
0.4,0.4,
0.65,0.65,
0.52381,0.52381,
0.368421,0.368421,
0.76,0.8,
0.357143,0.5,
0.666667,0.722222,
0.48,0.48,
0.695652,0.652174,
0.782609,0.782609,
0.684211,0.684211,
0.8,0.8,
0.666667,0.722222,
0.368421,0.368421,
0.56,0.6,
0.466667,0.533333,
0.375,0.375,
0.384615,0.384615,
0.666667,0.666667,
0.518519,0.518519,
0.592593,0.555556,
0.64,0.64,
0.529412,0.529412,
0.37037,0.37037,
0.869565,0.826087,
0.576923,0.576923,
0.809524,0.809524,
0.5,0.5,
0.4375,0.4375,
0.68,0.72,
0.3,0.3,
0.375,0.3125,
0.736842,0.631579,
0.807692,0.730769,
0.416667,0.416667,
0.380952,0.428571,
0.576923,0.576923,
0.65,0.65,
0.64,0.56,
0.571429,0.5,
0.722222,0.888889,
0.294118,0.235294,
0.416667,0.5,
0.434783,0.521739,
0.821429,0.785714,
0.769231,0.692308,
0.588235,0.529412,
0.666667,0.703704,
0.5,0.5,
0.705882,0.705882,
0.482759,0.551724,
0.592593,0.592593,
0.454545,0.454545,
0.388889,0.388889,
0.588235,0.647059,
0.555556,0.611111,
0.8,0.8,
0.862069,0.827586,
0.571429,0.642857,
0.823529,0.764706,
0.65,0.6,
0.375,0.375,
0.470588,0.411765,
0.45,0.45,
0.521739,0.521739,
0.277778,0.222222,
0.7,0.6,
0.416667,0.416667,
0.3,0.2,
0.8,0.766667,
0.214286,0.214286,
0.363636,0.363636,
0.5,0.5,
0.611111,0.722222,
0.5625,0.5,
0.545455,0.681818,
0.5,0.590909,
0.421053,0.421053,
0.5,0.55,
0.636364,0.590909,
0.391304,0.521739,
0.75,0.75,
0.615385,0.615385,
0.428571,0.47619,
0.578947,0.578947,
0.65,0.65,
0.708333,0.708333,
0.814815,0.851852,
0.307692,0.307692,
0.375,0.375,
0.88,0.88,
0.791667,0.75,
0.3125,0.3125,
0.631579,0.631579,
0.352941,0.411765,
0.285714,0.285714,
0.363636,0.363636,
0.666667,0.666667,
0.294118,0.352941,
0.8,0.84,
0.352941,0.352941,
0.64,0.6,
0.538462,0.538462,
0.647059,0.647059,
0.533333,0.533333,
0.52381,0.47619,
0.47619,0.47619,
0.782609,0.782609,
0.730769,0.730769,
0.791667,0.75,
0.684211,0.684211,
0.4375,0.4375,
0.466667,0.433333,
0.695652,0.695652,
0.703704,0.703704,
0.761905,0.761905,
0.5,0.545455,
0.590909,0.636364,
0.5,0.5,
0.52381,0.52381,
0.421053,0.421053,
0.833333,0.833333,
0.5625,0.5625,
0.896552,0.862069,
0.62963,0.518519,
0.692308,0.769231,
0.689655,0.655172,
0.538462,0.461538,
0.333333,0.333333,
0.421053,0.473684,
0.266667,0.266667,
0.607143,0.607143,
0.72,0.84,
0.4,0.4,
0.666667,0.592593,
0.352941,0.352941,
0.409091,0.409091,
0.615385,0.615385,
0.571429,0.52381,
0.7,0.7,
0.5,0.444444,
0.8,0.72,
0.678571,0.642857,
0.6875,0.6875,
0.666667,0.6,
0.611111,0.611111,
0.777778,0.722222,
0.4,0.45,
0.68,0.68,
0.76,0.76,
0.821429,0.821429,
0.653846,0.576923,
0.526316,0.526316,
0.708333,0.708333,
0.473684,0.526316,
0.727273,0.772727,
0.653846,0.615385,
0.772727,0.727273,
0.5,0.5,
0.416667,0.416667,
0.608696,0.565217,
0.521739,0.652174,
0.375,0.375,
0.647059,0.705882,
0.5,0.5,
0.692308,0.653846,
0.47619,0.428571,
0.571429,0.619048,
0.307692,0.307692,
0.37037,0.407407,
0.4,0.4,
0.777778,0.814815,
0.727273,0.772727,
0.5,0.5,
0.454545,0.409091,
0.884615,0.884615,
0.423077,0.423077,
0.55,0.5,
0.666667,0.611111,
0.470588,0.470588,
0.851852,0.814815,
0.384615,0.384615,
0.578947,0.578947,
0.363636,0.363636,
0.590909,0.590909,
0.5,0.583333,
0.352941,0.352941,
0.333333,0.380952,
0.423077,0.423077,
0.65,0.65,
0.75,0.75,
0.4375,0.5,
0.5625,0.5,
0.653846,0.576923,
0.526316,0.526316,
0.5,0.555556,
0.521739,0.521739,
0.421053,0.473684,
0.375,0.375,
0.703704,0.703704,
0.631579,0.631579,
0.375,0.375,
0.482759,0.482759,
0.461538,0.461538,
0.789474,0.736842,
0.833333,0.75,
0.625,0.625,
0.785714,0.821429,
0.3125,0.3125,
0.884615,0.884615,
0.785714,0.857143,
0.75,0.821429,
0.619048,0.571429,
0.551724,0.517241,
0.611111,0.666667,
0.470588,0.470588,
0.555556,0.592593,
0.388889,0.333333,
0.714286,0.714286,
0.857143,0.821429,
0.444444,0.444444,
0.315789,0.315789,
0.565217,0.565217,
0.692308,0.615385,
0.461538,0.576923,
0.529412,0.470588,
0.84,0.84,
0.615385,0.653846,
0.277778,0.388889,
0.555556,0.611111,
0.730769,0.807692,
0.55,0.5,
0.708333,0.666667,
0.388889,0.5,
0.3125,0.3125,
0.428571,0.357143,
0.827586,0.862069,
0.428571,0.428571,
0.708333,0.666667,
0.272727,0.363636,
0.363636,0.363636,
0.4,0.4,
0.5,0.375,
0.681818,0.636364,
0.833333,0.833333,
0.703704,0.703704,
0.529412,0.647059,
0.473684,0.526316,
0.307692,0.307692,
0.454545,0.454545,
0.73913,0.73913,
0.714286,0.571429,
0.821429,0.785714,
0.571429,0.571429,
0.588235,0.764706,
0.384615,0.384615,
0.782609,0.826087,
0.588235,0.588235,
0.576923,0.615385,
0.75,0.75,
0.666667,0.583333,
0.833333,0.75,
0.884615,0.846154,
0.5,0.5,
0.722222,0.611111,
0.666667,0.761905,
0.851852,0.851852,
0.5,0.5,
0.695652,0.695652,
0.740741,0.703704,
0.68,0.64,
0.545455,0.545455,
0.368421,0.368421,
0.766667,0.766667,
0.73913,0.695652,
0.388889,0.388889,
0.578947,0.526316,
0.333333,0.333333,
0.636364,0.636364,
0.5,0.5,
0.625,0.625,
0.722222,0.666667,
0.8,0.8,
0.470588,0.470588,
0.222222,0.222222,
0.55,0.55,
0.705882,0.705882,
0.740741,0.666667,
0.545455,0.545455,
0.421053,0.421053,
0.653846,0.615385,
0.636364,0.681818,
0.827586,0.862069,
0.619048,0.619048,
0.666667,0.666667,
0.782609,0.782609,
0.666667,0.583333,
0.642857,0.678571,
0.388889,0.444444,
0.333333,0.444444,
0.473684,0.526316,
0.736842,0.736842,
0.793103,0.793103,
0.666667,0.666667,
0.666667,0.666667,
0.473684,0.526316,
0.538462,0.615385,
0.571429,0.5,
0.541667,0.541667,
0.466667,0.533333,
0.428571,0.428571,
0.48,0.44,
0.708333,0.666667,
0.333333,0.333333,
0.571429,0.52381,
0.8,0.75,
0.6,0.55,
0.583333,0.583333,
0.3125,0.375,
0.478261,0.478261,
0.608696,0.565217,
0.315789,0.368421,
0.761905,0.761905,
0.590909,0.636364,
0.647059,0.588235,
0.333333,0.333333,
0.375,0.375,
0.5,0.5,
0.611111,0.611111,
0.666667,0.666667,
0.631579,0.578947,
0.625,0.625,
0.5,0.5,
0.416667,0.5,
0.571429,0.571429,
0.777778,0.814815,
0.52,0.52,
0.266667,0.266667,
0.714286,0.761905,
0.703704,0.740741,
0.666667,0.722222,
0.4,0.4,
0.461538,0.461538,
0.545455,0.545455,
0.272727,0.272727,
0.428571,0.428571,
0.703704,0.777778,
0.766667,0.766667,
0.428571,0.619048,
0.529412,0.411765,
0.863636,0.863636,
0.722222,0.722222,
0.470588,0.470588,
0.555556,0.555556,
0.619048,0.619048,
0.655172,0.689655,
0.454545,0.409091,
0.571429,0.571429,
0.789474,0.736842,
0.555556,0.555556,
0.434783,0.565217,
0.315789,0.315789,
0.142857,0.142857,
0.8,0.8,
0.652174,0.652174,
0.75,0.708333,
0.529412,0.470588,
0.4375,0.4375,
0.761905,0.761905,
0.5,0.5,
0.76,0.72,
0.62963,0.740741,
0.5,0.466667,
0.444444,0.444444,
0.409091,0.409091,
0.703704,0.777778,
0.571429,0.464286,
0.44,0.44,
0.35,0.35,
0.55,0.55,
0.473684,0.473684,
0.826087,0.869565,
0.636364,0.727273,
0.538462,0.538462,
0.576923,0.576923,
0.470588,0.470588,
0.5625,0.5625,
0.692308,0.653846,
0.571429,0.619048,
0.6,0.55,
0.608696,0.565217,
0.769231,0.807692,
0.590909,0.545455,
0.375,0.375,
0.583333,0.583333,
0.541667,0.583333,
0.62069,0.689655,
0.45,0.45,
0.777778,0.722222,
0.5,0.5,
0.428571,0.428571,
0.6,0.6,
0.64,0.64,
0.772727,0.818182,
0.708333,0.75,
0.423077,0.538462,
0.846154,0.846154,
0.4,0.4,
0.6,0.6,
0.555556,0.555556,
0.607143,0.642857,
0.592593,0.666667,
0.740741,0.703704,
0.695652,0.652174,
0.85,0.85,
0.692308,0.653846,
0.470588,0.411765,
0.571429,0.535714,
0.62963,0.703704,
0.375,0.375,
0.421053,0.421053,
0.384615,0.384615,
0.545455,0.545455,
0.62963,0.62963,
0.565217,0.608696,
0.821429,0.857143,
0.5,0.5,
0.666667,0.714286,
0.529412,0.588235,
0.6,0.6,
0.84,0.76,
0.592593,0.592593,
0.590909,0.590909,
0.535714,0.535714,
0.235294,0.235294,
0.333333,0.416667,
0.75,0.583333,
0.473684,0.473684,
0.772727,0.772727,
0.791667,0.75,
0.818182,0.727273,
0.545455,0.545455,
0.461538,0.461538,
0.5,0.5,
0.666667,0.6,
0.666667,0.555556,
0.590909,0.545455,
0.653846,0.653846,
0.611111,0.555556,
0.666667,0.666667,
0.7,0.8,
0.68,0.64,
0.5,0.5,
0.590909,0.545455,
0.692308,0.807692,
0.545455,0.5,
0.571429,0.607143,
0.4,0.4,
0.357143,0.357143,
0.416667,0.333333,
0.772727,0.818182,
0.466667,0.6,
0.791667,0.75,
0.461538,0.538462,
0.5,0.555556,
0.285714,0.285714,
0.703704,0.703704,
0.7,0.65,
0.529412,0.470588,
0.666667,0.666667,
0.5,0.5,
0.714286,0.714286,
0.666667,0.6,
0.428571,0.428571,
0.64,0.64,
0.571429,0.571429,
0.466667,0.533333,
0.791667,0.791667,
0.791667,0.833333,
0.703704,0.555556,
0.625,0.625,
0.733333,0.733333,
0.5,0.533333,
0.571429,0.571429,
0.375,0.4375,
0.72,0.8,
0.8,0.8,
0.423077,0.384615,
0.740741,0.777778,
0.3,0.3,
0.75,0.75,
0.888889,0.888889,
0.590909,0.590909,
0.533333,0.6,
0.666667,0.714286,
0.818182,0.727273,
0.791667,0.75,
0.545455,0.545455,
0.571429,0.666667,
0.5,0.5,
0.235294,0.176471,
0.615385,0.615385,
0.68,0.64,
0.470588,0.470588,
0.388889,0.388889,
0.666667,0.740741,
0.653846,0.769231,
0.708333,0.708333,
0.578947,0.578947,
0.75,0.75,
0.642857,0.714286,
0.473684,0.473684,
0.576923,0.653846,
0.444444,0.5,
0.375,0.375,
0.571429,0.642857,
0.4,0.4,
0.6,0.56,
0.64,0.64,
0.384615,0.461538,
0.357143,0.357143,
0.96,0.96,
0.571429,0.571429,
0.541667,0.541667,
0.454545,0.545455,
0.333333,0.333333,
0.388889,0.444444,
0.791667,0.791667,
0.807692,0.807692,
0.65,0.55,
0.333333,0.4,
0.647059,0.705882,
0.47619,0.47619,
0.681818,0.681818,
0.833333,0.833333,
0.772727,0.727273,
0.65,0.6,
0.8,0.76,
0.76,0.76,
0.769231,0.769231,
0.740741,0.666667,
0.45,0.45,
0.428571,0.357143,
0.888889,0.851852,
0.421053,0.421053,
0.461538,0.461538,
0.466667,0.4,
0.642857,0.642857,
0.3125,0.3125,
0.461538,0.461538,
0.758621,0.758621,
0.6875,0.625,
0.4375,0.4375,
0.375,0.375,
0.565217,0.608696,
0.583333,0.583333,
0.55,0.55,
0.5,0.5,
0.482759,0.551724,
0.72,0.68,
0.407407,0.444444,
0.448276,0.448276,
0.827586,0.827586,
0.521739,0.521739,
0.642857,0.678571,
0.64,0.64,
0.521739,0.565217,
0.421053,0.473684,
0.521739,0.434783,
0.535714,0.571429,
0.571429,0.52381,
0.478261,0.478261,
0.37931,0.413793,
0.538462,0.538462,
0.73913,0.73913,
0.45,0.4,
0.388889,0.388889,
0.473684,0.578947,
0.458333,0.5,
0.5,0.5625,
0.75,0.708333,
0.666667,0.666667,
0.434783,0.478261,
0.521739,0.521739,
0.571429,0.571429,
0.76,0.76,
0.55,0.45,
0.846154,0.807692,
0.64,0.6,
0.5,0.5,
0.375,0.3125,
0.56,0.6,
0.333333,0.333333,
0.588235,0.705882,
0.521739,0.521739,
0.318182,0.318182,
0.545455,0.545455,
0.578947,0.631579,
0.666667,0.666667,
0.37037,0.444444,
0.458333,0.416667,
0.45,0.5,
0.5,0.538462,
0.5625,0.5625,
0.3125,0.3125,
0.782609,0.73913,
0.444444,0.388889,
0.62963,0.666667,
0.266667,0.266667,
0.666667,0.666667,
0.411765,0.411765,
0.666667,0.75,
0.5,0.545455,
0.6875,0.75,
0.473684,0.473684,
0.807692,0.807692,
0.785714,0.678571,
0.411765,0.411765,
0.444444,0.555556,
0.529412,0.529412,
0.904762,0.857143,
0.5,0.45,
0.571429,0.571429,
0.791667,0.833333,
0.846154,0.846154,
0.545455,0.590909,
0.714286,0.714286,
0.3125,0.3125,
0.47619,0.47619,
0.5,0.5,
0.684211,0.684211,
0.619048,0.619048,
0.681818,0.590909,
0.821429,0.785714,
0.740741,0.777778,
0.807692,0.807692,
0.583333,0.583333,
0.730769,0.769231,
0.5,0.5,
0.62963,0.703704,
0.428571,0.428571,
0.692308,0.615385,
0.5,0.571429,
0.884615,0.846154,
0.541667,0.5,
0.461538,0.461538,
0.363636,0.363636,
0.72,0.68,
0.578947,0.789474,
0.615385,0.653846,
0.5,0.5,
0.727273,0.727273,
0.45,0.45,
0.5,0.722222,
0.814815,0.740741,
0.388889,0.444444,
0.714286,0.714286,
0.565217,0.521739,
0.608696,0.565217,
0.333333,0.333333,
0.363636,0.363636,
0.333333,0.333333,
0.782609,0.782609,
0.416667,0.416667,
0.55,0.45,
0.588235,0.588235,
0.541667,0.5,
0.466667,0.466667,
0.826087,0.869565,
0.615385,0.615385,
0.478261,0.478261,
0.352941,0.411765,
0.681818,0.681818,
0.642857,0.642857,
0.5,0.625,
0.705882,0.705882,
0.68,0.68,
0.470588,0.470588,
0.5,0.458333,
0.4,0.4,
0.521739,0.521739,
0.714286,0.714286,
0.4375,0.5,
0.5,0.625,
0.608696,0.565217,
0.533333,0.533333,
0.8,0.8,
0.62963,0.62963,
0.5,0.466667,
0.538462,0.538462,
0.538462,0.538462,
0.538462,0.461538,
0.545455,0.545455,
0.666667,0.666667,
0.785714,0.714286,
0.652174,0.608696,
0.538462,0.538462,
0.75,0.75,
0.368421,0.368421,
0.5625,0.5625,
0.727273,0.681818,
0.590909,0.590909,
0.454545,0.545455,
0.526316,0.578947,
0.814815,0.740741,
0.375,0.416667,
0.521739,0.521739,
0.75,0.678571,
0.526316,0.631579,
0.47619,0.428571,
0.590909,0.590909,
0.294118,0.294118,
0.4,0.466667,
0.666667,0.7,
0.666667,0.611111,
0.769231,0.730769,
0.380952,0.571429,
0.380952,0.47619,
0.380952,0.428571,
0.315789,0.315789,
0.769231,0.807692,
0.851852,0.851852,
0.461538,0.461538,
0.5,0.571429,
0.526316,0.526316,
0.736842,0.684211,
0.85,0.75,
0.666667,0.666667,
0.555556,0.611111,
0.333333,0.333333,
0.388889,0.333333,
0.75,0.75,
0.761905,0.714286,
0.6,0.6,
0.384615,0.461538,
0.5625,0.5625,
0.642857,0.642857,
0.333333,0.333333,
0.363636,0.363636,
0.588235,0.588235,
0.333333,0.333333,
0.607143,0.642857,
0.833333,0.933333,
0.357143,0.428571,
0.409091,0.454545,
0.692308,0.769231,
0.434783,0.478261,
0.588235,0.588235,
0.7,0.75,
0.68,0.68,
0.68,0.68,
0.56,0.64,
0.433333,0.466667,
0.5,0.5,
0.416667,0.416667,
0.777778,0.777778,
0.73913,0.73913,
0.416667,0.416667,
0.541667,0.5,
0.730769,0.730769,
0.352941,0.470588,
0.611111,0.611111,
0.772727,0.818182,
0.708333,0.708333,
0.619048,0.571429,
0.444444,0.444444,
0.538462,0.538462,
0.5,0.5,
0.454545,0.454545,
0.45,0.45,
0.375,0.4375,
0.761905,0.761905,
0.727273,0.681818,
0.47619,0.47619,
0.47619,0.52381,
0.714286,0.642857,
0.730769,0.730769,
0.653846,0.730769,
0.583333,0.583333,
0.636364,0.590909,
0.827586,0.827586,
0.285714,0.285714,
0.73913,0.73913,
0.692308,0.692308,
0.454545,0.5,
0.571429,0.535714,
0.714286,0.714286,
0.590909,0.590909,
0.375,0.375,
0.652174,0.608696,
0.586207,0.689655,
0.416667,0.375,
0.5,0.5,
0.588235,0.588235,
0.444444,0.444444,
0.333333,0.333333,
0.6,0.56,
0.55,0.55,
0.8,0.92,
0.708333,0.75,
0.653846,0.692308,
0.466667,0.466667,
0.3125,0.3125,
0.777778,0.722222,
0.681818,0.772727,
0.56,0.6,
0.84,0.8,
0.434783,0.478261,
0.583333,0.583333,
0.428571,0.428571,
0.769231,0.769231,
0.8,0.8,
0.521739,0.565217,
0.571429,0.571429,
0.411765,0.352941,
0.607143,0.5,
0.7,0.65,
0.590909,0.590909,
0.666667,0.666667,
0.64,0.68,
0.631579,0.578947,
0.565217,0.565217,
0.769231,0.730769,
0.538462,0.615385,
0.45,0.5,
0.357143,0.357143,
0.611111,0.555556,
0.8,0.75,
0.47619,0.47619,
0.681818,0.681818,
0.73913,0.695652,
0.8,0.8,
0.72,0.76,
0.666667,0.571429,
0.375,0.375,
0.321429,0.321429,
0.619048,0.571429,
0.695652,0.652174,
0.3,0.3,
0.583333,0.583333,
0.678571,0.678571,
0.636364,0.590909,
0.6,0.65,
0.807692,0.769231,
0.84,0.8,
0.363636,0.363636,
0.833333,0.833333,
0.47619,0.47619,
0.454545,0.454545,
0.695652,0.652174,
0.5,0.5,
0.692308,0.692308,
0.666667,0.708333,
0.434783,0.434783,
0.421053,0.526316,
0.793103,0.793103,
0.8,0.8,
0.588235,0.647059,
0.4,0.466667,
0.375,0.375,
0.695652,0.695652,
0.368421,0.368421,
0.740741,0.740741,
0.48,0.44,
0.470588,0.470588,
0.25,0.25,
0.583333,0.625,
0.551724,0.655172,
0.85,0.8,
0.571429,0.571429,
0.352941,0.352941,
0.333333,0.333333,
0.6,0.7,
0.625,0.583333,
0.555556,0.555556,
0.846154,0.769231,
0.740741,0.740741,
0.25,0.25,
0.55,0.55,
0.714286,0.678571,
0.181818,0.181818,
0.652174,0.826087,
0.434783,0.434783,
0.518519,0.518519,
0.608696,0.608696,
0.647059,0.647059,
0.862069,0.862069,
0.607143,0.607143,
0.84,0.72,
0.47619,0.52381,
0.5,0.55,
0.4,0.4,
0.363636,0.363636,
0.73913,0.826087,
0.411765,0.411765,
0.862069,0.862069,
0.75,0.75,
0.52381,0.619048,
0.666667,0.666667,
0.454545,0.409091,
0.375,0.375,
0.642857,0.678571,
0.473684,0.526316,
0.785714,0.821429,
0.481481,0.444444,
0.772727,0.772727,
0.576923,0.615385,
0.473684,0.526316,
0.625,0.625,
0.73913,0.695652,
0.65,0.7,
0.708333,0.75,
0.64,0.64,
0.782609,0.782609,
0.666667,0.703704,
0.6,0.6,
0.6,0.56,
0.4,0.466667,
0.294118,0.235294,
0.727273,0.727273,
0.52381,0.52381,
0.363636,0.409091,
0.678571,0.714286,
0.47619,0.428571,
0.529412,0.411765,
0.740741,0.703704,
0.588235,0.588235,
0.333333,0.333333,
0.5,0.5,
0.578947,0.578947,
0.533333,0.533333,
0.222222,0.222222,
0.642857,0.642857,
0.631579,0.631579,
0.294118,0.294118,
0.45,0.45,
0.555556,0.555556,
0.791667,0.791667,
0.421053,0.315789,
0.592593,0.592593,
0.5,0.5,
0.529412,0.470588,
0.6,0.7,
0.75,0.75,
0.461538,0.538462,
0.631579,0.631579,
0.545455,0.545455,
0.766667,0.766667,
0.5,0.5,
0.5,0.4375,
0.5,0.409091,
0.52381,0.571429,
0.758621,0.758621,
0.56,0.6,
0.473684,0.526316,
0.521739,0.521739,
0.461538,0.461538,
0.478261,0.521739,
0.352941,0.470588,
0.333333,0.4,
0.478261,0.565217,
0.411765,0.352941,
0.428571,0.380952,
0.607143,0.642857,
0.592593,0.555556,
0.714286,0.75,
0.4375,0.4375,
0.666667,0.458333,
0.4375,0.375,
0.652174,0.73913,
0.615385,0.538462,
0.4,0.4,
0.578947,0.526316,
0.434783,0.434783,
0.454545,0.454545,
0.409091,0.409091,
0.521739,0.434783,
0.952381,0.952381,
0.625,0.5625,
0.777778,0.740741,
0.384615,0.461538,
0.466667,0.466667,
0.0909091,0.0909091,
0.5,0.428571,
0.466667,0.466667,
0.263158,0.368421,
0.666667,0.666667,
0.555556,0.592593,
0.625,0.541667,
0.411765,0.352941,
0.652174,0.73913,
0.818182,0.772727,
0.538462,0.538462,
0.5625,0.4375,
0.578947,0.526316,
0.681818,0.727273,
0.545455,0.545455,
0.592593,0.592593,
0.826087,0.826087,
0.740741,0.740741,
0.583333,0.583333,
0.846154,0.807692,
0.6,0.666667,
0.526316,0.526316,
0.666667,0.666667,
0.631579,0.631579,
0.684211,0.736842,
0.533333,0.533333,
0.458333,0.541667,
0.541667,0.541667,
0.4,0.4,
0.47619,0.47619,
0.652174,0.608696,
0.230769,0.230769,
0.565217,0.565217,
0.708333,0.666667,
0.791667,0.708333,
0.608696,0.521739,
0.615385,0.615385,
0.652174,0.608696,
0.666667,0.571429,
0.5,0.4375,
0.692308,0.692308,
0.740741,0.740741,
0.454545,0.454545,
0.411765,0.470588,
0.727273,0.727273,
0.666667,0.666667,
0.545455,0.545455,
0.666667,0.62963,
0.307692,0.230769,
0.555556,0.555556,
0.625,0.625,
0.5,0.5,
0.458333,0.5,
0.357143,0.357143,
0.538462,0.653846,
0.526316,0.473684,
0.375,0.375,
0.827586,0.862069,
0.619048,0.571429,
0.473684,0.631579,
0.6,0.6,
0.814815,0.777778,
0.740741,0.740741,
0.535714,0.607143,
0.5,0.5,
0.75,0.75,
0.631579,0.631579,
0.65,0.7,
0.642857,0.607143,
0.5,0.541667,
0.592593,0.592593,
0.529412,0.529412,
0.380952,0.47619,
0.428571,0.428571,
0.826087,0.826087,
0.5,0.5,
0.421053,0.421053,
0.5,0.5,
0.708333,0.708333,
0.545455,0.545455,
0.52,0.6,
0.416667,0.416667,
0.714286,0.75,
0.758621,0.758621,
0.615385,0.615385,
0.653846,0.653846,
0.4375,0.4375,
0.4,0.4,
0.5625,0.5625,
0.789474,0.736842,
0.689655,0.689655,
0.882353,0.882353,
0.56,0.48,
0.541667,0.541667,
0.5,0.5,
0.461538,0.461538,
0.4,0.4,
0.357143,0.5,
0.25,0.25,
0.769231,0.769231,
0.461538,0.538462,
0.461538,0.423077,
0.5,0.392857,
0.444444,0.407407,
0.347826,0.347826,
0.421053,0.526316,
0.473684,0.473684,
0.695652,0.608696,
0.352941,0.352941,
0.6,0.56,
0.307692,0.307692,
0.666667,0.666667,
0.222222,0.222222,
0.571429,0.642857,
0.740741,0.666667,
0.588235,0.529412,
0.851852,0.814815,
0.6,0.6,
0.363636,0.363636,
0.571429,0.535714,
0.333333,0.333333,
0.72,0.72,
0.5,0.5,
0.5,0.5,
0.538462,0.538462,
0.6,0.52,
0.56,0.56,
0.68,0.64,
0.521739,0.652174,
0.636364,0.590909,
0.764706,0.823529,
0.62069,0.586207,
0.708333,0.708333,
0.785714,0.785714,
0.857143,0.857143,
0.5,0.5,
0.416667,0.416667,
0.625,0.625,
0.631579,0.631579,
0.52,0.52,
0.538462,0.538462,
0.75,0.6875,
0.5625,0.5625,
0.678571,0.678571,
0.724138,0.586207,
0.444444,0.388889,
0.52381,0.47619,
0.608696,0.608696,
0.695652,0.782609,
0.592593,0.62963,
0.571429,0.47619,
0.333333,0.333333,
0.64,0.68,
0.740741,0.740741,
0.65,0.65,
0.75,0.857143,
0.571429,0.571429,
0.772727,0.772727,
0.727273,0.727273,
0.551724,0.586207,
0.526316,0.473684,
0.47619,0.47619,
0.526316,0.526316,
0.678571,0.642857,
0.473684,0.473684,
0.541667,0.583333,
0.681818,0.681818,
0.444444,0.444444,
0.461538,0.461538,
0.647059,0.588235,
0.55,0.65,
0.545455,0.590909,
0.333333,0.333333,
0.6,0.466667,
0.818182,0.772727,
0.727273,0.818182,
0.409091,0.454545,
0.5,0.5,
0.724138,0.724138,
0.428571,0.5,
0.684211,0.684211,
0.384615,0.384615,
0.411765,0.470588,
0.695652,0.73913,
0.444444,0.407407,
0.333333,0.333333,
0.5625,0.5625,
0.352941,0.352941,
0.5,0.5,
0.647059,0.470588,
0.791667,0.875,
0.4,0.466667,
0.235294,0.235294,
0.730769,0.692308,
0.5,0.5,
0.454545,0.5,
0.545455,0.545455,
0.703704,0.740741,
0.666667,0.666667,
0.529412,0.529412,
0.55,0.55,
0.75,0.75,
0.652174,0.652174,
0.5,0.5,
0.75,0.791667,
0.466667,0.466667,
0.653846,0.615385,
0.428571,0.5,
0.428571,0.380952,
0.45,0.5,
0.7,0.7,
0.733333,0.666667,
0.4,0.4,
0.333333,0.333333,
0.565217,0.608696,
0.6,0.6,
0.636364,0.590909,
0.421053,0.421053,
0.730769,0.807692,
0.578947,0.526316,
0.363636,0.363636,
0.708333,0.708333,
0.470588,0.470588,
0.428571,0.428571,
0.583333,0.583333,
0.782609,0.782609,
0.5,0.5,
0.666667,0.666667,
0.384615,0.461538,
0.576923,0.615385,
0.777778,0.777778,
0.555556,0.611111,
0.642857,0.571429,
0.5,0.5,
0.807692,0.769231,
0.461538,0.461538,
0.655172,0.655172,
0.619048,0.666667,
0.826087,0.826087,
0.411765,0.352941,
0.8,0.8,
0.5,0.5,
0.535714,0.535714,
0.666667,0.5,
0.352941,0.352941,
0.5,0.4,
0.647059,0.647059,
0.5,0.5,
0.5,0.5,
0.55,0.6,
0.4,0.4,
0.352941,0.352941,
0.862069,0.896552,
0.5,0.5,
0.5625,0.5,
0.535714,0.571429,
0.631579,0.631579,
0.25,0.25,
0.5,0.5,
0.388889,0.388889,
0.4,0.4,
0.823529,0.823529,
0.5625,0.5625,
0.678571,0.785714,
0.384615,0.307692,
0.555556,0.5,
0.5,0.5,
0.388889,0.444444,
0.652174,0.73913,
0.666667,0.611111,
0.307692,0.307692,
0.666667,0.666667,
0.769231,0.692308,
0.5,0.5,
0.368421,0.368421,
0.529412,0.529412,
0.866667,0.866667,
0.727273,0.727273,
0.55,0.6,
0.611111,0.611111,
0.4375,0.4375,
0.4375,0.375,
0.727273,0.772727,
0.333333,0.37037,
0.466667,0.466667,
0.571429,0.571429,
0.727273,0.818182,
0.538462,0.692308,
0.388889,0.444444,
0.862069,0.896552,
0.84,0.84,
0.518519,0.518519,
0.833333,0.833333,
0.55,0.5,
0.6,0.65,
0.611111,0.666667,
0.428571,0.428571,
0.538462,0.615385,
0.846154,0.846154,
0.666667,0.703704,
0.681818,0.636364,
0.714286,0.714286,
0.5,0.4375,
0.75,0.75,
0.652174,0.565217,
0.521739,0.565217,
0.826087,0.826087,
0.428571,0.52381,
0.583333,0.666667,
0.5,0.5,
0.444444,0.444444,
0.5625,0.5,
0.666667,0.666667,
0.85,0.8,
0.76,0.72,
0.764706,0.705882,
0.708333,0.708333,
0.636364,0.545455,
0.793103,0.793103,
0.571429,0.52381,
0.56,0.56,
0.538462,0.538462,
0.727273,0.727273,
0.666667,0.571429,
0.5,0.541667,
0.851852,0.814815,
0.5,0.5,
0.653846,0.769231,
0.85,0.85,
0.689655,0.655172,
0.5,0.5,
0.84,0.76,
0.703704,0.703704,
0.5,0.5,
0.409091,0.545455,
0.64,0.68,
0.466667,0.4,
0.571429,0.571429,
0.407407,0.407407,
0.5,0.4,
0.555556,0.555556,
0.47619,0.47619,
0.75,0.75,
0.55,0.55,
0.636364,0.636364,
0.736842,0.789474,
0.809524,0.761905,
0.608696,0.695652,
0.791667,0.75,
0.827586,0.827586,
0.411765,0.352941,
0.666667,0.62963,
0.666667,0.62963,
0.466667,0.466667,
0.384615,0.384615,
0.352941,0.352941,
0.5,0.5,
0.652174,0.695652,
0.454545,0.5,
0.807692,0.807692,
0.421053,0.473684,
0.761905,0.714286,
0.6,0.533333,
0.611111,0.444444,
0.814815,0.777778,
0.592593,0.555556,
0.666667,0.666667,
0.153846,0.153846,
0.363636,0.363636,
0.5,0.5,
0.458333,0.541667,
0.470588,0.470588,
0.45,0.4,
0.315789,0.315789,
0.5,0.5,
0.473684,0.421053,
0.863636,0.863636,
0.5,0.5,
0.6,0.75,
0.4,0.4,
0.791667,0.791667,
0.666667,0.766667,
0.352941,0.352941,
0.3125,0.3125,
0.75,0.75,
0.782609,0.782609,
0.769231,0.846154,
0.814815,0.814815,
0.545455,0.545455,
0.769231,0.769231,
0.64,0.64,
0.625,0.541667,
0.727273,0.772727,
0.333333,0.333333,
0.809524,0.809524,
0.821429,0.75,
0.681818,0.681818,
0.35,0.4,
0.655172,0.586207,
0.85,0.8,
0.428571,0.428571,
0.466667,0.466667,
0.333333,0.388889,
0.411765,0.470588,
0.777778,0.740741,
0.571429,0.571429,
0.590909,0.545455,
0.538462,0.538462,
0.703704,0.740741,
0.782609,0.782609,
0.73913,0.73913,
0.73913,0.782609,
0.88,0.84,
0.76,0.76,
0.647059,0.705882,
0.35,0.45,
0.611111,0.611111,
0.470588,0.470588,
0.409091,0.409091,
0.727273,0.727273,
0.740741,0.740741,
0.75,0.714286,
0.3125,0.3125,
0.52381,0.52381,
0.473684,0.473684,
0.428571,0.428571,
0.684211,0.684211,
0.761905,0.761905,
0.541667,0.541667,
0.681818,0.727273,
0.461538,0.461538,
0.5,0.454545,
0.521739,0.521739,
0.529412,0.588235,
0.333333,0.428571,
0.833333,0.833333,
0.65,0.75,
0.692308,0.769231,
0.466667,0.466667,
0.44,0.52,
0.45,0.5,
0.588235,0.588235,
0.526316,0.526316,
0.608696,0.608696,
0.352941,0.411765,
0.681818,0.681818,
0.5,0.5,
0.272727,0.272727,
0.740741,0.777778,
0.642857,0.571429,
0.578947,0.578947,
0.5,0.428571,
0.666667,0.611111,
0.764706,0.823529,
0.4375,0.5,
0.533333,0.533333,
0.444444,0.444444,
0.551724,0.482759,
0.545455,0.545455,
0.666667,0.722222,
0.466667,0.466667,
0.333333,0.416667,
0.6,0.52,
0.526316,0.526316,
0.384615,0.384615,
0.64,0.72,
0.84,0.84,
0.55,0.65,
0.411765,0.411765,
0.652174,0.652174,
0.230769,0.230769,
0.821429,0.892857,
0.647059,0.588235,
0.857143,0.75,
0.571429,0.607143,
0.4,0.4,
0.727273,0.772727,
0.333333,0.333333,
0.333333,0.333333,
0.464286,0.464286,
0.5,0.5,
0.590909,0.545455,
0.681818,0.590909,
0.692308,0.653846,
0.740741,0.740741,
0.55,0.6,
0.826087,0.782609,
0.6875,0.75,
0.428571,0.428571,
0.588235,0.647059,
0.785714,0.821429,
0.619048,0.52381,
0.84,0.88,
0.47619,0.47619,
0.428571,0.357143,
0.705882,0.705882,
0.631579,0.631579,
0.681818,0.545455,
0.666667,0.666667,
0.590909,0.636364,
0.55,0.55,
0.535714,0.571429,
0.692308,0.576923,
0.5625,0.4375,
0.689655,0.689655,
0.454545,0.454545,
0.222222,0.277778,
0.526316,0.473684,
0.666667,0.555556,
0.6,0.55,
0.411765,0.411765,
0.470588,0.529412,
0.333333,0.333333,
0.466667,0.4,
0.470588,0.529412,
0.631579,0.631579,
0.48,0.56,
0.481481,0.444444,
0.666667,0.619048,
0.285714,0.285714,
0.388889,0.388889,
0.724138,0.689655,
0.421053,0.421053,
0.64,0.6,
0.642857,0.642857,
0.4,0.4,
0.782609,0.782609,
0.625,0.625,
0.851852,0.777778,
0.923077,0.923077,
0.6,0.633333,
0.529412,0.411765,
0.375,0.375,
0.821429,0.785714,
0.8,0.84,
0.8,0.8,
0.533333,0.533333,
0.625,0.625,
0.35,0.3,
0.45,0.5,
0.545455,0.545455,
0.8,0.8,
0.703704,0.666667,
0.473684,0.473684,
0.461538,0.538462,
0.52,0.52,
0.5,0.458333,
0.352941,0.352941,
0.75,0.75,
0.5,0.5625,
0.789474,0.789474,
0.473684,0.473684,
0.461538,0.461538,
0.473684,0.473684,
0.25,0.25,
0.708333,0.708333,
0.444444,0.444444,
0.388889,0.444444,
0.821429,0.785714,
0.454545,0.454545,
0.705882,0.705882,
0.5625,0.625,
0.428571,0.428571,
0.538462,0.576923,
0.730769,0.653846,
0.791667,0.791667,
0.421053,0.473684,
0.526316,0.578947,
0.4,0.4,
0.347826,0.304348,
0.846154,0.846154,
0.478261,0.478261,
0.3,0.25,
0.565217,0.695652,
0.272727,0.272727,
0.571429,0.571429,
0.571429,0.619048,
0.5,0.5,
0.55,0.55,
0.272727,0.272727,
0.545455,0.545455,
0.666667,0.666667,
0.619048,0.666667,
0.388889,0.444444,
0.5,0.5,
0.588235,0.588235,
0.55,0.55,
0.666667,0.592593,
0.636364,0.681818,
0.76,0.72,
0.5,0.55,
0.45,0.45,
0.230769,0.153846,
0.466667,0.466667,
0.407407,0.518519,
0.470588,0.470588,
0.444444,0.277778,
0.526316,0.526316,
0.409091,0.409091,
0.352941,0.352941,
0.636364,0.636364,
0.521739,0.565217,
0.166667,0.166667,
0.608696,0.695652,
0.736842,0.684211,
0.695652,0.695652,
0.736842,0.736842,
0.473684,0.473684,
0.571429,0.619048,
0.75,0.785714,
0.52,0.56,
0.75,0.857143,
0.538462,0.538462,
0.555556,0.611111,
0.277778,0.333333,
0.4,0.4,
0.583333,0.583333,
0.214286,0.214286,
0.769231,0.769231,
0.52,0.52,
0.5,0.5,
0.416667,0.416667,
0.5,0.541667,
0.592593,0.555556,
0.6,0.6,
0.2,0.2,
0.529412,0.529412,
0.368421,0.368421,
0.423077,0.384615,
0.666667,0.666667,
0.5,0.576923,
0.846154,0.846154,
0.409091,0.363636,
0.807692,0.846154,
0.416667,0.416667,
0.464286,0.428571,
0.730769,0.730769,
0.714286,0.75,
0.1875,0.1875,
0.555556,0.481481,
0.5625,0.5625,
0.466667,0.6,
0.555556,0.518519,
0.73913,0.73913,
0.5625,0.5625,
0.851852,0.851852,
0.791667,0.75,
0.8,0.72,
0.333333,0.333333,
0.703704,0.62963,
0.25,0.25,
0.55,0.65,
0.375,0.3125,
0.76,0.72,
0.333333,0.4,
0.75,0.75,
0.761905,0.761905,
0.703704,0.666667,
0.608696,0.608696,
0.8,0.8,
0.611111,0.611111,
0.578947,0.578947,
0.470588,0.529412,
0.625,0.666667,
0.470588,0.470588,
0.4,0.4,
0.333333,0.333333,
0.571429,0.52381,
0.464286,0.464286,
0.733333,0.666667,
0.76,0.84,
0.391304,0.565217,
0.461538,0.538462,
0.541667,0.541667,
0.45,0.45,
0.551724,0.551724,
0.25,0.3125,
0.333333,0.333333,
0.62963,0.555556,
0.5,0.454545,
0.571429,0.571429,
0.266667,0.266667,
0.727273,0.727273,
0.821429,0.714286,
0.75,0.833333,
0.642857,0.642857,
0.454545,0.454545,
0.388889,0.388889,
0.434783,0.478261,
0.5,0.5,
0.5,0.5,
0.75,0.8,
0.529412,0.470588,
0.764706,0.764706,
0.72,0.72,
0.3,0.3,
0.5,0.571429,
0.791667,0.791667,
0.545455,0.454545,
0.827586,0.827586,
0.411765,0.411765,
0.692308,0.730769,
0.535714,0.571429,
0.45,0.55,
0.411765,0.411765,
0.740741,0.703704,
0.592593,0.518519,
0.4,0.4,
0.9,0.9,
0.814815,0.814815,
0.357143,0.357143,
0.333333,0.333333,
0.444444,0.388889,
0.619048,0.619048,
0.75,0.65,
0.411765,0.588235,
0.740741,0.740741,
0.428571,0.428571,
0.6,0.6,
0.55,0.55,
0.5,0.5,
0.631579,0.631579,
0.809524,0.714286,
0.64,0.68,
0.5,0.388889,
0.2,0.2,
0.652174,0.608696,
0.72,0.76,
0.529412,0.529412,
0.708333,0.708333,
0.708333,0.708333,
0.466667,0.466667,
0.724138,0.655172,
0.470588,0.352941,
0.681818,0.590909,
0.631579,0.578947,
0.703704,0.740741,
0.652174,0.652174,
0.411765,0.411765,
0.6,0.6,
0.571429,0.571429,
0.5,0.5,
0.428571,0.428571,
0.333333,0.333333,
0.357143,0.357143,
0.421053,0.368421,
0.576923,0.538462,
0.4,0.466667,
0.681818,0.590909,
0.72,0.6,
0.529412,0.470588,
0.62963,0.592593,
0.4,0.4,
0.642857,0.607143,
0.666667,0.666667,
0.52381,0.52381,
0.695652,0.608696,
0.5625,0.5625,
0.416667,0.416667,
0.730769,0.730769,
0.708333,0.75,
0.35,0.35,
0.4,0.4,
0.294118,0.352941,
0.625,0.625,
0.666667,0.666667,
0.678571,0.75,
0.333333,0.533333,
0.703704,0.703704,
0.705882,0.705882,
0.555556,0.555556,
0.478261,0.521739,
0.652174,0.652174,
0.5625,0.5625,
0.470588,0.529412,
0.583333,0.583333,
0.68,0.68,
0.666667,0.666667,
0.388889,0.444444,
0.724138,0.655172,
0.714286,0.714286,
0.4,0.4,
0.590909,0.590909,
0.333333,0.333333,
0.518519,0.62963,
0.555556,0.555556,
0.545455,0.545455,
0.555556,0.555556,
0.272727,0.272727,
0.384615,0.461538,
0.642857,0.642857,
0.916667,0.875,
0.454545,0.5,
0.3125,0.3125,
0.333333,0.333333,
0.518519,0.592593,
0.388889,0.5,
0.611111,0.611111,
0.444444,0.444444,
0.277778,0.277778,
0.444444,0.444444,
0.666667,0.714286,
0.428571,0.428571,
0.615385,0.615385,
0.375,0.375,
0.652174,0.608696,
0.636364,0.681818,
0.481481,0.518519,
0.391304,0.478261,
0.375,0.375,
0.478261,0.434783,
0.461538,0.461538,
0.615385,0.615385,
0.357143,0.357143,
0.214286,0.214286,
0.592593,0.592593,
0.64,0.6,
0.571429,0.571429,
0.375,0.375,
0.5,0.541667,
0.666667,0.666667,
0.586207,0.586207,
0.181818,0.181818,
0.375,0.375,
0.4,0.5,
0.857143,0.857143,
0.615385,0.384615,
0.703704,0.703704,
0.5,0.5,
0.466667,0.666667,
0.56,0.64,
0.6,0.733333,
0.736842,0.736842,
0.607143,0.678571,
0.8,0.84,
0.470588,0.470588,
0.571429,0.571429,
0.821429,0.785714,
0.315789,0.315789,
0.473684,0.526316,
0.588235,0.647059,
0.5,0.45,
0.428571,0.428571,
0.809524,0.809524,
0.533333,0.466667,
0.608696,0.565217,
0.5625,0.5625,
0.695652,0.73913,
0.615385,0.615385,
0.541667,0.541667,
0.647059,0.647059,
0.758621,0.793103,
0.5625,0.625,
0.541667,0.541667,
0.333333,0.333333,
0.76,0.8,
0.833333,0.791667,
0.5,0.5,
0.421053,0.368421,
0.444444,0.5,
0.642857,0.571429,
0.72,0.64,
0.5,0.5,
0.6875,0.6875,
0.619048,0.666667,
0.733333,0.733333,
0.818182,0.681818,
0.333333,0.4,
0.736842,0.684211,
0.25,0.333333,
0.3125,0.3125,
0.52381,0.52381,
0.571429,0.714286,
0.76,0.76,
0.75,0.714286,
0.333333,0.333333,
0.583333,0.583333,
0.695652,0.782609,
0.6,0.6,
0.555556,0.555556,
0.307692,0.384615,
0.64,0.64,
0.75,0.75,
0.821429,0.892857,
0.62963,0.666667,
0.652174,0.695652,
0.5,0.55,
0.538462,0.615385,
0.565217,0.434783,
0.576923,0.576923,
0.478261,0.478261,
0.5,0.5,
0.368421,0.368421,
0.518519,0.555556,
0.75,0.75,
0.4,0.4,
0.4,0.4,
0.384615,0.461538,
0.56,0.52,
0.578947,0.578947,
0.625,0.5625,
0.47619,0.428571,
0.538462,0.576923,
0.473684,0.473684,
0.5,0.538462,
0.785714,0.785714,
0.375,0.375,
0.352941,0.352941,
0.470588,0.470588,
0.615385,0.615385,
0.285714,0.357143,
0.678571,0.785714,
0.583333,0.583333,
0.352941,0.352941,
0.461538,0.538462,
0.5,0.5,
0.518519,0.62963,
0.653846,0.653846,
0.615385,0.692308,
0.428571,0.428571,
0.592593,0.592593,
0.5,0.428571,
0.5,0.535714,
0.666667,0.62963,
0.65,0.65,
0.583333,0.5,
0.761905,0.809524,
0.588235,0.588235,
0.681818,0.590909,
0.533333,0.533333,
0.652174,0.652174,
0.375,0.375,
0.681818,0.681818,
0.793103,0.793103,
0.388889,0.444444,
0.571429,0.571429,
0.714286,0.75,
0.7,0.75,
0.388889,0.555556,
0.473684,0.421053,
0.714286,0.642857,
0.708333,0.708333,
0.65,0.65,
0.4,0.4,
0.478261,0.521739,
0.48,0.56,
0.3125,0.3125,
0.625,0.625,
0.444444,0.5,
0.571429,0.571429,
0.5,0.545455,
0.608696,0.565217,
0.652174,0.695652,
0.695652,0.695652,
0.533333,0.433333,
0.416667,0.416667,
0.655172,0.793103,
0.666667,0.703704,
0.421053,0.526316,
0.653846,0.653846,
0.555556,0.592593,
0.578947,0.631579,
0.695652,0.695652,
0.6,0.6,
0.666667,0.555556,
0.714286,0.666667,
0.285714,0.285714,
0.461538,0.461538,
0.740741,0.592593,
0.695652,0.695652,
0.607143,0.642857,
0.6,0.6,
0.5,0.5,
0.782609,0.782609,
0.4375,0.4375,
0.708333,0.625,
0.52381,0.619048,
0.608696,0.521739,
0.607143,0.678571,
0.307692,0.384615,
0.478261,0.521739,
0.333333,0.333333,
0.583333,0.583333,
0.814815,0.814815,
0.708333,0.75,
0.608696,0.608696,
0.55,0.55,
0.571429,0.5,
0.333333,0.277778,
0.521739,0.521739,
0.411765,0.411765,
0.653846,0.653846,
0.740741,0.740741,
0.388889,0.333333,
0.388889,0.444444,
0.73913,0.73913,
0.708333,0.708333,
0.631579,0.578947,
0.611111,0.611111,
0.758621,0.827586,
0.777778,0.722222,
0.526316,0.526316,
0.526316,0.526316,
0.714286,0.821429,
0.791667,0.708333,
0.541667,0.541667,
0.470588,0.470588,
0.678571,0.607143,
0.571429,0.571429,
0.48,0.48,
0.666667,0.666667,
0.764706,0.647059,
0.409091,0.363636,
0.653846,0.615385,
0.64,0.6,
0.407407,0.407407,
0.272727,0.272727,
0.714286,0.75,
0.454545,0.454545,
0.52381,0.47619,
0.5,0.5,
0.821429,0.857143,
0.5,0.555556,
0.592593,0.592593,
0.461538,0.538462,
0.678571,0.678571,
0.578947,0.578947,
0.785714,0.785714,
0.363636,0.363636,
0.266667,0.333333,
0.714286,0.714286,
0.444444,0.444444,
0.583333,0.583333,
0.5,0.5,
0.809524,0.857143,
0.388889,0.388889,
0.52381,0.571429,
0.307692,0.307692,
0.666667,0.666667,
0.409091,0.5,
0.736842,0.684211,
0.411765,0.411765,
0.695652,0.652174,
0.307692,0.307692,
0.821429,0.857143,
0.625,0.583333,
0.72,0.72,
0.666667,0.666667,
0.76,0.76,
0.5,0.583333,
0.3,0.3,
0.555556,0.555556,
0.608696,0.695652,
0.5,0.5,
0.631579,0.631579,
0.555556,0.611111,
0.470588,0.411765,
0.588235,0.470588,
0.535714,0.607143,
0.566667,0.6,
0.586207,0.655172,
0.541667,0.541667,
0.533333,0.533333,
0.714286,0.619048,
0.5,0.5,
0.708333,0.75,
0.75,0.75,
0.782609,0.782609,
0.636364,0.636364,
0.722222,0.777778,
0.875,0.875,
0.833333,0.833333,
0.352941,0.352941,
0.45,0.5,
0.666667,0.625,
0.571429,0.571429,
0.793103,0.724138,
0.5,0.5,
0.6,0.56,
0.357143,0.428571,
0.777778,0.777778,
0.588235,0.529412,
0.714286,0.761905,
0.631579,0.631579,
0.666667,0.62963,
0.518519,0.555556,
0.318182,0.363636,
0.47619,0.47619,
0.6,0.6,
0.823529,0.764706,
0.791667,0.791667,
0.846154,0.769231,
0.619048,0.619048,
0.466667,0.4,
0.703704,0.777778,
0.55,0.55,
0.411765,0.411765,
0.307692,0.307692,
0.466667,0.4,
0.4,0.333333,
0.526316,0.526316,
0.583333,0.5,
0.833333,0.791667,
0.761905,0.809524,
0.125,0.125,
0.727273,0.727273,
0.75,0.75,
0.454545,0.454545,
0.846154,0.730769,
0.5,0.5,
0.666667,0.666667,
0.68,0.64,
0.315789,0.315789,
0.4,0.4,
0.5,0.55,
0.642857,0.642857,
0.75,0.75,
0.52,0.52,
0.4375,0.4375,
0.363636,0.272727,
0.666667,0.703704,
0.307692,0.307692,
0.65,0.65,
0.333333,0.4,
0.4,0.4,
0.5,0.5,
0.3125,0.25,
0.826087,0.782609,
0.85,0.8,
0.608696,0.521739,
0.533333,0.6,
0.84,0.8,
0.7,0.65,
0.666667,0.666667,
0.681818,0.681818,
0.769231,0.769231,
0.52381,0.571429,
0.64,0.68,
0.692308,0.730769,
0.4375,0.4375,
0.461538,0.461538,
0.5,0.583333,
0.807692,0.846154,
0.76,0.72,
0.714286,0.714286,
0.615385,0.692308,
0.695652,0.73913,
0.736842,0.684211,
0.652174,0.652174,
0.461538,0.461538,
0.8,0.8,
0.714286,0.714286,
0.727273,0.727273,
0.56,0.6,
0.625,0.5625,
0.681818,0.590909,
0.521739,0.478261,
0.851852,0.851852,
0.631579,0.631579,
0.464286,0.5,
0.5,0.5,
0.76,0.8,
0.666667,0.708333,
0.6875,0.625,
0.611111,0.666667,
0.75,0.678571,
0.5,0.555556,
0.736842,0.684211,
0.653846,0.653846,
0.607143,0.678571,
0.625,0.458333,
0.608696,0.521739,
0.588235,0.588235,
0.214286,0.214286,
0.5625,0.5625,
0.708333,0.625,
0.590909,0.681818,
0.588235,0.588235,
0.375,0.375,
0.3,0.3,
0.407407,0.407407,
0.636364,0.590909,
0.842105,0.842105,
0.333333,0.4,
0.611111,0.666667,
0.357143,0.357143,
0.708333,0.666667,
0.533333,0.533333,
0.666667,0.8,
0.421053,0.421053,
0.761905,0.809524,
0.730769,0.769231,
0.65,0.7,
0.75,0.75,
0.7,0.7,
0.4,0.4,
0.5,0.555556,
0.777778,0.777778,
0.8,0.84,
0.3125,0.375,
0.705882,0.705882,
0.541667,0.458333,
0.862069,0.862069,
0.411765,0.411765,
0.611111,0.611111,
0.578947,0.578947,
0.407407,0.407407,
0.65,0.7,
0.541667,0.458333,
0.772727,0.727273,
0.692308,0.807692,
0.411765,0.411765,
0.454545,0.5,
0.758621,0.724138,
0.695652,0.73913,
0.76,0.76,
0.789474,0.789474,
0.733333,0.733333,
0.285714,0.285714,
0.85,0.85,
0.52381,0.52381,
0.615385,0.730769,
0.5,0.5,
0.466667,0.6,
0.625,0.583333,
0.62963,0.62963,
0.761905,0.714286,
0.6,0.55,
0.769231,0.846154,
0.391304,0.434783,
0.758621,0.724138,
0.631579,0.578947,
0.266667,0.266667,
0.473684,0.526316,
0.333333,0.333333,
0.652174,0.652174,
0.357143,0.428571,
0.517241,0.655172,
0.3125,0.3125,
0.857143,0.821429,
0.64,0.76,
0.5,0.625,
0.588235,0.588235,
0.384615,0.423077,
0.517241,0.551724,
0.3,0.3,
0.481481,0.518519,
0.363636,0.363636,
0.565217,0.608696,
0.461538,0.461538,
0.8,0.8,
0.684211,0.684211,
0.65,0.65,
0.6,0.533333,
0.4375,0.4375,
0.4375,0.4375,
0.272727,0.272727,
0.375,0.4375,
0.285714,0.357143,
0.772727,0.727273,
0.375,0.375,
0.827586,0.793103,
0.411765,0.294118,
0.4375,0.5,
0.727273,0.727273,
0.62963,0.592593,
0.571429,0.619048,
0.482759,0.517241,
0.647059,0.588235,
0.684211,0.684211,
0.642857,0.607143,
0.730769,0.653846,
0.571429,0.535714,
0.578947,0.631579,
0.578947,0.526316,
0.6,0.65,
0.666667,0.555556,
0.714286,0.714286,
0.684211,0.684211,
0.7,0.7,
0.730769,0.653846,
0.714286,0.714286,
0.793103,0.793103,
0.72,0.72,
0.5,0.541667,
0.333333,0.333333,
0.5,0.5,
0.533333,0.533333,
0.5,0.545455,
0.545455,0.5,
0.590909,0.590909,
0.333333,0.333333,
0.571429,0.571429,
0.538462,0.538462,
0.266667,0.333333,
0.65,0.65,
0.611111,0.555556,
0.5,0.541667,
0.611111,0.555556,
0.807692,0.807692,
0.88,0.84,
0.68,0.6,
0.363636,0.454545,
0.4,0.466667,
0.625,0.625,
0.45,0.4,
0.769231,0.769231,
0.652174,0.608696,
0.392857,0.428571,
0.5,0.545455,
0.695652,0.695652,
0.791667,0.75,
0.375,0.375,
0.526316,0.473684,
0.444444,0.444444,
0.72,0.72,
0.5,0.611111,
0.416667,0.416667,
0.555556,0.555556,
0.526316,0.473684,
0.461538,0.461538,
0.607143,0.607143,
0.689655,0.724138,
0.75,0.785714,
0.681818,0.727273,
0.736842,0.631579,
0.5625,0.5625,
0.444444,0.444444,
0.7,0.733333,
0.421053,0.368421,
0.529412,0.470588,
0.666667,0.666667,
0.526316,0.473684,
0.666667,0.62963,
0.5,0.5,
0.533333,0.533333,
0.653846,0.692308,
0.545455,0.545455,
0.608696,0.608696,
0.588235,0.588235,
0.75,0.75,
0.6,0.6,
0.5,0.5,
0.307692,0.307692,
0.625,0.625,
0.615385,0.538462,
0.75,0.8,
0.642857,0.642857,
0.636364,0.636364,
0.571429,0.571429,
0.533333,0.533333,
0.5,0.5625,
0.653846,0.653846,
0.461538,0.384615,
0.68,0.68,
0.583333,0.5,
0.416667,0.416667,
0.470588,0.529412,
0.44,0.44,
0.666667,0.625,
0.384615,0.230769,
0.56,0.6,
0.785714,0.892857,
0.571429,0.571429,
0.769231,0.769231,
0.6,0.6,
0.583333,0.5,
0.315789,0.315789,
0.352941,0.411765,
0.5,0.5,
0.6,0.6,
0.727273,0.727273,
0.689655,0.655172,
0.84,0.84,
0.541667,0.541667,
0.363636,0.363636,
0.7,0.7,
0.652174,0.652174,
0.84,0.84,
0.1875,0.1875,
0.571429,0.571429,
0.884615,0.884615,
0.653846,0.692308,
0.526316,0.473684,
0.47619,0.428571,
0.407407,0.407407,
0.352941,0.352941,
0.647059,0.588235,
0.666667,0.666667,
0.793103,0.793103,
0.357143,0.357143,
0.611111,0.611111,
0.625,0.5625,
0.692308,0.692308,
0.681818,0.727273,
0.8,0.8,
0.6,0.6,
0.73913,0.782609,
0.3125,0.3125,
0.56,0.64,
0.428571,0.428571,
0.454545,0.454545,
0.35,0.35,
0.782609,0.826087,
0.473684,0.473684,
0.37931,0.413793,
0.5,0.458333,
0.352941,0.294118,
0.333333,0.333333,
0.380952,0.428571,
0.478261,0.565217,
0.625,0.583333,
0.333333,0.388889,
0.769231,0.769231,
0.5,0.5,
0.444444,0.444444,
0.52,0.72,
0.666667,0.625,
0.5,0.583333,
0.666667,0.722222,
0.75,0.75,
0.538462,0.615385,
0.5625,0.625,
0.529412,0.529412,
0.4,0.333333,
0.588235,0.764706,
0.777778,0.814815,
0.533333,0.533333,
0.521739,0.521739,
0.769231,0.730769,
0.608696,0.608696,
0.5,0.5,
0.777778,0.777778,
0.473684,0.473684,
0.411765,0.352941,
0.375,0.375,
0.88,0.88,
0.6,0.6,
0.464286,0.428571,
0.758621,0.724138,
0.826087,0.869565,
0.666667,0.666667,
0.333333,0.4,
0.357143,0.357143,
0.533333,0.533333,
0.166667,0.166667,
0.428571,0.5,
0.733333,0.733333,
0.25,0.25,
0.730769,0.692308,
0.85,0.85,
0.62963,0.703704,
0.736842,0.736842,
0.851852,0.888889,
0.5,0.5,
0.851852,0.814815,
0.533333,0.533333,
0.785714,0.75,
0.875,0.791667,
0.655172,0.586207,
0.892857,0.928571,
0.222222,0.222222,
0.681818,0.636364,
0.72,0.64,
0.8,0.84,
0.555556,0.555556,
0.571429,0.535714,
0.470588,0.470588,
0.521739,0.521739,
0.444444,0.518519,
0.703704,0.740741,
0.565217,0.565217,
0.444444,0.388889,
0.4375,0.4375,
0.75,0.714286,
0.692308,0.692308,
0.5,0.5,
0.357143,0.357143,
0.636364,0.590909,
0.761905,0.761905,
0.619048,0.52381,
0.571429,0.571429,
0.470588,0.470588,
0.35,0.35,
0.727273,0.818182,
0.65,0.65,
0.666667,0.666667,
0.681818,0.681818,
0.708333,0.666667,
0.5,0.5,
0.666667,0.666667,
0.76,0.76,
0.571429,0.52381,
0.166667,0.166667,
0.5,0.5625,
0.722222,0.722222,
0.571429,0.619048,
0.714286,0.714286,
0.75,0.7,
0.565217,0.608696,
0.571429,0.642857,
0.56,0.56,
0.421053,0.473684,
0.653846,0.538462,
0.416667,0.416667,
0.789474,0.736842,
0.851852,0.851852,
0.684211,0.736842,
0.666667,0.62963,
0.571429,0.571429,
0.538462,0.538462,
0.357143,0.428571,
0.666667,0.666667,
0.666667,0.611111,
0.76,0.76,
0.526316,0.421053,
0.827586,0.827586,
0.5,0.5,
0.62963,0.62963,
0.461538,0.461538,
0.625,0.625,
0.8,0.84,
0.6,0.533333,
0.807692,0.730769,
0.470588,0.470588,
0.5,0.5,
0.695652,0.73913,
0.64,0.68,
0.352941,0.352941,
0.666667,0.625,
0.526316,0.578947,
0.5,0.5,
0.666667,0.583333,
0.166667,0.166667,
0.64,0.64,
0.454545,0.454545,
0.608696,0.565217,
0.631579,0.631579,
0.375,0.375,
0.608696,0.565217,
0.4,0.4,
0.545455,0.545455,
0.607143,0.535714,
0.45,0.55,
0.925926,0.814815,
0.714286,0.761905,
0.571429,0.535714,
0.791667,0.791667,
0.55,0.5,
0.571429,0.52381,
0.421053,0.421053,
0.653846,0.653846,
0.592593,0.592593,
0.7,0.65,
0.5,0.5,
0.1,0.1,
0.692308,0.692308,
0.352941,0.352941,
0.608696,0.608696,
0.8,0.766667,
0.583333,0.583333,
0.230769,0.230769,
0.833333,0.866667,
0.352941,0.352941,
0.466667,0.466667,
0.571429,0.52381,
0.535714,0.678571,
0.521739,0.521739,
0.5,0.583333,
0.375,0.5,
0.272727,0.272727,
0.631579,0.631579,
0.533333,0.6,
0.666667,0.625,
0.611111,0.611111,
0.466667,0.466667,
0.4,0.4,
0.75,0.821429,
0.4,0.35,
0.538462,0.461538,
0.52381,0.619048,
0.538462,0.538462,
0.538462,0.5,
0.666667,0.666667,
0.473684,0.473684,
0.708333,0.75,
0.772727,0.818182,
0.5,0.642857,
0.931034,0.965517,
0.5,0.428571,
0.636364,0.590909,
0.625,0.6875,
0.294118,0.294118,
0.4375,0.4375,
0.5,0.4,
0.75,0.75,
0.62069,0.586207,
0.4,0.4,
0.666667,0.666667,
0.826087,0.782609,
0.740741,0.740741,
0.769231,0.769231,
0.375,0.375,
0.625,0.666667,
0.75,0.75,
0.4375,0.4375,
0.68,0.64,
0.333333,0.333333,
0.677419,0.741935,
0.153846,0.153846,
0.2,0.2,
0.689655,0.724138,
0.703704,0.703704,
0.636364,0.590909,
0.461538,0.461538,
0.72,0.72,
0.3125,0.3125,
0.73913,0.695652,
0.666667,0.583333,
0.428571,0.47619,
0.727273,0.727273,
0.52381,0.571429,
0.4375,0.4375,
0.4,0.4,
0.411765,0.470588,
0.7,0.733333,
0.666667,0.666667,
0.5,0.5,
0.578947,0.578947,
0.571429,0.571429,
0.535714,0.464286,
0.5,0.5,
0.230769,0.230769,
0.294118,0.352941,
0.6,0.533333,
0.619048,0.666667,
0.68,0.8,
0.9,0.9,
0.55,0.6,
0.689655,0.655172,
0.708333,0.708333,
0.818182,0.818182,
0.85,0.8,
0.576923,0.615385,
0.814815,0.814815,
0.607143,0.678571,
0.333333,0.388889,
0.416667,0.416667,
0.448276,0.482759,
0.789474,0.736842,
0.851852,0.814815,
0.619048,0.47619,
0.73913,0.782609,
0.64,0.68,
0.333333,0.333333,
0.5,0.5,
0.473684,0.526316,
0.631579,0.631579,
0.736842,0.736842,
0.555556,0.555556,
0.684211,0.684211,
0.724138,0.655172,
0.8,0.75,
0.48,0.52,
0.666667,0.583333,
0.421053,0.421053,
0.4,0.466667,
0.592593,0.555556,
0.666667,0.5,
0.892857,0.785714,
0.692308,0.692308,
0.347826,0.391304,
0.235294,0.294118,
0.5,0.458333,
0.653846,0.653846,
0.272727,0.272727,
0.416667,0.333333,
0.5,0.55,
0.724138,0.758621,
0.357143,0.357143,
0.642857,0.642857,
0.64,0.6,
0.388889,0.388889,
0.777778,0.777778,
0.814815,0.814815,
0.470588,0.470588,
0.526316,0.473684,
0.647059,0.647059,
0.166667,0.166667,
0.529412,0.588235,
0.681818,0.636364,
0.611111,0.611111,
0.733333,0.6,
0.388889,0.444444,
0.5,0.5,
0.714286,0.75,
0.266667,0.266667,
0.608696,0.652174,
0.65,0.65,
0.736842,0.631579,
0.363636,0.363636,
0.608696,0.521739,
0.388889,0.388889,
0.636364,0.636364,
0.65,0.6,
0.529412,0.470588,
0.285714,0.333333,
0.181818,0.181818,
0.5,0.5,
0.230769,0.230769,
0.533333,0.466667,
0.777778,0.777778,
0.636364,0.636364,
0.52381,0.571429,
0.315789,0.315789,
0.84,0.8,
0.428571,0.428571,
0.666667,0.722222,
0.869565,0.782609,
0.411765,0.352941,
0.761905,0.761905,
0.461538,0.538462,
0.64,0.72,
0.857143,0.761905,
0.714286,0.75,
0.375,0.375,
0.65,0.6,
0.571429,0.52381,
0.470588,0.470588,
0.653846,0.615385,
0.5,0.5,
0.4,0.45,
0.714286,0.714286,
0.592593,0.62963,
0.652174,0.652174,
0.333333,0.333333,
0.5,0.5,
0.52381,0.52381,
0.416667,0.416667,
0.555556,0.5,
0.75,0.75,
0.65,0.7,
0.307692,0.384615,
0.851852,0.851852,
0.916667,0.833333,
0.526316,0.578947,
0.722222,0.722222,
0.586207,0.655172,
0.740741,0.740741,
0.888889,0.851852,
0.48,0.44,
0.636364,0.590909,
0.444444,0.444444,
0.5625,0.5,
0.684211,0.736842,
0.647059,0.647059,
0.416667,0.416667,
0.565217,0.565217,
0.454545,0.409091,
0.652174,0.652174,
0.576923,0.615385,
0.631579,0.578947,
0.625,0.6875,
0.272727,0.272727,
0.5,0.416667,
0.785714,0.714286,
0.5,0.55,
0.529412,0.470588,
0.64,0.64,
0.45,0.45,
0.6,0.65,
0.730769,0.730769,
0.44,0.44,
0.5,0.444444,
0.736842,0.736842,
0.470588,0.470588,
0.565217,0.521739,
0.652174,0.652174,
0.565217,0.608696,
0.357143,0.428571,
0.409091,0.409091,
0.68,0.64,
0.695652,0.695652,
0.68,0.68,
0.807692,0.846154,
0.6,0.5,
0.777778,0.703704,
0.357143,0.428571,
0.363636,0.363636,
0.875,0.875,
0.545455,0.590909,
0.608696,0.608696,
0.541667,0.541667,
0.538462,0.538462,
0.608696,0.565217,
0.793103,0.827586,
0.684211,0.736842,
0.827586,0.896552,
0.571429,0.619048,
0.666667,0.666667,
0.416667,0.416667,
0.388889,0.444444,
0.681818,0.681818,
0.428571,0.428571,
0.727273,0.727273,
0.590909,0.590909,
0.533333,0.6,
0.5,0.5,
0.916667,0.833333,
0.2,0.2,
0.423077,0.461538,
0.75,0.75,
0.5,0.5625,
0.363636,0.363636,
0.814815,0.814815,
0.695652,0.73913,
0.846154,0.807692,
0.766667,0.766667,
0.2,0.2,
0.76,0.76,
0.6875,0.6875,
0.470588,0.470588,
0.526316,0.631579,
0.588235,0.647059,
0.4,0.4,
0.434783,0.434783,
0.6,0.56,
0.375,0.375,
0.7,0.65,
0.458333,0.458333,
0.352941,0.411765,
0.611111,0.555556,
0.642857,0.642857,
0.434783,0.434783,
0.272727,0.272727,
0.714286,0.666667,
0.730769,0.653846,
0.636364,0.636364,
0.653846,0.653846,
0.862069,0.862069,
0.714286,0.714286,
0.733333,0.733333,
0.535714,0.535714,
0.666667,0.666667,
0.52,0.48,
0.583333,0.541667,
0.521739,0.521739,
0.666667,0.714286,
0.791667,0.791667,
0.571429,0.571429,
0.7,0.75,
0.761905,0.809524,
0.473684,0.421053,
0.571429,0.571429,
0.647059,0.647059,
0.666667,0.722222,
0.307692,0.230769,
0.666667,0.666667,
0.681818,0.636364,
0.571429,0.571429,
0.388889,0.388889,
0.47619,0.47619,
0.708333,0.666667,
0.428571,0.464286,
0.766667,0.833333,
0.473684,0.473684,
0.833333,0.9,
0.62069,0.586207,
0.5,0.6,
0.76,0.72,
0.714286,0.714286,
0.454545,0.454545,
0.25,0.25,
0.666667,0.619048,
0.583333,0.583333,
0.421053,0.368421,
0.588235,0.647059,
0.458333,0.458333,
0.517241,0.586207,
0.576923,0.615385,
0.633333,0.666667,
0.428571,0.357143,
0.538462,0.538462,
0.4375,0.375,
0.588235,0.529412,
0.470588,0.470588,
0.714286,0.714286,
0.625,0.541667,
0.647059,0.647059,
0.333333,0.333333,
0.5,0.5,
0.75,0.7,
0.565217,0.565217,
0.555556,0.555556,
0.64,0.64,
0.769231,0.769231,
0.714286,0.714286,
0.25,0.25,
0.777778,0.833333,
0.47619,0.47619,
0.73913,0.73913,
0.588235,0.470588,
0.611111,0.611111,
0.833333,0.75,
0.272727,0.272727,
0.333333,0.333333,
0.5,0.428571,
0.821429,0.785714,
0.5,0.5,
0.571429,0.619048,
0.875,0.833333,
0.703704,0.703704,
0.608696,0.652174,
0.6875,0.6875,
0.913043,0.913043,
0.590909,0.590909,
0.72,0.68,
0.363636,0.363636,
0.388889,0.388889,
0.518519,0.62963,
0.708333,0.666667,
0.555556,0.444444,
0.647059,0.588235,
0.615385,0.615385,
0.578947,0.736842,
0.538462,0.538462,
0.611111,0.555556,
0.777778,0.740741,
0.590909,0.545455,
0.678571,0.714286,
0.428571,0.285714,
0.740741,0.740741,
0.571429,0.619048,
0.666667,0.583333,
0.526316,0.526316,
0.681818,0.636364,
0.75,0.75,
0.727273,0.727273,
0.388889,0.388889,
0.541667,0.541667,
0.625,0.625,
0.333333,0.333333,
0.473684,0.473684,
0.666667,0.666667,
0.4,0.4,
0.578947,0.578947,
0.481481,0.481481,
0.692308,0.692308,
0.466667,0.6,
0.352941,0.352941,
0.526316,0.526316,
0.388889,0.444444,
0.636364,0.545455,
0.3125,0.3125,
0.555556,0.666667,
0.75,0.785714,
0.833333,0.833333,
0.352941,0.411765,
0.652174,0.695652,
0.772727,0.681818,
0.590909,0.590909,
0.571429,0.52381,
0.7,0.7,
0.4,0.4,
0.526316,0.578947,
0.5,0.5,
0.352941,0.470588,
0.6,0.6,
0.6,0.65,
0.62069,0.517241,
0.6,0.6,
0.678571,0.607143,
0.272727,0.272727,
0.666667,0.708333,
0.375,0.375,
0.814815,0.777778,
0.444444,0.444444,
0.428571,0.5,
0.722222,0.666667,
0.566667,0.533333,
0.571429,0.642857,
0.821429,0.75,
0.363636,0.363636,
0.818182,0.818182,
0.5,0.5,
0.571429,0.47619,
0.653846,0.692308,
0.555556,0.444444,
0.578947,0.578947,
0.821429,0.857143,
0.642857,0.571429,
0.68,0.64,
0.571429,0.5,
0.655172,0.655172,
0.5,0.5,
0.473684,0.473684,
0.611111,0.611111,
0.181818,0.181818,
0.6875,0.6875,
0.444444,0.5,
0.857143,0.761905,
0.433333,0.5,
0.4,0.4,
0.724138,0.724138,
0.772727,0.727273,
0.333333,0.333333,
0.85,0.8,
0.703704,0.740741,
0.533333,0.533333,
0.6875,0.6875,
0.473684,0.421053,
0.481481,0.555556,
0.75,0.708333,
0.722222,0.722222,
0.533333,0.533333,
0.5,0.5,
0.608696,0.478261,
0.2,0.2,
0.65,0.65,
0.793103,0.793103,
0.636364,0.590909,
0.666667,0.555556,
0.352941,0.411765,
0.730769,0.769231,
0.571429,0.52381,
0.466667,0.466667,
0.863636,0.818182,
0.611111,0.722222,
0.55,0.55,
0.421053,0.473684,
0.619048,0.666667,
0.722222,0.666667,
0.222222,0.222222,
0.625,0.583333,
0.769231,0.769231,
0.470588,0.470588,
0.740741,0.703704,
0.789474,0.736842,
0.565217,0.565217,
0.5,0.461538,
0.705882,0.705882,
0.615385,0.692308,
0.611111,0.611111,
0.411765,0.411765,
0.678571,0.714286,
0.363636,0.363636,
0.473684,0.368421,
0.647059,0.647059,
0.615385,0.653846,
0.666667,0.611111,
0.571429,0.571429,
0.5,0.5,
0.388889,0.388889,
0.428571,0.428571,
0.653846,0.692308,
0.428571,0.428571,
0.571429,0.714286,
0.925926,0.851852,
0.466667,0.466667,
0.578947,0.578947,
0.666667,0.571429,
0.4,0.4,
0.631579,0.578947,
0.565217,0.608696,
0.65,0.65,
0.777778,0.777778,
0.653846,0.653846,
0.666667,0.666667,
0.653846,0.653846,
0.4,0.4,
0.625,0.625,
0.740741,0.740741,
0.318182,0.409091,
0.636364,0.727273,
0.352941,0.411765,
0.592593,0.555556,
0.769231,0.769231,
0.307692,0.307692,
0.695652,0.695652,
0.785714,0.785714,
0.416667,0.5,
0.76,0.76,
0.666667,0.666667,
0.48,0.6,
0.555556,0.611111,
0.6,0.6,
0.714286,0.785714,
0.653846,0.692308,
0.777778,0.740741,
0.65,0.75,
0.666667,0.666667,
0.4375,0.4375,
0.615385,0.538462,
0.48,0.48,
0.619048,0.571429,
0.5,0.545455,
0.631579,0.578947,
0.466667,0.466667,
0.703704,0.703704,
0.636364,0.590909,
0.352941,0.411765,
0.454545,0.545455,
0.5625,0.5625,
0.576923,0.538462,
0.76,0.76,
0.736842,0.631579,
0.473684,0.473684,
0.833333,0.833333,
0.851852,0.888889,
0.222222,0.222222,
0.428571,0.428571,
0.4,0.4,
0.636364,0.636364,
0.333333,0.333333,
0.545455,0.590909,
0.833333,0.875,
0.4,0.4,
0.869565,0.869565,
0.590909,0.545455,
0.708333,0.708333,
0.222222,0.222222,
0.64,0.64,
0.25,0.25,
0.357143,0.357143,
0.473684,0.473684,
0.652174,0.652174,
0.388889,0.388889,
0.588235,0.588235,
0.533333,0.6,
0.571429,0.47619,
0.7,0.7,
0.4375,0.4375,
0.470588,0.470588,
0.4375,0.4375,
0.5,0.5,
0.608696,0.652174,
0.454545,0.545455,
0.793103,0.793103,
0.777778,0.703704,
0.592593,0.555556,
0.68,0.72,
0.5625,0.5625,
0.862069,0.862069,
0.84,0.8,
0.826087,0.782609,
0.4375,0.4375,
0.545455,0.636364,
0.695652,0.695652,
0.736842,0.736842,
0.380952,0.47619,
0.25,0.25,
0.766667,0.766667,
0.636364,0.545455,
0.758621,0.724138,
0.772727,0.727273,
0.8,0.666667,
0.818182,0.772727,
0.47619,0.47619,
0.666667,0.541667,
0.62069,0.758621,
0.730769,0.730769,
0.875,0.833333,
0.6875,0.6875,
0.25,0.25,
0.608696,0.608696,
0.666667,0.666667,
0.821429,0.785714,
0.4,0.4,
0.807692,0.807692,
0.5,0.444444,
0.5,0.5,
0.5,0.5,
0.72,0.76,
0.588235,0.588235,
0.333333,0.333333,
0.363636,0.363636,
0.388889,0.388889,
0.529412,0.411765,
0.730769,0.730769,
0.72,0.76,
0.736842,0.736842,
0.65,0.6,
0.526316,0.526316,
0.615385,0.615385,
0.466667,0.466667,
0.454545,0.636364,
0.583333,0.541667,
0.68,0.56,
0.428571,0.428571,
0.703704,0.740741,
0.782609,0.782609,
0.826087,0.826087,
0.789474,0.842105,
0.363636,0.454545,
0.684211,0.684211,
0.5,0.555556,
0.45,0.45,
0.807692,0.807692,
0.8,0.8,
0.6,0.65,
0.357143,0.357143,
0.55,0.55,
0.666667,0.666667,
0.75,0.75,
0.76,0.8,
0.733333,0.733333,
0.444444,0.444444,
0.4,0.4,
0.5,0.6,
0.695652,0.652174,
0.818182,0.818182,
0.625,0.625,
0.608696,0.652174,
0.551724,0.551724,
0.454545,0.454545,
0.583333,0.583333,
0.470588,0.529412,
0.68,0.64,
0.5,0.555556,
0.428571,0.47619,
0.535714,0.571429,
0.375,0.375,
0.631579,0.631579,
0.578947,0.578947,
0.482759,0.448276,
0.714286,0.714286,
0.642857,0.642857,
0.411765,0.470588,
0.7,0.75,
0.461538,0.384615,
0.5,0.45,
0.5,0.5,
0.375,0.375,
0.578947,0.526316,
0.5,0.5,
0.7,0.7,
0.5,0.5625,
0.857143,0.714286,
0.4,0.466667,
0.769231,0.807692,
0.689655,0.689655,
0.8,0.84,
0.9,0.8,
0.545455,0.545455,
0.615385,0.615385,
0.55,0.5,
0.75,0.75,
0.230769,0.230769,
0.526316,0.578947,
0.592593,0.62963,
0.68,0.72,
0.689655,0.655172,
0.333333,0.333333,
0.4375,0.4375,
0.689655,0.724138,
0.590909,0.681818,
0.5,0.4,
0.652174,0.652174,
0.692308,0.730769,
0.7,0.7,
0.684211,0.684211,
0.266667,0.266667,
0.578947,0.526316,
0.363636,0.363636,
0.62963,0.62963,
0.368421,0.368421,
0.541667,0.583333,
0.5,0.4375,
0.368421,0.421053,
0.533333,0.533333,
0.388889,0.388889,
0.68,0.72,
0.526316,0.526316,
0.384615,0.384615,
0.571429,0.571429,
0.565217,0.521739,
0.5,0.5,
0.333333,0.333333,
0.666667,0.714286,
0.461538,0.5,
0.736842,0.736842,
0.555556,0.518519,
0.714286,0.678571,
0.5,0.6,
0.814815,0.777778,
0.5,0.5,
0.708333,0.75,
0.652174,0.608696,
0.68,0.76,
0.470588,0.529412,
0.647059,0.647059,
0.64,0.6,
0.7,0.65,
0.466667,0.466667,
0.708333,0.666667,
0.545455,0.545455,
0.535714,0.535714,
0.730769,0.769231,
0.222222,0.222222,
0.75,0.791667,
0.4375,0.4375,
0.555556,0.555556,
0.6,0.7,
0.45,0.4,
0.64,0.64,
0.653846,0.653846,
0.277778,0.277778,
0.5,0.5,
0.48,0.52,
0.272727,0.272727,
0.4,0.4,
0.4,0.4,
0.636364,0.681818,
0.545455,0.545455,
0.357143,0.357143,
0.434783,0.434783,
0.4,0.4,
0.625,0.625,
0.363636,0.363636,
0.36,0.36,
0.703704,0.703704,
0.333333,0.333333,
0.777778,0.722222,
0.307692,0.307692,
0.5,0.5625,
0.636364,0.636364,
0.466667,0.466667,
0.708333,0.708333,
0.222222,0.222222,
0.5,0.5,
0.791667,0.75,
0.526316,0.526316,
0.588235,0.588235,
0.708333,0.708333,
0.375,0.3125,
0.4,0.4,
0.909091,0.863636,
0.65,0.7,
0.583333,0.541667,
0.388889,0.388889,
0.375,0.375,
0.555556,0.555556,
0.5,0.625,
0.590909,0.636364,
0.608696,0.521739,
0.6,0.6,
0.5,0.555556,
0.625,0.625,
0.571429,0.47619,
0.758621,0.793103,
0.857143,0.857143,
0.538462,0.538462,
0.666667,0.619048,
0.517241,0.517241,
0.727273,0.727273,
0.411765,0.411765,
0.230769,0.230769,
0.6,0.6,
0.4375,0.4375,
0.538462,0.615385,
0.5,0.571429,
0.4,0.4,
0.736842,0.736842,
0.769231,0.769231,
0.736842,0.736842,
0.538462,0.538462,
0.652174,0.73913,
0.727273,0.636364,
0.758621,0.793103,
0.52381,0.52381,
0.666667,0.708333,
0.736842,0.684211,
0.5,0.416667,
0.538462,0.5,
0.3125,0.375,
0.444444,0.5,
0.5,0.454545,
0.666667,0.666667,
0.666667,0.666667,
0.578947,0.578947,
0.736842,0.736842,
0.529412,0.529412,
0.684211,0.578947,
0.473684,0.473684,
0.636364,0.636364,
0.931034,0.862069,
0.72,0.72,
0.62963,0.592593,
0.625,0.583333,
0.684211,0.684211,
0.652174,0.695652,
0.736842,0.789474,
0.714286,0.75,
0.785714,0.785714,
0.4,0.4,
0.666667,0.666667,
0.444444,0.444444,
0.708333,0.666667,
0.47619,0.52381,
0.521739,0.565217,
0.0769231,0.0769231,
0.357143,0.357143,
0.681818,0.636364,
0.333333,0.333333,
0.4,0.4,
0.533333,0.733333,
0.470588,0.470588,
0.75,0.678571,
0.5,0.4375,
0.631579,0.631579,
0.689655,0.655172,
0.428571,0.5,
0.769231,0.769231,
0.391304,0.391304,
0.45,0.45,
0.740741,0.814815,
0.807692,0.730769,
0.333333,0.4,
0.52381,0.571429,
0.375,0.375,
0.740741,0.777778,
0.666667,0.666667,
0.428571,0.428571,
0.666667,0.625,
0.529412,0.588235,
0.652174,0.565217,
0.684211,0.684211,
0.529412,0.529412,
0.428571,0.392857,
0.380952,0.380952,
0.5,0.5,
0.285714,0.285714,
0.777778,0.777778,
0.533333,0.4,
0.607143,0.678571,
0.470588,0.411765,
0.47619,0.47619,
0.5,0.375,
0.6,0.68,
0.5,0.545455,
0.5625,0.5625,
0.631579,0.631579,
0.5,0.5,
0.5,0.545455,
0.4,0.4,
0.633333,0.666667,
0.6,0.6,
0.357143,0.285714,
0.809524,0.904762,
0.466667,0.466667,
0.473684,0.421053,
0.5625,0.5625,
0.421053,0.421053,
0.75,0.75,
0.5,0.277778,
0.388889,0.444444,
0.454545,0.454545,
0.666667,0.777778,
0.642857,0.5,
0.655172,0.689655,
0.681818,0.727273,
0.428571,0.357143,
0.56,0.56,
0.777778,0.814815,
0.473684,0.421053,
0.166667,0.166667,
0.666667,0.666667,
0.333333,0.4,
0.821429,0.821429,
0.814815,0.814815,
0.181818,0.181818,
0.928571,0.857143,
0.411765,0.470588,
0.636364,0.636364,
0.588235,0.588235,
0.45,0.45,
0.384615,0.307692,
0.541667,0.5,
0.615385,0.730769,
0.76,0.68,
0.695652,0.73913,
0.583333,0.5,
0.851852,0.814815,
0.55,0.55,
0.529412,0.529412,
0.636364,0.590909,
0.470588,0.470588,
0.357143,0.285714,
0.586207,0.655172,
0.607143,0.571429,
0.692308,0.615385,
0.52381,0.52381,
0.761905,0.761905,
0.666667,0.666667,
0.25,0.25,
0.555556,0.555556,
0.466667,0.466667,
0.333333,0.333333,
0.681818,0.636364,
0.571429,0.619048,
0.375,0.375,
0.4,0.4,
0.793103,0.827586,
0.714286,0.642857,
0.65,0.65,
0.777778,0.777778,
0.608696,0.608696,
0.777778,0.722222,
0.307692,0.307692,
0.869565,0.695652,
0.4375,0.4375,
0.411765,0.411765,
0.235294,0.235294,
0.454545,0.454545,
0.4,0.45,
0.736842,0.684211,
0.666667,0.703704,
0.37037,0.37037,
0.5,0.5,
0.35,0.3,
0.368421,0.315789,
0.5625,0.5625,
0.458333,0.458333,
0.62963,0.62963,
0.769231,0.692308,
0.3125,0.3125,
0.652174,0.652174,
0.615385,0.653846,
0.388889,0.444444,
0.454545,0.454545,
0.461538,0.461538,
0.48,0.52,
0.722222,0.666667,
0.388889,0.444444,
0.5,0.535714,
0.368421,0.421053,
0.8125,0.75,
0.6,0.6,
0.782609,0.695652,
0.375,0.375,
0.807692,0.807692,
0.857143,0.857143,
0.357143,0.357143,
0.714286,0.666667,
0.615385,0.653846,
0.772727,0.818182,
0.5,0.5,
0.307692,0.307692,
0.875,0.8125,
0.8125,0.75,
0.347826,0.391304,
0.357143,0.357143,
0.333333,0.333333,
0.642857,0.714286,
0.692308,0.692308,
0.428571,0.428571,
0.692308,0.692308,
0.538462,0.538462,
0.461538,0.461538,
0.733333,0.733333,
0.793103,0.724138,
0.4,0.4,
0.68,0.68,
0.708333,0.666667,
0.592593,0.555556,
0.807692,0.807692,
0.727273,0.818182,
0.5,0.538462,
0.533333,0.533333,
0.461538,0.461538,
0.692308,0.692308,
0.631579,0.631579,
0.652174,0.652174,
0.388889,0.388889,
0.611111,0.611111,
0.653846,0.615385,
0.724138,0.724138,
0.6875,0.5,
0.157895,0.157895,
0.444444,0.444444,
0.68,0.6,
0.72,0.68,
0.56,0.76,
0.368421,0.421053,
0.592593,0.666667,
0.6,0.6,
0.590909,0.636364,
0.5,0.5,
0.416667,0.416667,
0.190476,0.190476,
0.470588,0.411765,
0.565217,0.565217,
0.521739,0.565217,
0.655172,0.655172,
0.555556,0.592593,
0.666667,0.62963,
0.5,0.5,
0.5,0.458333,
0.428571,0.428571,
0.526316,0.526316,
0.625,0.625,
0.619048,0.571429,
0.368421,0.315789,
0.333333,0.333333,
0.588235,0.588235,
0.473684,0.473684,
0.5,0.55,
0.576923,0.576923,
0.2,0.2,
0.555556,0.555556,
0.65,0.6,
0.708333,0.708333,
0.6875,0.6875,
0.65,0.65,
0.272727,0.272727,
0.518519,0.518519,
0.727273,0.727273,
0.608696,0.652174,
0.6,0.666667,
0.76,0.84,
0.714286,0.571429,
0.190476,0.285714,
0.608696,0.608696,
0.555556,0.5,
0.3125,0.3125,
0.357143,0.357143,
0.862069,0.862069,
0.5,0.5,
0.52381,0.52381,
0.555556,0.481481,
0.588235,0.588235,
0.5,0.461538,
0.357143,0.357143,
0.470588,0.470588,
0.642857,0.642857,
0.695652,0.565217,
0.416667,0.416667,
0.5,0.5,
0.555556,0.666667,
0.529412,0.529412,
0.526316,0.526316,
0.407407,0.444444,
0.6,0.65,
0.777778,0.777778,
0.5625,0.5,
0.722222,0.722222,
0.666667,0.62963,
0.333333,0.333333,
0.689655,0.793103,
0.375,0.5,
0.68,0.64,
0.411765,0.411765,
0.678571,0.75,
0.678571,0.642857,
0.72,0.72,
0.88,0.72,
0.826087,0.826087,
0.625,0.5,
0.769231,0.769231,
0.653846,0.653846,
0.444444,0.444444,
0.684211,0.631579,
0.411765,0.411765,
0.388889,0.388889,
0.5,0.5,
0.533333,0.533333,
0.571429,0.571429,
0.384615,0.384615,
0.478261,0.478261,
0.809524,0.761905,
0.576923,0.615385,
0.454545,0.454545,
0.692308,0.653846,
0.545455,0.545455,
0.444444,0.555556,
0.714286,0.785714,
0.266667,0.266667,
0.529412,0.529412,
0.333333,0.333333,
0.68,0.72,
0.5,0.571429,
0.5,0.615385,
0.769231,0.730769,
0.44,0.4,
0.761905,0.714286,
0.5625,0.5,
0.615385,0.576923,
0.62963,0.666667,
0.416667,0.416667,
0.857143,0.857143,
0.4,0.466667,
0.64,0.6,
0.818182,0.818182,
0.5625,0.625,
0.333333,0.333333,
0.64,0.64,
0.785714,0.821429,
0.727273,0.727273,
0.761905,0.761905,
0.52381,0.619048,
0.736842,0.684211,
0.727273,0.681818,
0.636364,0.681818,
0.533333,0.533333,
0.64,0.64,
0.5,0.5,
0.733333,0.766667,
0.5,0.416667,
0.619048,0.619048,
0.76,0.72,
0.611111,0.666667,
0.714286,0.666667,
0.615385,0.615385,
0.642857,0.714286,
0.307692,0.307692,
0.642857,0.642857,
0.52381,0.428571,
0.407407,0.444444,
0.666667,0.666667,
0.666667,0.62963,
0.526316,0.526316,
0.529412,0.470588,
0.684211,0.684211,
0.821429,0.785714,
0.736842,0.736842,
0.571429,0.571429,
0.62069,0.655172,
0.809524,0.761905,
0.782609,0.869565,
0.428571,0.5,
0.5,0.5,
0.695652,0.608696,
0.68,0.68,
0.714286,0.678571,
0.769231,0.884615,
0.470588,0.470588,
0.730769,0.730769,
0.76,0.76,
0.44,0.44,
0.411765,0.411765,
0.631579,0.578947,
0.68,0.68,
0.5625,0.5625,
0.535714,0.535714,
0.521739,0.521739,
0.625,0.625,
0.833333,0.833333,
0.777778,0.814815,
0.730769,0.653846,
0.384615,0.461538,
0.461538,0.461538,
0.814815,0.814815,
0.578947,0.684211,
0.611111,0.611111,
0.8,0.8,
0.357143,0.357143,
0.26087,0.347826,
0.625,0.625,
0.52381,0.47619,
0.708333,0.75,
0.384615,0.384615,
0.416667,0.416667,
0.384615,0.461538,
0.666667,0.722222,
0.4375,0.4375,
0.470588,0.470588,
0.35,0.35,
0.5625,0.5625,
0.652174,0.652174,
0.444444,0.388889,
0.583333,0.666667,
0.5,0.458333,
0.526316,0.526316,
0.55,0.55,
0.526316,0.526316,
0.777778,0.703704,
0.545455,0.636364,
0.384615,0.384615,
0.642857,0.535714,
0.56,0.6,
0.578947,0.578947,
0.625,0.625,
0.653846,0.653846,
0.555556,0.611111,
0.541667,0.583333,
0.642857,0.642857,
0.541667,0.541667,
0.62963,0.518519,
0.653846,0.692308,
0.5,0.5,
0.785714,0.821429,
0.470588,0.529412,
0.428571,0.428571,
0.607143,0.642857,
0.807692,0.807692,
0.703704,0.703704,
0.473684,0.473684,
0.666667,0.62963,
0.466667,0.466667,
0.625,0.625,
0.421053,0.421053,
0.625,0.5625,
0.7,0.733333,
0.8,0.8,
0.625,0.5625,
0.6,0.64,
0.652174,0.695652,
0.555556,0.555556,
0.5,0.583333,
0.4,0.4,
0.714286,0.761905,
0.833333,0.777778,
0.777778,0.851852,
0.384615,0.384615,
0.714286,0.714286,
0.607143,0.571429,
0.285714,0.357143,
0.375,0.375,
0.692308,0.692308,
0.545455,0.454545,
0.681818,0.681818,
0.740741,0.777778,
0.5,0.5,
0.56,0.52,
0.526316,0.631579,
0.681818,0.681818,
0.52381,0.52381,
0.615385,0.538462,
0.846154,0.807692,
0.461538,0.307692,
0.47619,0.47619,
0.428571,0.47619,
0.521739,0.521739,
0.652174,0.652174,
0.222222,0.222222,
0.5,0.5,
0.666667,0.666667,
0.375,0.416667,
0.84,0.84,
0.758621,0.758621,
0.470588,0.470588,
0.727273,0.727273,
0.52381,0.52381,
0.8,0.72,
0.5,0.5625,
0.647059,0.647059,
0.235294,0.235294,
0.416667,0.416667,
0.333333,0.333333,
0.5,0.5625,
0.72,0.68,
0.695652,0.73913,
0.666667,0.625,
0.285714,0.285714,
0.571429,0.5,
0.8125,0.75,
0.4,0.333333,
0.631579,0.631579,
0.793103,0.758621,
0.529412,0.529412,
0.428571,0.428571,
0.722222,0.722222,
0.8,0.8,
0.647059,0.647059,
0.631579,0.578947,
0.285714,0.285714,
0.7,0.75,
0.681818,0.681818,
0.4,0.4,
0.666667,0.666667,
0.666667,0.666667,
0.5,0.5,
0.466667,0.333333,
0.68,0.76,
0.740741,0.703704,
0.333333,0.333333,
0.65,0.7,
0.5,0.5,
0.827586,0.793103,
0.583333,0.583333,
0.73913,0.695652,
0.473684,0.421053,
0.72,0.76,
0.631579,0.578947,
0.315789,0.315789,
0.636364,0.636364,
0.5,0.5,
0.6,0.533333,
0.428571,0.428571,
0.68,0.68,
0.315789,0.263158,
0.4,0.4,
0.529412,0.529412,
0.4,0.4,
0.576923,0.538462,
0.428571,0.5,
0.615385,0.653846,
0.76,0.72,
0.421053,0.421053,
0.625,0.6875,
0.56,0.56,
0.722222,0.722222,
0.740741,0.740741,
0.357143,0.357143,
0.703704,0.666667,
0.6,0.6,
0.416667,0.416667,
0.333333,0.333333,
0.5,0.5,
0.652174,0.73913,
0.333333,0.416667,
0.363636,0.363636,
0.884615,0.884615,
0.592593,0.592593,
0.545455,0.545455,
0.625,0.5,
0.47619,0.52381,
0.4375,0.5,
0.4,0.35,
0.3125,0.25,
0.8,0.7,
0.375,0.375,
0.56,0.64,
0.461538,0.384615,
0.590909,0.545455,
0.857143,0.785714,
0.190476,0.190476,
0.565217,0.565217,
0.590909,0.681818,
0.481481,0.518519,
0.678571,0.642857,
0.615385,0.615385,
0.541667,0.583333,
0.230769,0.230769,
0.5625,0.4375,
0.761905,0.809524,
0.708333,0.708333,
0.352941,0.411765,
0.411765,0.470588,
0.807692,0.807692,
0.52,0.56,
0.72,0.64,
0.56,0.48,
0.740741,0.777778,
0.84,0.88,
0.461538,0.384615,
0.52381,0.571429,
0.727273,0.772727,
0.464286,0.464286,
0.576923,0.576923,
0.576923,0.538462,
0.3,0.3,
0.538462,0.615385,
0.678571,0.678571,
0.6,0.6,
0.869565,0.826087,
0.3125,0.3125,
0.705882,0.764706,
0.4,0.4,
0.692308,0.692308,
0.555556,0.5,
0.571429,0.571429,
0.4,0.4,
0.52381,0.52381,
0.652174,0.652174,
0.72,0.72,
0.47619,0.428571,
0.6875,0.6875,
0.48,0.52,
0.388889,0.388889,
0.454545,0.5,
0.466667,0.466667,
0.576923,0.461538,
0.266667,0.333333,
0.695652,0.73913,
0.705882,0.647059,
0.75,0.666667,
0.636364,0.681818,
0.666667,0.666667,
0.5,0.5625,
0.5625,0.5625,
0.8,0.76,
0.538462,0.538462,
0.555556,0.555556,
0.703704,0.703704,
0.6,0.566667,
0.545455,0.454545,
0.571429,0.571429,
0.6,0.55,
0.76,0.72,
0.473684,0.473684,
0.586207,0.586207,
0.266667,0.266667,
0.571429,0.571429,
0.571429,0.52381,
0.6,0.64,
0.666667,0.666667,
0.315789,0.368421,
0.777778,0.777778,
0.692308,0.653846,
0.583333,0.666667,
0.3125,0.3125,
0.68,0.72,
0.538462,0.576923,
0.68,0.6,
0.789474,0.736842,
0.5,0.5,
0.416667,0.5,
0.769231,0.807692,
0.789474,0.736842,
0.5,0.5,
0.678571,0.714286,
0.64,0.64,
0.722222,0.722222,
0.5625,0.5625,
0.588235,0.588235,
0.357143,0.357143,
0.545455,0.545455,
0.846154,0.846154,
0.5,0.583333,
0.352941,0.352941,
0.571429,0.666667,
0.625,0.5625,
0.4,0.35,
0.55,0.6,
0.777778,0.777778,
0.375,0.375,
0.222222,0.222222,
0.470588,0.470588,
0.653846,0.692308,
0.428571,0.5,
0.538462,0.538462,
0.375,0.375,
0.590909,0.636364,
0.73913,0.73913,
0.5,0.5,
0.565217,0.565217,
0.458333,0.458333,
0.533333,0.533333,
0.357143,0.357143,
0.653846,0.653846,
0.347826,0.304348,
0.5625,0.5625,
0.466667,0.466667,
0.5,0.388889,
0.608696,0.608696,
0.444444,0.444444,
0.666667,0.666667,
0.576923,0.538462,
0.333333,0.333333,
0.434783,0.565217,
0.307692,0.307692,
0.666667,0.714286,
0.793103,0.793103,
0.703704,0.740741,
0.533333,0.533333,
0.266667,0.266667,
0.761905,0.761905,
0.655172,0.517241,
0.75,0.714286,
0.4,0.4,
0.5,0.5,
0.230769,0.307692,
0.384615,0.384615,
0.5,0.5,
0.769231,0.769231,
0.72,0.76,
0.529412,0.529412,
0.692308,0.692308,
0.75,0.785714,
0.705882,0.764706,
0.470588,0.411765,
0.56,0.52,
0.411765,0.411765,
0.388889,0.388889,
0.272727,0.272727,
0.5625,0.5625,
0.545455,0.545455,
0.375,0.375,
0.576923,0.538462,
0.375,0.375,
0.666667,0.466667,
0.470588,0.588235,
0.2,0.2,
0.538462,0.615385,
0.518519,0.518519,
0.84,0.88,
0.75,0.75,
0.444444,0.444444,
0.571429,0.666667,
0.75,0.75,
0.5,0.5,
0.708333,0.708333,
0.304348,0.304348,
0.363636,0.363636,
0.428571,0.428571,
0.740741,0.666667,
0.56,0.56,
0.3,0.3,
0.230769,0.230769,
0.454545,0.454545,
0.315789,0.315789,
0.4,0.466667,
0.733333,0.833333,
0.454545,0.409091,
0.52381,0.571429,
0.5,0.535714,
0.703704,0.703704,
0.625,0.625,
0.391304,0.391304,
0.851852,0.851852,
0.47619,0.52381,
0.642857,0.642857,
0.538462,0.5,
0.421053,0.421053,
0.4,0.4,
0.466667,0.6,
0.545455,0.409091,
0.47619,0.47619,
0.666667,0.62963,
0.884615,0.884615,
0.444444,0.5,
0.666667,0.625,
0.571429,0.619048,
0.666667,0.722222,
0.25,0.1875,
0.666667,0.666667,
0.772727,0.772727,
0.636364,0.681818,
0.285714,0.285714,
0.473684,0.473684,
0.5,0.5,
0.611111,0.611111,
0.68,0.68,
0.772727,0.727273,
0.464286,0.464286,
0.4,0.4,
0.703704,0.703704,
0.892857,0.785714,
0.681818,0.772727,
0.833333,0.833333,
0.3,0.3,
0.764706,0.705882,
0.5,0.5,
0.64,0.8,
0.724138,0.758621,
0.388889,0.333333,
0.92,0.88,
0.791667,0.791667,
0.809524,0.809524,
0.473684,0.578947,
0.384615,0.307692,
0.740741,0.666667,
0.615385,0.538462,
0.4,0.4,
0.52381,0.52381,
0.428571,0.428571,
0.333333,0.333333,
0.541667,0.541667,
0.47619,0.47619,
0.6,0.6,
0.391304,0.391304,
0.454545,0.454545,
0.761905,0.761905,
0.5,0.5,
0.608696,0.608696,
0.611111,0.5,
0.555556,0.555556,
0.611111,0.555556,
0.478261,0.434783,
0.571429,0.571429,
0.571429,0.714286,
0.461538,0.461538,
0.470588,0.411765,
0.473684,0.473684,
0.615385,0.615385,
0.772727,0.727273,
0.807692,0.807692,
0.473684,0.526316,
0.85,0.85,
0.5,0.5,
0.708333,0.708333,
0.555556,0.611111,
0.814815,0.814815,
0.68,0.68,
0.916667,0.916667,
0.636364,0.772727,
0.565217,0.565217,
0.772727,0.818182,
0.5,0.5,
0.821429,0.821429,
0.5,0.5,
0.740741,0.703704,
0.576923,0.5,
0.576923,0.576923,
0.230769,0.230769,
0.416667,0.416667,
0.526316,0.578947,
0.384615,0.461538,
0.842105,0.789474,
0.631579,0.578947,
0.444444,0.5,
0.64,0.64,
0.538462,0.538462,
0.466667,0.533333,
0.3125,0.3125,
0.814815,0.814815,
0.4,0.44,
0.72,0.72,
0.545455,0.5,
0.636364,0.636364,
0.48,0.44,
0.45,0.45,
0.62963,0.666667,
0.5,0.555556,
0.793103,0.896552,
0.571429,0.642857,
0.5,0.555556,
0.592593,0.62963,
0.833333,0.8,
0.681818,0.727273,
0.807692,0.846154,
0.642857,0.607143,
0.25,0.25,
0.631579,0.736842,
0.473684,0.473684,
0.793103,0.689655,
0.689655,0.724138,
0.3125,0.3125,
0.722222,0.722222,
0.529412,0.529412,
0.545455,0.545455,
0.529412,0.470588,
0.52381,0.571429,
0.2,0.2,
0.666667,0.619048,
0.75,0.8,
0.761905,0.761905,
0.4,0.45,
0.555556,0.5,
0.714286,0.714286,
0.333333,0.4,
0.823529,0.705882,
0.923077,0.923077,
0.73913,0.695652,
0.352941,0.352941,
0.545455,0.545455,
0.333333,0.266667,
0.615385,0.576923,
0.6,0.55,
0.571429,0.571429,
0.555556,0.555556,
0.875,0.833333,
0.52381,0.52381,
0.583333,0.583333,
0.833333,0.8,
0.333333,0.333333,
0.809524,0.857143,
0.277778,0.277778,
0.4,0.4,
0.416667,0.416667,
0.689655,0.724138,
0.48,0.56,
0.526316,0.421053,
0.818182,0.772727,
0.590909,0.590909,
0.428571,0.5,
0.7,0.75,
0.666667,0.666667,
0.5,0.5,
0.789474,0.789474,
0.62069,0.655172,
0.5,0.461538,
0.791667,0.75,
0.5,0.5,
0.615385,0.576923,
0.666667,0.666667,
0.315789,0.368421,
0.526316,0.578947,
0.473684,0.421053,
0.703704,0.740741,
0.807692,0.807692,
0.692308,0.692308,
0.411765,0.411765,
0.8,0.9,
0.466667,0.466667,
0.576923,0.576923,
0.789474,0.789474,
0.4375,0.5,
0.5,0.541667,
0.666667,0.555556,
0.352941,0.352941,
0.47619,0.619048,
0.863636,0.863636,
0.583333,0.5,
0.72,0.72,
0.6,0.6,
0.769231,0.730769,
0.666667,0.611111,
0.4375,0.4375,
0.785714,0.821429,
0.538462,0.538462,
0.826087,0.869565,
0.428571,0.428571,
0.263158,0.368421,
0.8,0.76,
0.571429,0.571429,
0.461538,0.384615,
0.7,0.7,
0.846154,0.846154,
0.545455,0.5,
0.368421,0.368421,
0.5,0.45,
0.809524,0.857143,
0.4375,0.4375,
0.730769,0.730769,
0.764706,0.705882,
0.714286,0.666667,
0.461538,0.461538,
0.75,0.75,
0.6,0.56,
0.764706,0.823529,
0.615385,0.615385,
0.538462,0.538462,
0.703704,0.703704,
0.294118,0.411765,
0.764706,0.705882,
0.766667,0.833333,
0.545455,0.545455,
0.791667,0.75,
0.590909,0.636364,
0.615385,0.615385,
0.529412,0.588235,
0.4,0.4,
0.62069,0.655172,
0.352941,0.294118,
0.3,0.3,
0.814815,0.814815,
0.730769,0.730769,
0.5,0.5,
0.761905,0.761905,
0.740741,0.814815,
0.777778,0.777778,
0.4,0.45,
0.52,0.64,
0.578947,0.578947,
0.615385,0.538462,
0.45,0.35,
0.681818,0.681818,
0.555556,0.555556,
0.5,0.35,
0.647059,0.470588,
0.777778,0.777778,
0.473684,0.473684,
0.588235,0.529412,
0.458333,0.458333,
0.55,0.55,
0.681818,0.772727,
0.565217,0.608696,
0.529412,0.588235,
0.818182,0.772727,
0.64,0.64,
0.62963,0.703704,
0.529412,0.529412,
0.6,0.6,
0.583333,0.583333,
0.615385,0.615385,
0.541667,0.625,
0.821429,0.785714,
0.666667,0.708333,
0.470588,0.470588,
0.4375,0.4375,
0.611111,0.666667,
0.470588,0.470588,
0.357143,0.5,
0.411765,0.470588,
0.434783,0.391304,
0.545455,0.5,
0.52381,0.619048,
0.5,0.5,
0.76,0.64,
0.384615,0.384615,
0.5,0.5,
0.45,0.45,
0.388889,0.444444,
0.409091,0.409091,
0.6,0.65,
0.653846,0.615385,
0.166667,0.166667,
0.666667,0.666667,
0.565217,0.521739,
0.666667,0.625,
0.48,0.56,
0.375,0.4375,
0.73913,0.782609,
0.642857,0.678571,
0.48,0.6,
0.75,0.708333,
0.32,0.36,
0.363636,0.363636,
0.454545,0.454545,
0.666667,0.666667,
0.619048,0.619048,
0.454545,0.409091,
0.461538,0.538462,
0.466667,0.4,
0.73913,0.695652,
0.65,0.55,
0.619048,0.619048,
0.65,0.6,
0.52381,0.619048,
0.6,0.633333,
0.433333,0.5,
0.785714,0.785714,
0.428571,0.428571,
0.84,0.84,
0.766667,0.766667,
0.625,0.5625,
0.793103,0.689655,
0.653846,0.615385,
0.5,0.5,
0.454545,0.409091,
0.714286,0.714286,
0.388889,0.388889,
0.807692,0.807692,
0.611111,0.555556,
0.681818,0.681818,
0.428571,0.428571,
0.6,0.56,
0.307692,0.307692,
0.692308,0.653846,
0.772727,0.772727,
0.75,0.8,
0.5,0.636364,
0.529412,0.647059,
0.708333,0.708333,
0.68,0.64,
0.583333,0.666667,
0.615385,0.615385,
0.555556,0.555556,
0.692308,0.692308,
0.714286,0.714286,
0.588235,0.647059,
0.636364,0.636364,
0.529412,0.529412,
0.526316,0.631579,
0.736842,0.789474,
0.666667,0.619048,
0.75,0.625,
0.454545,0.409091,
0.541667,0.541667,
0.73913,0.695652,
0.678571,0.785714,
0.5,0.5,
0.392857,0.357143,
0.821429,0.821429,
0.666667,0.666667,
0.555556,0.444444,
0.588235,0.588235,
0.73913,0.782609,
0.777778,0.740741,
0.793103,0.793103,
0.6,0.6,
0.384615,0.461538,
0.285714,0.285714,
0.6,0.55,
0.695652,0.695652,
0.785714,0.821429,
0.8,0.75,
0.5,0.538462,
0.4,0.4,
0.357143,0.357143,
0.454545,0.454545,
0.5,0.5,
0.428571,0.428571,
0.736842,0.736842,
0.740741,0.740741,
0.352941,0.411765,
0.529412,0.470588,
0.789474,0.736842,
0.571429,0.619048,
0.695652,0.695652,
0.285714,0.285714,
0.727273,0.727273,
0.619048,0.666667,
0.454545,0.590909,
0.454545,0.454545,
0.0833333,0.0833333,
0.5,0.5,
0.428571,0.47619,
0.470588,0.411765,
0.5,0.444444,
0.5,0.5625,
0.619048,0.571429,
0.814815,0.777778,
0.333333,0.333333,
0.461538,0.384615,
0.277778,0.222222,
0.6,0.7,
0.466667,0.466667,
0.421053,0.421053,
0.5,0.5,
0.47619,0.571429,
0.740741,0.740741,
0.56,0.56,
0.583333,0.583333,
0.333333,0.333333,
0.466667,0.466667,
0.684211,0.684211,
0.736842,0.736842,
0.52,0.56,
0.555556,0.555556,
0.789474,0.736842,
0.785714,0.75,
0.333333,0.466667,
0.5,0.5,
0.5,0.5,
0.416667,0.5,
0.62963,0.666667,
0.5,0.590909,
0.75,0.821429,
0.730769,0.730769,
0.75,0.75,
0.230769,0.230769,
0.5,0.625,
0.814815,0.814815,
0.6,0.6,
0.590909,0.5,
0.619048,0.619048,
0.272727,0.272727,
0.793103,0.793103,
0.714286,0.761905,
0.4,0.4,
0.5,0.5,
0.538462,0.5,
0.545455,0.636364,
0.647059,0.588235,
0.545455,0.590909,
0.461538,0.461538,
0.6,0.6,
0.761905,0.761905,
0.615385,0.615385,
0.352941,0.352941,
0.45,0.45,
0.541667,0.541667,
0.586207,0.517241,
0.411765,0.411765,
0.730769,0.653846,
0.444444,0.518519,
0.8,0.8,
0.578947,0.631579,
0.826087,0.869565,
0.5,0.5,
0.8,0.733333,
0.5,0.4,
0.533333,0.533333,
0.5,0.5,
0.75,0.75,
0.375,0.3125,
0.526316,0.473684,
0.368421,0.315789,
0.428571,0.428571,
0.545455,0.545455,
0.45,0.45,
0.588235,0.588235,
0.388889,0.5,
0.5,0.409091,
0.454545,0.5,
0.52381,0.47619,
0.409091,0.363636,
0.809524,0.857143,
0.684211,0.684211,
0.681818,0.681818,
0.375,0.4375,
0.5,0.555556,
0.666667,0.666667,
0.444444,0.5,
0.444444,0.333333,
0.68,0.64,
0.64,0.68,
0.470588,0.529412,
0.421053,0.473684,
0.653846,0.5,
0.769231,0.730769,
0.740741,0.740741,
0.473684,0.421053,
0.466667,0.666667,
0.7,0.75,
0.666667,0.625,
0.5625,0.5625,
0.65,0.65,
0.470588,0.470588,
0.3,0.3,
0.4,0.4,
0.4,0.4,
0.608696,0.608696,
0.607143,0.642857,
0.571429,0.642857,
0.826087,0.869565,
0.647059,0.647059,
0.8,0.8,
0.689655,0.758621,
0.428571,0.52381,
0.642857,0.642857,
0.833333,0.875,
0.666667,0.666667,
0.407407,0.481481,
0.315789,0.315789,
0.785714,0.785714,
0.368421,0.368421,
0.481481,0.555556,
0.545455,0.545455,
0.777778,0.722222,
0.625,0.625,
0.4,0.4,
0.470588,0.470588,
0.821429,0.892857,
0.75,0.75,
0.384615,0.461538,
0.3125,0.3125,
0.363636,0.363636,
0.571429,0.571429,
0.814815,0.740741,
0.411765,0.411765,
0.55,0.55,
0.538462,0.538462,
0.421053,0.473684,
0.636364,0.636364,
0.285714,0.285714,
0.608696,0.565217,
0.642857,0.714286,
0.857143,0.892857,
0.666667,0.666667,
0.5,0.625,
0.724138,0.689655,
0.684211,0.631579,
0.636364,0.681818,
0.263158,0.263158,
0.5,0.444444,
0.708333,0.666667,
0.333333,0.416667,
0.851852,0.851852,
0.5,0.428571,
0.466667,0.466667,
0.363636,0.363636,
0.421053,0.473684,
0.666667,0.666667,
0.333333,0.222222,
0.75,0.7,
0.461538,0.423077,
0.5,0.555556,
0.444444,0.388889,
0.470588,0.529412,
0.72,0.64,
0.652174,0.695652,
0.695652,0.652174,
0.666667,0.555556,
0.285714,0.285714,
0.533333,0.666667,
0.565217,0.478261,
0.72,0.72,
0.666667,0.666667,
0.684211,0.736842,
0.448276,0.517241,
0.625,0.625,
0.555556,0.666667,
0.454545,0.454545,
0.294118,0.294118,
0.5625,0.625,
0.733333,0.766667,
0.655172,0.586207,
0.6,0.65,
0.5,0.571429,
0.666667,0.619048,
0.4,0.533333,
0.344828,0.344828,
0.724138,0.724138,
0.75,0.65,
0.764706,0.764706,
0.705882,0.588235,
0.65,0.65,
0.409091,0.454545,
0.740741,0.777778,
0.777778,0.777778,
0.5,0.5,
0.826087,0.869565,
0.653846,0.615385,
0.678571,0.642857,
0.578947,0.578947,
0.416667,0.416667,
0.684211,0.631579,
0.862069,0.827586,
0.708333,0.625,
0.692308,0.769231,
0.588235,0.588235,
0.466667,0.466667,
0.5625,0.5,
0.363636,0.363636,
0.5,0.5625,
0.590909,0.590909,
0.708333,0.791667,
0.411765,0.411765,
0.357143,0.357143,
0.708333,0.708333,
0.416667,0.416667,
0.722222,0.833333,
0.7,0.7,
0.411765,0.411765,
0.352941,0.352941,
0.357143,0.357143,
0.454545,0.363636,
0.5,0.444444,
0.368421,0.368421,
0.392857,0.464286,
0.653846,0.576923,
0.814815,0.814815,
0.6,0.75,
0.607143,0.571429,
0.55,0.55,
0.55,0.7,
0.481481,0.481481,
0.375,0.375,
0.411765,0.411765,
0.464286,0.464286,
0.608696,0.608696,
0.375,0.375,
0.461538,0.5,
0.517241,0.62069,
0.772727,0.818182,
0.4,0.333333,
0.782609,0.826087,
0.636364,0.636364,
0.652174,0.608696,
0.538462,0.576923,
0.714286,0.75,
0.47619,0.52381,
0.785714,0.821429,
0.3125,0.3125,
0.62963,0.666667,
0.555556,0.555556,
0.619048,0.619048,
0.181818,0.181818,
0.5,0.375,
0.333333,0.333333,
0.5,0.45,
0.611111,0.611111,
0.571429,0.5,
0.714286,0.761905,
0.666667,0.703704,
0.578947,0.526316,
0.444444,0.444444,
0.333333,0.333333,
0.896552,0.931034,
0.592593,0.555556,
0.869565,0.826087,
0.833333,0.791667,
0.727273,0.681818,
0.533333,0.466667,
0.642857,0.642857,
0.6,0.65,
0.307692,0.384615,
0.5,0.5,
0.653846,0.653846,
0.4375,0.4375,
0.4,0.4,
0.5,0.5,
0.631579,0.736842,
0.5625,0.5,
0.478261,0.434783,
0.4375,0.375,
0.315789,0.421053,
0.538462,0.538462,
0.611111,0.555556,
0.875,0.875,
0.5,0.454545,
0.576923,0.615385,
0.590909,0.590909,
0.730769,0.730769,
0.5,0.5,
0.586207,0.482759,
0.608696,0.608696,
0.4375,0.4375,
0.8,0.8,
0.615385,0.615385,
0.388889,0.333333,
0.625,0.625,
0.642857,0.642857,
0.6,0.533333,
0.416667,0.333333,
0.75,0.666667,
0.76,0.72,
0.72,0.8,
0.578947,0.684211,
0.826087,0.826087,
0.625,0.625,
0.818182,0.818182,
0.666667,0.666667,
0.666667,0.703704,
0.48,0.48,
0.6,0.6,
0.428571,0.5,
0.3,0.3,
0.777778,0.777778,
0.722222,0.722222,
0.6,0.6,
0.68,0.64,
0.714286,0.75,
0.5,0.5,
0.647059,0.647059,
0.5,0.571429,
0.571429,0.464286,
0.8,0.833333,
0.428571,0.428571,
0.545455,0.545455,
0.75,0.75,
0.333333,0.333333,
0.703704,0.555556,
0.529412,0.470588,
0.25,0.25,
0.72,0.8,
0.533333,0.533333,
0.470588,0.529412,
0.384615,0.384615,
0.47619,0.47619,
0.473684,0.473684,
0.68,0.68,
0.384615,0.461538,
0.481481,0.518519,
0.615385,0.615385,
0.892857,0.821429,
0.571429,0.5,
0.388889,0.444444,
0.5,0.444444,
0.461538,0.461538,
0.76,0.76,
0.421053,0.421053,
0.740741,0.777778,
0.785714,0.785714,
0.608696,0.608696,
0.608696,0.652174,
0.47619,0.47619,
0.653846,0.5,
0.75,0.75,
0.625,0.583333,
0.545455,0.5,
0.318182,0.318182,
0.5,0.5,
0.625,0.666667,
0.5,0.5,
0.714286,0.714286,
0.652174,0.565217,
0.5,0.5,
0.470588,0.470588,
0.272727,0.272727,
0.470588,0.470588,
0.695652,0.73913,
0.52,0.52,
0.444444,0.444444,
0.684211,0.631579,
0.846154,0.923077,
0.666667,0.666667,
0.470588,0.411765,
0.25,0.25,
0.388889,0.333333,
0.772727,0.772727,
0.62963,0.592593,
0.52381,0.52381,
0.807692,0.769231,
0.827586,0.724138,
0.714286,0.761905,
0.76,0.72,
0.56,0.6,
0.6875,0.6875,
0.428571,0.428571,
0.6,0.64,
0.411765,0.470588,
0.8,0.8,
0.666667,0.619048,
0.590909,0.590909,
0.363636,0.363636,
0.607143,0.535714,
0.678571,0.785714,
0.5,0.5,
0.4375,0.4375,
0.4,0.5,
0.352941,0.352941,
0.619048,0.571429,
0.368421,0.473684,
0.692308,0.692308,
0.714286,0.678571,
0.75,0.678571,
0.619048,0.52381,
0.5,0.5,
0.758621,0.724138,
0.5,0.590909,
0.736842,0.842105,
0.578947,0.526316,
0.823529,0.764706,
0.466667,0.4,
0.571429,0.5,
0.904762,0.857143,
0.411765,0.411765,
0.62069,0.655172,
0.458333,0.583333,
0.769231,0.692308,
0.789474,0.789474,
0.4375,0.4375,
0.714286,0.714286,
0.75,0.785714,
0.55,0.5,
0.478261,0.478261,
0.8,0.8,
0.681818,0.727273,
0.692308,0.653846,
0.461538,0.538462,
0.6875,0.6875,
0.631579,0.684211,
0.642857,0.642857,
0.434783,0.521739,
0.461538,0.538462,
0.444444,0.444444,
0.357143,0.357143,
0.714286,0.714286,
0.714286,0.714286,
0.761905,0.761905,
0.555556,0.555556,
0.6875,0.6875,
0.666667,0.6,
0.692308,0.653846,
0.6,0.64,
0.357143,0.357143,
0.466667,0.533333,
0.65,0.65,
0.5,0.45,
0.466667,0.466667,
0.8,0.72,
0.411765,0.470588,
0.1,0.1,
0.8,0.75,
0.565217,0.608696,
0.608696,0.608696,
0.678571,0.642857,
0.695652,0.608696,
0.214286,0.214286,
0.3,0.4,
0.5,0.625,
0.678571,0.714286,
0.730769,0.653846,
