10
33
30
5
12
7
15
3
0
18
22
0
8
40
117
56
7
0
119
29
111
26
0
0
0
4
79
30
22
33
24
0
50
0
0
18
11
1
10
62
137
49
10
4
0
9
29
37
0
64
47
10
78
8
62
108
42
0
0
55
0
0
0
72
0
0
0
0
98
0
18
30
103
8
43
88
30
0
48
13
0
20
8
14
18
13
56
24
0
20
15
0
16
48
15
83
4
84
28
87
1
0
147
137
18
12
34
0
66
49
0
15
5
10
12
31
36
168
0
39
84
72
198
23
118
0
0
21
48
34
20
14
45
113
15
12
0
19
4
0
32
77
22
11
101
9
49
84
20
60
75
12
6
0
71
20
13
44
39
10
0
144
0
23
0
47
30
36
153
57
50
35
53
43
90
13
0
68
61
0
61
70
37
10
22
15
252
0
94
65
11
16
11
5
39
13
21
22
52
14
0
11
9
24
129
18
0
12
28
3
82
36
0
24
13
0
18
35
65
0
18
0
11
92
48
62
54
47
5
86
0
0
21
79
0
67
73
4
0
63
26
49
82
132
0
0
9
19
16
32
49
0
15
21
194
22
0
16
10
0
2
16
152
0
0
0
104
47
84
0
12
17
148
50
48
0
70
0
38
161
0
0
0
10
0
137
56
43
12
39
27
0
0
46
11
0
24
129
62
0
18
32
0
3
82
63
116
0
0
1
0
0
169
36
66
10
18
67
15
26
0
47
10
0
17
0
208
69
13
16
67
18
52
0
13
44
225
9
0
229
13
0
51
20
35
9
34
0
7
0
0
74
303
0
254
41
75
0
0
13
14
11
39
14
19
0
10
6
45
26
0
30
7
32
92
29
12
42
0
39
40
82
139
69
22
0
82
16
131
45
36
22
34
70
9
33
64
15
20
0
9
0
40
26
38
95
0
4
17
0
9
104
32
98
0
108
65
0
0
87
128
50
9
11
8
137
4
6
0
52
6
12
16
0
76
28
42
89
0
81
114
3
79
0
0
5
86
0
25
19
134
22
257
10
68
188
144
25
14
12
58
75
65
19
113
10
26
159
51
0
34
45
62
0
18
6
54
7
0
0
24
47
13
10
65
0
56
39
9
210
0
0
38
94
15
12
43
28
12
0
30
38
193
17
18
24
6
6
20
41
0
29
167
6
41
21
19
121
0
37
99
29
49
35
0
20
14
0
44
106
0
54
70
20
21
35
0
0
0
40
74
0
16
54
0
0
67
0
11
50
53
43
0
19
140
215
50
0
30
13
28
27
59
0
70
92
58
0
0
95
12
126
54
135
125
3
0
67
114
0
25
67
5
24
25
0
0
0
13
227
74
53
93
5
28
58
0
85
0
12
57
14
0
103
0
17
0
39
60
21
41
0
30
5
12
49
51
46
29
14
73
48
13
34
18
5
57
15
36
9
62
73
6
15
21
10
22
25
28
13
56
5
18
69
0
245
26
15
1
24
120
0
81
14
87
23
18
92
0
10
56
83
0
7
0
0
24
7
108
0
0
0
5
0
0
28
0
91
141
29
75
53
1
36
0
31
53
40
10
22
21
0
9
29
0
3
121
0
40
96
41
97
73
5
0
31
102
44
108
261
20
6
22
16
8
45
16
7
20
22
96
168
10
20
20
5
14
36
40
10
20
0
24
0
0
84
23
104
5
140
18
209
0
8
91
110
38
21
69
34
5
72
13
186
4
0
20
74
48
64
96
7
11
18
28
5
13
4
0
0
18
10
53
23
75
0
6
30
6
7
0
12
194
21
89
29
40
126
0
28
55
52
0
0
53
50
0
96
15
0
186
6
32
0
14
54
23
60
33
92
14
14
13
33
69
0
0
0
0
51
183
90
0
78
11
66
13
0
11
121
15
26
0
0
70
82
0
14
72
0
70
24
129
19
0
0
0
17
0
44
162
40
0
114
0
92
6
0
37
29
0
5
140
57
19
0
0
488
19
0
15
10
0
0
71
38
16
144
32
125
120
0
66
16
25
4
9
15
17
19
0
109
32
40
103
56
86
39
6
12
144
15
27
49
28
20
65
38
45
0
46
23
12
26
113
5
1
52
13
0
7
135
25
5
39
108
28
0
342
35
42
20
26
140
12
160
13
24
0
0
142
11
25
25
0
0
54
56
19
55
15
0
14
5
15
18
0
57
109
0
0
40
32
82
9
0
16
28
29
0
42
65
214
10
5
2
38
6
294
32
191
0
7
41
261
0
0
64
0
16
122
103
8
21
136
8
207
106
9
35
31
0
71
158
12
217
57
6
23
22
38
9
118
0
19
5
48
38
30
180
106
35
45
28
9
72
54
22
76
1
5
74
98
10
0
57
4
25
57
0
28
16
21
61
19
37
138
5
83
1
29
12
0
20
26
169
0
0
0
51
4
102
8
0
0
35
6
43
0
6
89
63
13
77
22
0
0
109
103
15
90
10
6
21
14
11
0
6
1
45
10
14
53
51
62
91
26
106
11
23
0
124
20
76
33
35
9
87
10
32
36
4
18
268
132
16
0
14
36
15
25
161
60
96
11
6
0
32
40
88
86
90
143
9
0
6
0
36
5
42
68
65
25
22
274
115
11
26
5
148
0
50
84
50
2
3
61
17
130
16
8
68
38
0
12
0
9
119
42
6
0
9
0
96
6
15
24
17
72
34
92
7
0
0
11
32
36
41
0
0
18
0
101
6
20
55
15
0
0
120
0
24
0
85
4
108
83
7
15
0
129
21
0
98
8
33
6
299
157
0
11
20
32
59
0
0
64
21
27
6
4
84
8
0
140
124
7
33
0
262
37
22
66
88
11
75
50
48
20
26
20
10
27
210
0
134
19
42
72
25
0
0
0
59
0
42
0
47
44
9
10
10
51
101
114
126
82
33
39
81
8
100
120
156
29
0
129
16
232
51
0
0
0
0
13
7
28
28
18
20
0
166
88
33
49
14
22
0
16
0
18
59
62
47
0
12
214
9
0
0
15
5
26
0
10
53
53
22
13
53
59
152
34
0
9
63
11
84
29
12
0
29
99
42
11
41
0
8
57
0
8
24
125
25
67
16
7
36
13
50
29
36
0
0
27
63
0
84
20
0
0
0
33
34
0
38
82
0
97
56
0
0
35
24
37
17
12
26
123
197
3
18
42
46
110
179
14
80
89
57
245
0
39
41
160
22
148
6
10
31
96
37
11
7
92
21
0
12
108
79
18
222
12
27
146
92
0
70
0
112
9
56
66
4
118
138
299
43
0
22
46
72
0
35
0
299
12
28
23
12
19
41
5
0
101
0
11
47
59
32
5
12
30
0
41
26
25
55
23
115
64
32
43
0
43
5
0
8
51
5
30
0
0
11
5
14
46
69
6
246
77
133
6
0
14
32
4
3
31
0
0
5
71
12
11
0
149
0
44
66
48
52
0
0
46
22
26
8
35
15
0
7
2
0
153
0
43
237
10
14
17
22
0
24
28
9
5
58
5
6
26
7
46
84
109
53
0
11
0
33
46
70
50
18
12
70
59
28
49
40
0
8
30
46
32
21
41
0
0
11
48
9
0
18
45
16
5
10
97
149
0
1
0
11
45
9
104
113
118
0
67
0
26
58
19
13
25
0
148
79
11
15
15
35
7
0
99
38
5
0
13
0
0
48
29
166
0
10
22
30
76
86
23
84
5
14
0
42
0
0
76
16
38
20
34
48
0
27
11
42
25
40
108
106
4
91
59
70
75
6
20
0
8
30
0
0
57
21
66
0
127
46
0
90
5
24
9
113
0
22
60
139
5
0
0
44
59
86
26
36
0
5
18
87
0
68
34
0
0
7
16
0
75
46
23
27
0
30
86
0
22
76
4
32
0
6
33
199
6
22
10
90
9
0
36
91
0
128
60
14
112
34
0
23
0
6
171
7
8
7
72
0
0
86
25
0
0
95
88
87
13
35
15
6
121
55
6
58
21
84
31
0
13
12
9
20
0
180
76
102
36
41
7
17
4
62
82
97
40
12
14
8
19
0
26
0
5
33
166
262
20
0
37
0
0
36
11
301
0
0
16
31
36
166
20
79
4
78
62
96
10
90
0
0
21
11
97
44
239
18
36
0
20
38
34
19
18
74
150
127
0
27
22
22
81
3
10
49
0
37
45
0
16
5
84
0
76
104
6
62
13
8
0
1
46
5
65
5
12
14
11
15
12
0
43
0
7
22
35
0
17
47
14
67
27
0
218
156
20
122
24
48
34
24
26
25
70
84
22
10
166
30
6
49
9
20
76
8
38
17
34
55
11
0
80
0
31
59
90
0
106
14
73
7
80
25
92
16
33
19
13
47
0
0
113
98
291
109
61
66
15
57
41
27
0
32
16
150
60
64
19
9
0
41
28
57
44
36
60
93
12
42
18
1
26
0
55
26
0
5
45
0
33
95
56
49
44
101
5
24
0
38
19
18
86
0
11
208
89
32
66
0
34
16
0
0
14
140
49
78
7
36
50
0
136
41
117
124
93
20
37
95
84
15
73
48
170
201
0
9
60
6
23
12
44
52
10
18
0
0
254
0
29
6
182
161
52
6
32
40
14
18
44
98
16
10
10
0
39
17
11
20
19
42
16
51
0
34
10
5
13
17
15
40
76
4
0
14
9
10
0
0
10
0
15
0
71
100
77
345
16
20
18
0
76
0
42
30
52
38
128
24
0
27
142
0
0
74
10
15
116
78
185
58
11
0
7
85
6
38
14
0
1
103
30
32
0
15
51
40
36
9
86
0
63
46
12
49
51
0
20
21
9
16
0
40
14
13
16
101
0
21
14
0
100
46
25
9
0
0
0
44
5
24
18
66
24
4
19
20
15
58
50
19
89
116
22
0
0
54
79
0
17
34
193
33
67
96
18
10
15
24
73
50
9
8
0
0
66
33
28
7
13
0
15
72
0
0
265
12
0
73
128
0
32
32
36
34
25
0
0
18
11
10
22
405
50
0
6
0
55
144
14
0
136
56
0
32
9
0
84
0
272
6
26
63
5
49
22
50
0
23
48
67
7
0
11
6
271
18
22
0
20
0
18
0
11
175
0
0
84
10
36
30
0
0
17
0
24
120
14
78
94
30
0
40
76
56
26
0
0
62
8
0
0
0
176
8
13
0
0
183
88
396
120
14
0
82
56
17
61
17
44
9
27
35
14
0
0
112
27
0
32
0
12
64
102
12
20
0
0
11
0
66
41
13
112
6
60
39
28
41
41
28
0
30
162
63
14
72
32
13
0
75
78
0
79
98
0
203
0
4
94
98
178
50
328
40
0
33
18
0
0
137
49
28
24
6
0
71
33
40
88
71
0
116
31
0
14
9
27
171
0
0
18
45
11
5
90
25
158
18
16
35
76
46
41
0
35
94
31
32
106
42
72
11
31
68
43
0
24
4
44
0
20
85
23
0
20
31
24
30
15
28
59
51
28
0
122
34
4
286
7
61
55
37
13
66
69
15
15
37
10
253
10
8
0
25
0
19
9
37
14
70
225
73
6
13
0
33
71
109
0
115
135
14
30
59
32
0
4
29
28
50
15
14
0
6
88
108
12
1
27
0
80
29
43
22
0
84
11
139
34
0
5
59
36
45
9
0
32
4
8
24
21
14
77
11
129
30
206
0
15
49
30
55
66
13
106
68
75
8
0
29
85
0
18
12
38
43
81
24
0
29
0
0
58
57
0
14
141
60
0
111
42
12
0
92
0
14
12
55
0
26
20
6
27
137
0
48
0
69
0
0
37
9
7
0
21
63
0
18
41
19
7
51
179
6
78
16
0
142
74
35
6
52
107
87
0
40
0
22
12
0
0
42
36
16
5
59
46
0
36
10
56
49
15
5
17
37
182
48
6
0
0
7
14
1
43
0
19
0
55
36
29
0
22
142
7
137
16
27
379
77
6
17
40
14
22
0
14
20
18
0
33
2
1
0
15
20
16
0
28
58
14
16
0
13
9
0
0
17
34
20
188
15
18
16
29
81
61
58
18
0
99
33
37
41
52
13
39
28
21
17
34
24
16
10
12
5
30
11
0
120
18
7
28
0
6
0
16
11
25
321
4
21
54
24
7
60
32
11
10
11
0
85
49
21
0
7
133
294
54
36
83
7
10
40
0
0
35
37
0
0
48
20
72
132
32
49
36
39
0
14
13
16
855
1
15
8
104
0
0
189
70
111
46
87
29
39
7
153
156
0
124
10
61
60
15
0
9
56
59
0
20
59
50
12
0
12
0
17
40
0
15
152
129
0
10
46
97
76
11
318
13
20
14
35
59
0
97
6
18
46
17
333
283
28
0
31
48
23
6
0
82
28
4
0
0
21
8
13
12
13
16
42
0
36
28
11
38
0
3
7
13
0
56
53
72
64
0
27
34
19
44
28
12
9
0
40
53
38
8
21
15
5
244
30
45
26
68
71
40
8
0
26
11
11
6
22
79
26
66
43
13
27
87
37
42
0
73
43
14
0
62
0
79
77
67
13
235
38
0
0
176
0
14
27
39
34
337
31
10
22
16
188
8
9
7
52
11
0
13
0
52
7
6
0
56
70
32
44
0
0
93
0
6
0
38
9
12
0
39
24
0
0
0
98
25
4
22
30
144
28
20
1
135
9
98
178
63
0
0
0
54
27
23
79
64
13
0
62
9
0
2
37
0
206
0
6
4
4
0
65
0
140
33
30
0
38
35
148
14
13
33
17
0
17
54
24
109
107
0
25
11
44
12
28
5
51
0
0
21
0
76
0
22
55
52
14
9
22
79
69
0
0
42
18
0
56
94
17
6
31
52
91
34
14
35
49
5
6
9
154
89
20
36
16
9
0
13
120
211
104
100
0
13
31
9
52
4
14
18
96
30
0
14
9
52
72
0
0
9
71
32
108
63
25
5
26
33
28
22
0
83
79
9
62
0
5
0
0
0
51
5
12
186
148
162
254
3
47
63
82
50
65
4
57
196
24
71
88
0
49
95
0
12
16
42
265
50
10
17
16
0
0
19
48
0
115
28
81
0
73
0
29
8
101
13
28
35
11
14
28
104
35
11
163
37
104
48
7
91
5
0
24
4
13
37
24
48
12
76
177
0
13
32
5
0
20
0
0
13
145
40
78
20
40
88
34
214
22
41
42
220
21
32
37
20
55
109
61
9
54
86
18
73
66
102
0
76
28
25
56
13
0
51
0
105
0
113
68
24
15
66
21
27
21
0
34
9
184
52
52
18
9
32
21
50
80
110
29
0
56
112
54
15
60
46
23
0
47
70
101
9
126
0
0
45
32
26
0
69
29
5
43
86
11
94
18
0
0
7
0
33
146
85
15
59
12
32
49
252
10
141
23
81
43
26
21
30
19
136
0
8
0
24
7
84
12
8
21
0
0
258
17
152
70
0
43
71
17
0
140
7
9
8
0
61
109
7
22
78
0
23
33
33
26
60
64
11
38
128
56
106
8
15
69
45
25
34
0
21
26
0
41
32
0
280
113
20
36
64
43
51
72
66
14
92
73
23
9
0
72
80
0
0
49
7
42
66
17
33
60
6
0
9
13
83
77
8
0
11
11
7
178
141
10
90
0
0
66
5
0
175
19
142
90
22
42
13
28
4
13
31
3
28
20
0
140
32
171
7
10
338
11
196
22
0
123
0
32
94
43
8
0
0
139
20
84
8
4
17
12
0
30
55
159
15
12
6
35
38
20
0
19
26
53
13
128
27
58
90
7
20
49
21
5
12
55
93
0
15
18
61
84
84
31
8
15
0
7
6
32
4
24
28
7
9
41
0
0
0
31
36
32
28
28
0
82
0
70
16
64
20
13
6
82
46
59
0
81
34
11
0
16
0
1
38
4
88
48
10
102
5
0
36
30
20
20
77
62
5
28
0
9
18
24
72
0
22
13
9
44
32
34
24
0
48
40
16
0
33
87
35
33
231
22
56
36
60
161
107
0
0
9
12
0
1
9
7
0
86
18
10
13
29
21
67
9
0
20
14
62
75
32
73
140
8
74
5
20
0
0
78
0
0
11
85
14
0
47
0
12
98
0
152
22
19
34
0
10
38
26
54
102
0
0
12
25
17
142
0
0
19
51
0
23
14
72
24
26
148
0
0
15
20
136
4
0
0
120
19
233
5
49
64
92
28
0
43
128
36
62
51
14
24
0
0
0
64
22
100
33
26
60
0
38
20
0
39
12
0
132
77
46
0
108
45
9
0
45
16
0
0
41
0
15
15
41
25
16
13
135
6
9
15
0
100
93
0
0
60
4
0
0
26
28
28
15
16
44
25
39
100
53
0
91
1
37
131
7
54
19
6
0
0
22
7
16
25
0
35
0
17
50
103
6
68
17
108
19
3
0
0
0
119
0
0
12
198
61
18
61
51
63
57
48
0
68
159
65
90
47
24
106
0
0
11
0
5
0
0
28
15
26
35
136
28
21
10
28
9
17
17
0
27
23
34
9
57
11
18
30
86
32
0
163
0
170
24
71
47
27
7
5
78
69
18
65
142
18
0
288
0
50
0
0
86
70
8
5
46
10
14
0
0
0
0
43
18
91
13
28
49
153
5
13
102
14
107
19
27
8
0
52
17
17
13
118
97
29
70
16
39
50
84
49
9
34
0
35
0
9
10
110
0
13
150
41
32
0
0
0
26
26
65
0
56
0
17
21
37
8
40
14
5
9
71
9
24
0
67
0
20
0
18
76
33
4
22
21
4
24
32
13
119
38
3
0
99
0
25
33
61
18
47
0
38
14
19
18
77
0
88
9
0
0
5
0
6
42
92
97
79
52
32
55
6
52
14
66
17
0
112
64
49
80
0
35
0
105
0
79
46
117
34
236
23
0
40
0
84
4
18
11
162
0
22
133
48
79
122
89
47
48
24
28
150
13
1
11
0
20
47
105
0
54
31
49
77
12
8
0
142
0
39
9
120
96
24
108
17
18
0
0
32
28
0
66
92
21
21
1
5
138
19
11
0
9
40
33
117
11
21
29
51
99
108
42
13
4
209
64
13
30
0
0
0
59
81
12
198
100
0
13
49
0
8
123
40
9
57
6
48
83
16
0
47
60
25
0
165
136
59
42
0
94
88
100
0
31
0
37
32
42
33
16
6
9
35
100
58
47
110
24
21
35
0
62
0
40
835
79
54
38
11
28
7
42
99
81
74
21
24
41
54
31
0
22
46
13
21
24
0
67
54
91
412
27
33
62
0
106
0
11
