3.3125,3.3125,
2.57895,2.57895,
3.72222,3.72222,
2.04167,2.04167,
4.2381,4.2381,
6.08333,6.08333,
1,1,
1.83333,1.83333,
1,1,
4.23077,4.23077,
5.77778,5.77778,
7.65385,7.65385,
0.714286,0.714286,
4.90476,4.90476,
5.95833,5.95833,
2.65,2.65,
1.52632,1.52632,
6.19231,6.19231,
4.22727,4.22727,
9.11111,9.11111,
5.17391,5.17391,
5.38095,5.38095,
7.81481,7.81481,
2,2,
1.625,1.625,
5.35714,5.35714,
4.8,4.8,
2.55556,2.55556,
5.42857,5.42857,
2.04762,2.04762,
2.77273,2.77273,
3.30435,3.30435,
1.5,1.5,
2.47059,2.47059,
1.66667,1.66667,
1.3125,1.3125,
0.928571,0.928571,
2.8125,2.8125,
8.5,8.5,
1.23077,1.23077,
6.41379,6.41379,
2.5,2.5,
3.57143,3.57143,
0.909091,0.909091,
2.23077,2.23077,
5.43478,5.43478,
2.8,2.8,
1.26316,1.26316,
6.20833,6.20833,
10.3478,10.3478,
3.63636,3.63636,
1.33333,1.33333,
9.5,9.5,
1.10526,1.10526,
3.2381,3.2381,
6.17391,6.17391,
10.087,10.087,
2.61111,2.61111,
2.70588,2.70588,
8.85185,8.85185,
2.59259,2.59259,
1.05882,1.05882,
1,1,
8,8,
2.57143,2.57143,
3.52174,3.52174,
4.18182,4.18182,
1.8,1.8,
5.5,5.5,
2,2,
5.86667,5.86667,
9,9,
12.4615,12.4615,
1.64706,1.64706,
1.58333,1.58333,
7.47619,7.47619,
5.48,5.48,
7.09091,7.09091,
13.3571,13.3571,
12.5,12.5,
4.46429,4.46429,
1.95,1.95,
7,7,
1.875,1.875,
2.64,2.64,
2.57143,2.57143,
3.80769,3.80769,
7.61905,7.61905,
8.90476,8.90476,
2.66667,2.66667,
2.77778,2.77778,
1.61111,1.61111,
1.10526,1.10526,
5.95,5.95,
2.66667,2.66667,
3.70588,3.70588,
0.882353,0.882353,
1.95,1.95,
1.25,1.25,
10.5,10.5,
0.722222,0.722222,
3.06667,3.06667,
6.32143,6.32143,
6.8,6.8,
3.7,3.7,
2.53846,2.53846,
5.13636,5.13636,
3.52632,3.52632,
0.727273,0.727273,
11.04,11.04,
7.57143,7.57143,
4.20833,4.20833,
3.92,3.92,
2.71429,2.71429,
1.21739,1.21739,
1.88235,1.88235,
2.6087,2.6087,
6.90909,6.90909,
2.13043,2.13043,
10.3448,10.3448,
9.39286,9.39286,
10.56,10.56,
7.42857,7.42857,
7.09091,7.09091,
1.46154,1.46154,
8.66667,8.66667,
6.75,6.75,
5.96154,5.96154,
9.30435,9.30435,
6.6087,6.6087,
2.94118,2.94118,
4.95,4.95,
3.26667,3.26667,
8.92593,8.92593,
6.94737,6.94737,
5.86957,5.86957,
2.375,2.375,
2.61538,2.61538,
3.16667,3.16667,
6.77273,6.77273,
1.61538,1.61538,
4.6087,4.6087,
6.73913,6.73913,
2.11111,2.11111,
6,6,
1.1,1.1,
3.53333,3.53333,
8.88462,8.88462,
8.27273,8.27273,
6.125,6.125,
5.35714,5.35714,
8.40909,8.40909,
2.33333,2.33333,
3.13333,3.13333,
5.4,5.4,
4.73684,4.73684,
5.59091,5.59091,
6.89474,6.89474,
5.77778,5.77778,
1.88235,1.88235,
2.55,2.55,
3.66667,3.66667,
6.20833,6.20833,
4.35,4.35,
2.71429,2.71429,
3.6,3.6,
2,2,
6.09677,6.09677,
7.23077,7.23077,
6.25,6.25,
4.33333,4.33333,
3.59091,3.59091,
4.34783,4.34783,
7.80769,7.80769,
7.51724,7.51724,
1.375,1.375,
1.88235,1.88235,
1.83333,1.83333,
11.0769,11.0769,
4.38095,4.38095,
3.1,3.1,
7.41667,7.41667,
4.26087,4.26087,
5.90476,5.90476,
11.8889,11.8889,
0.545455,0.545455,
10.2692,10.2692,
3.5,3.5,
2.82609,2.82609,
1.16667,1.16667,
1.35714,1.35714,
5.68421,5.68421,
2.53333,2.53333,
5.27778,5.27778,
8.25,8.25,
3,3,
1.57143,1.57143,
4.73333,4.73333,
6.16667,6.16667,
3.05263,3.05263,
5.5,5.5,
5.71429,5.71429,
6.37037,6.37037,
8.30769,8.30769,
9.13043,9.13043,
4.32143,4.32143,
7.43478,7.43478,
3.2963,3.2963,
4.27778,4.27778,
0.277778,0.277778,
6.92857,6.92857,
1,1,
2.0625,2.0625,
7.75,7.75,
8.88889,8.88889,
3.05263,3.05263,
5.46667,5.46667,
5.30769,5.30769,
5.75,5.75,
10.4583,10.4583,
3.6875,3.6875,
5.11111,5.11111,
1.52941,1.52941,
8.78261,8.78261,
3.94444,3.94444,
6.04762,6.04762,
6.19048,6.19048,
5.72,5.72,
1.63158,1.63158,
8.32,8.32,
7.03571,7.03571,
1.44444,1.44444,
1.6,1.6,
1.32,1.32,
5.3913,5.3913,
2.63158,2.63158,
5.90476,5.90476,
7.68421,7.68421,
4.52632,4.52632,
1.45,1.45,
1.47059,1.47059,
2.28571,2.28571,
12.4074,12.4074,
3.48148,3.48148,
0.0833333,0.0833333,
2.09524,2.09524,
1.4,1.4,
1.30769,1.30769,
4.37037,4.37037,
6.85185,6.85185,
1.78571,1.78571,
8.18519,8.18519,
3.05882,3.05882,
1.75,1.75,
10.2917,10.2917,
4.47059,4.47059,
2.75,2.75,
1.82353,1.82353,
4,4,
1.11765,1.11765,
2.52632,2.52632,
8.92,8.92,
6.27273,6.27273,
7.77273,7.77273,
5.68182,5.68182,
5.76,5.76,
2.22727,2.22727,
1.625,1.625,
6,6,
5.1,5.1,
7.06897,7.06897,
5.13636,5.13636,
6,6,
1.375,1.375,
9.48148,9.48148,
2.125,2.125,
2.83333,2.83333,
3.88235,3.88235,
4.57143,4.57143,
0.923077,0.923077,
5.14286,5.14286,
2,2,
5.04,5.04,
3.9375,3.9375,
2.2381,2.2381,
9.96552,9.96552,
9.41667,9.41667,
4.4,4.4,
10.1481,10.1481,
3.52941,3.52941,
9.54167,9.54167,
2.13636,2.13636,
3.68,3.68,
8.51852,8.51852,
5,5,
6,6,
0.916667,0.916667,
10.5357,10.5357,
1.95652,1.95652,
5.84211,5.84211,
2,2,
3.375,3.375,
4.3913,4.3913,
4.5625,4.5625,
3.33333,3.33333,
4.7037,4.7037,
4.125,4.125,
3.70588,3.70588,
6.54545,6.54545,
4.25926,4.25926,
2.47059,2.47059,
4.6,4.6,
6.68182,6.68182,
10.7083,10.7083,
2.86364,2.86364,
7.59259,7.59259,
1.28571,1.28571,
10.92,10.92,
0.75,0.75,
3,3,
3.85714,3.85714,
2.875,2.875,
2.75,2.75,
4.375,4.375,
7.33333,7.33333,
4.11765,4.11765,
4.6,4.6,
3.75,3.75,
1.07692,1.07692,
2.47059,2.47059,
3.55556,3.55556,
6.91304,6.91304,
2.85714,2.85714,
7.88889,7.88889,
1.7,1.7,
2,2,
9.92857,9.92857,
6.12,6.12,
4.85,4.85,
5.75,5.75,
4.85714,4.85714,
9.31034,9.31034,
2.68182,2.68182,
3.76471,3.76471,
5.61905,5.61905,
0.916667,0.916667,
2.14286,2.14286,
4,4,
2.88235,2.88235,
3.3913,3.3913,
8.75,8.75,
9.65217,9.65217,
3.75,3.75,
6.81818,6.81818,
8.12,8.12,
9.15385,9.15385,
4.7619,4.7619,
2.64706,2.64706,
3.07692,3.07692,
3.90476,3.90476,
6.34483,6.34483,
1.88889,1.88889,
5.7,5.7,
2.42105,2.42105,
2,2,
4.28571,4.28571,
0.533333,0.533333,
1.4375,1.4375,
3.85,3.85,
3.31818,3.31818,
5,5,
7.83333,7.83333,
1.71429,1.71429,
4.17391,4.17391,
6.12,6.12,
3.7,3.7,
1.66667,1.66667,
7.41935,7.41935,
5.05556,5.05556,
5.09091,5.09091,
7.59091,7.59091,
8.96552,8.96552,
7.46154,7.46154,
7.31579,7.31579,
10.4231,10.4231,
7.53846,7.53846,
12.3704,12.3704,
2.35294,2.35294,
7.83333,7.83333,
3.89286,3.89286,
7.45161,7.45161,
3.1875,3.1875,
8.20833,8.20833,
5.36364,5.36364,
10,10,
2.83333,2.83333,
3,3,
1.79167,1.79167,
7,7,
2.8,2.8,
2.27778,2.27778,
4,4,
2.72222,2.72222,
2.86364,2.86364,
1.84615,1.84615,
4.38095,4.38095,
2.7,2.7,
2.42857,2.42857,
2.11765,2.11765,
4.29412,4.29412,
0.5,0.5,
2.73684,2.73684,
1.73333,1.73333,
6.24,6.24,
0.933333,0.933333,
4.91667,4.91667,
3.72222,3.72222,
2.75,2.75,
6.57143,6.57143,
6.13043,6.13043,
5.86957,5.86957,
5.33333,5.33333,
3.47826,3.47826,
1.81818,1.81818,
1.42105,1.42105,
5.69231,5.69231,
3.875,3.875,
0.6,0.6,
1.41667,1.41667,
5.68,5.68,
1.58333,1.58333,
0.692308,0.692308,
9,9,
3.41176,3.41176,
8.39286,8.39286,
6.15789,6.15789,
3.11111,3.11111,
4.82143,4.82143,
3.33333,3.33333,
3.29412,3.29412,
8.25,8.25,
1.95,1.95,
2.92593,2.92593,
2,2,
2.88235,2.88235,
2.55556,2.55556,
10.2308,10.2308,
2.7619,2.7619,
3.64286,3.64286,
3.78947,3.78947,
8.17391,8.17391,
3.75,3.75,
10.44,10.44,
2.9,2.9,
5.69231,5.69231,
7.76,7.76,
10.4583,10.4583,
9.36364,9.36364,
7.28571,7.28571,
1.46667,1.46667,
3.95,3.95,
3.11111,3.11111,
8.67857,8.67857,
6.47619,6.47619,
6.38095,6.38095,
1.25,1.25,
3.29412,3.29412,
11.7931,11.7931,
1.71429,1.71429,
5.48148,5.48148,
4.4,4.4,
12,12,
5.64706,5.64706,
0.846154,0.846154,
2.35714,2.35714,
3.16667,3.16667,
4.22222,4.22222,
8.92857,8.92857,
4.46154,4.46154,
5.36842,5.36842,
2.64706,2.64706,
4.89474,4.89474,
4.07692,4.07692,
5.66667,5.66667,
4.09091,4.09091,
1.94737,1.94737,
9.71429,9.71429,
9.04348,9.04348,
3.75,3.75,
8.96154,8.96154,
2.625,2.625,
5.34615,5.34615,
3.26667,3.26667,
5.12,5.12,
0.928571,0.928571,
4.78947,4.78947,
12.5,12.5,
4.41176,4.41176,
1.13333,1.13333,
3.52632,3.52632,
5.5,5.5,
4.65,4.65,
5.53571,5.53571,
0.363636,0.363636,
1.36364,1.36364,
6.27273,6.27273,
1.16667,1.16667,
9.56522,9.56522,
4.93333,4.93333,
10.4815,10.4815,
1.92857,1.92857,
8.82143,8.82143,
1.17647,1.17647,
1.14286,1.14286,
2.75,2.75,
3.38095,3.38095,
5.42105,5.42105,
5.6087,5.6087,
7.94118,7.94118,
1.21429,1.21429,
5.7,5.7,
3.62069,3.62069,
9.72,9.72,
6.10526,6.10526,
6.35714,6.35714,
5.68,5.68,
3.63636,3.63636,
6.63636,6.63636,
2.91667,2.91667,
4.125,4.125,
4.27778,4.27778,
1.14286,1.14286,
6.57692,6.57692,
6.04545,6.04545,
6.26667,6.26667,
8.18519,8.18519,
5.44444,5.44444,
1.41176,1.41176,
6.6,6.6,
5.11765,5.11765,
5.30769,5.30769,
2.75,2.75,
1.625,1.625,
1.31579,1.31579,
4.5,4.5,
2.52632,2.52632,
4.04348,4.04348,
5.45833,5.45833,
2.05882,2.05882,
8.2,8.2,
1.65,1.65,
8.89286,8.89286,
6.95238,6.95238,
6.69565,6.69565,
7.53846,7.53846,
9.47826,9.47826,
2.80952,2.80952,
4.68182,4.68182,
3.21429,3.21429,
5.78947,5.78947,
6.03846,6.03846,
3.85714,3.85714,
1.35294,1.35294,
3.33333,3.33333,
4.09091,4.09091,
2.91667,2.91667,
3.47619,3.47619,
7.7037,7.7037,
1.8,1.8,
4.33333,4.33333,
2.17647,2.17647,
4.86364,4.86364,
6.92,6.92,
5.6875,5.6875,
3.31579,3.31579,
2.15385,2.15385,
5.75,5.75,
4.72,4.72,
8.48148,8.48148,
0.533333,0.533333,
3.96,3.96,
3.34783,3.34783,
0.8125,0.8125,
7.93103,7.93103,
2.56,2.56,
6.96667,6.96667,
1.14286,1.14286,
2.25,2.25,
2.13043,2.13043,
9,9,
9.17391,9.17391,
3.6,3.6,
4.48148,4.48148,
3.82609,3.82609,
4.65517,4.65517,
8.64286,8.64286,
7.44444,7.44444,
2.35294,2.35294,
6.68,6.68,
3.05556,3.05556,
3.42857,3.42857,
6.68182,6.68182,
7.91667,7.91667,
4.57895,4.57895,
3,3,
0.352941,0.352941,
5.96429,5.96429,
6.38095,6.38095,
1.41667,1.41667,
0.7,0.7,
2.61905,2.61905,
1.06667,1.06667,
4,4,
2,2,
8.25926,8.25926,
9,9,
4.5,4.5,
8.55,8.55,
2.52632,2.52632,
10.8966,10.8966,
6.70833,6.70833,
2.52941,2.52941,
6.68182,6.68182,
3.28,3.28,
3.95238,3.95238,
2.03571,2.03571,
5.76923,5.76923,
3.6,3.6,
9.82143,9.82143,
2.94737,2.94737,
2,2,
7.80769,7.80769,
1.06667,1.06667,
3.10714,3.10714,
3.94444,3.94444,
4.18182,4.18182,
1.25,1.25,
10.08,10.08,
2,2,
2,2,
4.26316,4.26316,
5.73684,5.73684,
5.74074,5.74074,
7.04,7.04,
3.08333,3.08333,
7.43478,7.43478,
2.5,2.5,
3,3,
3.18182,3.18182,
1.15789,1.15789,
10.25,10.25,
4.85,4.85,
7.65,7.65,
3.26087,3.26087,
0.888889,0.888889,
1.5,1.5,
6.84,6.84,
6.47826,6.47826,
2.64706,2.64706,
2.3125,2.3125,
6.34783,6.34783,
3.71429,3.71429,
9.58333,9.58333,
3.34783,3.34783,
7,7,
7.625,7.625,
4.47619,4.47619,
3.11765,3.11765,
10.5417,10.5417,
6.84,6.84,
2.8,2.8,
1.42857,1.42857,
4.95833,4.95833,
7.66667,7.66667,
1.95455,1.95455,
6.75,6.75,
3,3,
5.21739,5.21739,
4.58333,4.58333,
4.34615,4.34615,
5.21053,5.21053,
7.71429,7.71429,
2.375,2.375,
3.3125,3.3125,
2.72222,2.72222,
1.77778,1.77778,
2.08333,2.08333,
2.6,2.6,
2.33333,2.33333,
1.41176,1.41176,
5.92,5.92,
5.95833,5.95833,
8.14286,8.14286,
7.32143,7.32143,
0.6,0.6,
12.5357,12.5357,
5.76923,5.76923,
2.85,2.85,
1.4375,1.4375,
2.4375,2.4375,
4,4,
6.30769,6.30769,
5.57143,5.57143,
4.61538,4.61538,
2.53333,2.53333,
0.882353,0.882353,
7.04348,7.04348,
7,7,
4.72,4.72,
5.63158,5.63158,
3.95,3.95,
5.92,5.92,
4.10526,4.10526,
2,2,
1,1,
4.40909,4.40909,
7.65217,7.65217,
3.66667,3.66667,
1.11111,1.11111,
2.3125,2.3125,
0.454545,0.454545,
9.22727,9.22727,
5.45,5.45,
2.66667,2.66667,
2.4375,2.4375,
4.94444,4.94444,
2.22222,2.22222,
3.57143,3.57143,
2.68421,2.68421,
6.75,6.75,
7.20833,7.20833,
6.65385,6.65385,
7.77778,7.77778,
1.07692,1.07692,
2.55,2.55,
1.73684,1.73684,
1,1,
5.46154,5.46154,
1.52941,1.52941,
2.75,2.75,
3.95238,3.95238,
4.10526,4.10526,
2.85714,2.85714,
2.53846,2.53846,
11.2083,11.2083,
2.47368,2.47368,
3.78947,3.78947,
4.86957,4.86957,
7.85185,7.85185,
5.25,5.25,
0.642857,0.642857,
9.71429,9.71429,
1.07143,1.07143,
8.40741,8.40741,
5.04167,5.04167,
5.4,5.4,
4.16,4.16,
5.0625,5.0625,
2.55556,2.55556,
6.23077,6.23077,
8.13636,8.13636,
0.933333,0.933333,
7.86957,7.86957,
6.16667,6.16667,
6.4375,6.4375,
3.55556,3.55556,
5.61538,5.61538,
4.38462,4.38462,
1.2,1.2,
3.77778,3.77778,
2.25,2.25,
8.17241,8.17241,
2.47619,2.47619,
9.04545,9.04545,
5.32,5.32,
1.75,1.75,
5.0625,5.0625,
7.46154,7.46154,
1.1875,1.1875,
3.42857,3.42857,
5.33333,5.33333,
7.04167,7.04167,
10,10,
5.35294,5.35294,
5.66667,5.66667,
9.96,9.96,
2.5,2.5,
5,5,
2.33333,2.33333,
2.72727,2.72727,
7.47619,7.47619,
5.53571,5.53571,
3.72,3.72,
3.89474,3.89474,
10.84,10.84,
6.69231,6.69231,
5.66667,5.66667,
2.05882,2.05882,
5.15385,5.15385,
7.90909,7.90909,
6.08,6.08,
6.55556,6.55556,
6.56522,6.56522,
4.78261,4.78261,
3.21053,3.21053,
1.14286,1.14286,
2.22222,2.22222,
5.68182,5.68182,
1.09091,1.09091,
1.73684,1.73684,
4.21739,4.21739,
3.5625,3.5625,
1.5,1.5,
3.90476,3.90476,
3.38889,3.38889,
6.27273,6.27273,
1.27778,1.27778,
2.29412,2.29412,
1.35714,1.35714,
6.26667,6.26667,
6.04348,6.04348,
9.04348,9.04348,
8.04167,8.04167,
3.11111,3.11111,
1.22222,1.22222,
6.53846,6.53846,
2.1,2.1,
6.84,6.84,
1.66667,1.66667,
1.53333,1.53333,
4.5,4.5,
10.1111,10.1111,
2.33333,2.33333,
2.43478,2.43478,
6.86364,6.86364,
5.33333,5.33333,
2.44444,2.44444,
2.66667,2.66667,
2.04762,2.04762,
5.12,5.12,
4.57895,4.57895,
10.32,10.32,
3.61905,3.61905,
2.14286,2.14286,
12.4815,12.4815,
7.04167,7.04167,
1.84615,1.84615,
1.58824,1.58824,
4.125,4.125,
5.69231,5.69231,
8.77778,8.77778,
4.84615,4.84615,
5.52632,5.52632,
6.11111,6.11111,
2.35294,2.35294,
1.64286,1.64286,
5.34783,5.34783,
9.15,9.15,
3.84,3.84,
4.63636,4.63636,
2.88235,2.88235,
13.8333,13.8333,
10.8846,10.8846,
5.3,5.3,
5.3,5.3,
5.42857,5.42857,
1.15385,1.15385,
9.48276,9.48276,
2.7037,2.7037,
5.53846,5.53846,
4.8,4.8,
1.26667,1.26667,
5.66667,5.66667,
6.34783,6.34783,
2.10526,2.10526,
9.16,9.16,
0.928571,0.928571,
5.05556,5.05556,
5.4,5.4,
5.21739,5.21739,
10.0435,10.0435,
6.47368,6.47368,
10.1538,10.1538,
6.33333,6.33333,
1.89474,1.89474,
7,7,
3.11765,3.11765,
1.3125,1.3125,
1.53846,1.53846,
3.94444,3.94444,
3.96296,3.96296,
4.5,4.5,
5.16,5.16,
2.41176,2.41176,
1.53571,1.53571,
8.17391,8.17391,
5.92308,5.92308,
9.28571,9.28571,
2.64286,2.64286,
1.625,1.625,
5.16,5.16,
1.36364,1.36364,
0.9375,0.9375,
5.52632,5.52632,
7.30769,7.30769,
0.583333,0.583333,
3,3,
5.37037,5.37037,
6.47619,6.47619,
4.56,4.56,
2.42857,2.42857,
4.33333,4.33333,
1,1,
1.33333,1.33333,
6.08696,6.08696,
10.4643,10.4643,
9.30769,9.30769,
1.35294,1.35294,
7.5,7.5,
5.27273,5.27273,
5.41176,5.41176,
4.41379,4.41379,
6.33333,6.33333,
2.09091,2.09091,
3.88889,3.88889,
7.83333,7.83333,
2.38889,2.38889,
5,5,
12.0345,12.0345,
3.46429,3.46429,
5,5,
1.7,1.7,
1.3125,1.3125,
2.94444,2.94444,
3.13043,3.13043,
3.91304,3.91304,
1.16667,1.16667,
5.2,5.2,
2.69231,2.69231,
0.6,0.6,
10.8333,10.8333,
0.714286,0.714286,
2.27273,2.27273,
4.42308,4.42308,
2.27778,2.27778,
2.625,2.625,
5.3913,5.3913,
2.63636,2.63636,
1.81818,1.81818,
1.1,1.1,
3.22727,3.22727,
2.86957,2.86957,
7.35,7.35,
1.84615,1.84615,
3.59091,3.59091,
2.90476,2.90476,
5.55,5.55,
5.625,5.625,
12.4074,12.4074,
1.84615,1.84615,
1.625,1.625,
11.28,11.28,
9.70833,9.70833,
1.0625,1.0625,
5.73684,5.73684,
1.88235,1.88235,
2.46667,2.46667,
0.909091,0.909091,
4.80952,4.80952,
1.58824,1.58824,
5.33333,5.33333,
1.05882,1.05882,
6.5,6.5,
3,3,
6.47059,6.47059,
2.06667,2.06667,
3.90476,3.90476,
1.66667,1.66667,
7.3913,7.3913,
6.57692,6.57692,
7.70833,7.70833,
2.68421,2.68421,
1.17647,1.17647,
2.54839,2.54839,
7.56522,7.56522,
9.88889,9.88889,
8.7619,8.7619,
4.40909,4.40909,
9.09091,9.09091,
1.16667,1.16667,
2.47619,2.47619,
2.10526,2.10526,
8.125,8.125,
3.22222,3.22222,
13.931,13.931,
4.25926,4.25926,
4.65385,4.65385,
6.55172,6.55172,
1.46154,1.46154,
2.10526,2.10526,
2.95,2.95,
1.125,1.125,
6.03571,6.03571,
7,7,
3.14286,3.14286,
5.33333,5.33333,
1.64706,1.64706,
2.63636,2.63636,
7.23077,7.23077,
2.81818,2.81818,
4.75,4.75,
2.47619,2.47619,
10.92,10.92,
7.92857,7.92857,
3.4375,3.4375,
1.13333,1.13333,
5.55556,5.55556,
6.61111,6.61111,
2.85,2.85,
7.8,7.8,
9.64,9.64,
12.5357,12.5357,
5.26923,5.26923,
5.15789,5.15789,
6.04167,6.04167,
3.26316,3.26316,
7.3913,7.3913,
5.88462,5.88462,
7.5,7.5,
1.1875,1.1875,
1.08333,1.08333,
2.73913,2.73913,
4.86957,4.86957,
2.875,2.875,
2.73684,2.73684,
5.85714,5.85714,
7.23077,7.23077,
2.09524,2.09524,
5.72727,5.72727,
1.53846,1.53846,
2.96296,2.96296,
0.777778,0.777778,
11.6071,11.6071,
6.04545,6.04545,
1.5,1.5,
2.81818,2.81818,
9.69231,9.69231,
2.40741,2.40741,
2.35,2.35,
4.28571,4.28571,
2.17647,2.17647,
8.46429,8.46429,
1.76923,1.76923,
2.57895,2.57895,
1.18182,1.18182,
5.36364,5.36364,
1.5,1.5,
1.94118,1.94118,
1.61905,1.61905,
2.57692,2.57692,
6.1,6.1,
6,6,
1.375,1.375,
2.6875,2.6875,
5.76923,5.76923,
4.95,4.95,
3.09524,3.09524,
5.17391,5.17391,
1.31579,1.31579,
1.4375,1.4375,
9.37037,9.37037,
4.65,4.65,
1,1,
4.68966,4.68966,
1.61538,1.61538,
4.47368,4.47368,
8.33333,8.33333,
3,3,
8.82143,8.82143,
2.125,2.125,
8.22222,8.22222,
11.3214,11.3214,
8.28571,8.28571,
4.04762,4.04762,
4.86207,4.86207,
6.38889,6.38889,
1.88235,1.88235,
4.03704,4.03704,
1.6,1.6,
7.24138,7.24138,
12.2857,12.2857,
1.44444,1.44444,
1.36842,1.36842,
4.56522,4.56522,
8.23077,8.23077,
3.11538,3.11538,
2.52941,2.52941,
11.16,11.16,
6.26923,6.26923,
1.84211,1.84211,
5.31579,5.31579,
8.61538,8.61538,
2.95,2.95,
6.96,6.96,
2.38889,2.38889,
1.3125,1.3125,
0.666667,0.666667,
12.3448,12.3448,
2.90476,2.90476,
7.91667,7.91667,
0.666667,0.666667,
0.916667,0.916667,
1.4,1.4,
2.0625,2.0625,
6.95455,6.95455,
10.44,10.44,
9.62963,9.62963,
4.23529,4.23529,
2.21053,2.21053,
0.6875,0.6875,
3.09091,3.09091,
9.58333,9.58333,
7.64286,7.64286,
10.2857,10.2857,
1.85714,1.85714,
5.76471,5.76471,
1.15385,1.15385,
5.86957,5.86957,
2.11765,2.11765,
4.92308,4.92308,
6.1,6.1,
5.66667,5.66667,
10.6667,10.6667,
9.55556,9.55556,
2.75,2.75,
3.94444,3.94444,
4.52381,4.52381,
11.2963,11.2963,
5.11111,5.11111,
5.47826,5.47826,
7,7,
5.84,5.84,
1.36364,1.36364,
3.15789,3.15789,
11.2333,11.2333,
7.2,7.2,
1.18182,1.18182,
3.21053,3.21053,
0.833333,0.833333,
5.72727,5.72727,
4.05882,4.05882,
3.625,3.625,
5.16667,5.16667,
10.04,10.04,
2.70588,2.70588,
0.555556,0.555556,
5.25,5.25,
4.61111,4.61111,
6.33333,6.33333,
2.63636,2.63636,
3.52174,3.52174,
5.88462,5.88462,
6.18182,6.18182,
13.3793,13.3793,
3.80952,3.80952,
5.18519,5.18519,
9.52174,9.52174,
5.29167,5.29167,
9.57143,9.57143,
2.2,2.2,
1.36842,1.36842,
4.05263,4.05263,
5.90476,5.90476,
8.06667,8.06667,
4.2381,4.2381,
3.46667,3.46667,
2.63158,2.63158,
2,2,
2.26667,2.26667,
4.375,4.375,
3.125,3.125,
2.64286,2.64286,
4.76,4.76,
8.79167,8.79167,
0.5,0.5,
3.2381,3.2381,
8.25,8.25,
5,5,
3.08333,3.08333,
2.125,2.125,
3.08333,3.08333,
3.8,3.8,
2,2,
7.18182,7.18182,
4.56522,4.56522,
3.29412,3.29412,
0.222222,0.222222,
1.375,1.375,
1.42857,1.42857,
6.16667,6.16667,
5.04762,5.04762,
4.10526,4.10526,
3.0625,3.0625,
1.08333,1.08333,
1.5,1.5,
4.19048,4.19048,
11.1111,11.1111,
3.12,3.12,
1.125,1.125,
5.38095,5.38095,
9.59259,9.59259,
6.5,6.5,
1.66667,1.66667,
2.77778,2.77778,
2.54545,2.54545,
0.636364,0.636364,
3.0625,3.0625,
4.51852,4.51852,
13.7667,13.7667,
2.27273,2.27273,
1.17647,1.17647,
7.63636,7.63636,
6.42105,6.42105,
5.8,5.8,
1.88889,1.88889,
4.80952,4.80952,
8,8,
1.625,1.625,
4.06667,4.06667,
4.1,4.1,
4.47368,4.47368,
3.54167,3.54167,
1.15789,1.15789,
0.571429,0.571429,
10,10,
8.47826,8.47826,
6.79167,6.79167,
2.88235,2.88235,
1.0625,1.0625,
6.7619,6.7619,
2.61111,2.61111,
5.79167,5.79167,
3.74074,3.74074,
4.76667,4.76667,
0.888889,0.888889,
3.09091,3.09091,
8.37037,8.37037,
2.67857,2.67857,
3.28,3.28,
0.904762,0.904762,
4.42857,4.42857,
2,2,
8.3913,8.3913,
4.68182,4.68182,
5.80769,5.80769,
5,5,
3.70588,3.70588,
4.29412,4.29412,
7.7037,7.7037,
3.33333,3.33333,
4.4,4.4,
4.78261,4.78261,
8.34615,8.34615,
4.59091,4.59091,
3.75,3.75,
8.5,8.5,
4.54167,4.54167,
6.58621,6.58621,
2.4,2.4,
4.5,4.5,
6.17647,6.17647,
4.09524,4.09524,
4.6,4.6,
5.48,5.48,
6.22727,6.22727,
6.04167,6.04167,
3,3,
11.5556,11.5556,
1.66667,1.66667,
3.13333,3.13333,
1.35,1.35,
8.75,8.75,
6.92593,6.92593,
7.11111,7.11111,
7.41667,7.41667,
5.85,5.85,
6.57692,6.57692,
1.41176,1.41176,
6.35714,6.35714,
7.85185,7.85185,
1,1,
2.21053,2.21053,
1,1,
1.45455,1.45455,
5.66667,5.66667,
5.56522,5.56522,
12.3571,12.3571,
2.66667,2.66667,
5.90476,5.90476,
3.41176,3.41176,
4.25,4.25,
9.52,9.52,
4.32143,4.32143,
5.75,5.75,
3.71429,3.71429,
2.125,2.125,
0.923077,0.923077,
5.29167,5.29167,
3.52632,3.52632,
6.875,6.875,
6.48,6.48,
7.18182,7.18182,
5.72727,5.72727,
0.923077,0.923077,
3.21429,3.21429,
3.46667,3.46667,
6.59259,6.59259,
5.18182,5.18182,
6.41379,6.41379,
3.05556,3.05556,
5.22222,5.22222,
5.15,5.15,
6.36,6.36,
2.125,2.125,
3.81818,3.81818,
9.25926,9.25926,
3.27273,3.27273,
6.5,6.5,
2.65217,2.65217,
1.85714,1.85714,
0.916667,0.916667,
9.82609,9.82609,
1.13333,1.13333,
7.25,7.25,
0.846154,0.846154,
2.83333,2.83333,
1.64286,1.64286,
7.92593,7.92593,
6.8,6.8,
2.58824,2.58824,
3.33333,3.33333,
2.15385,2.15385,
8.52381,8.52381,
4,4,
4.6087,4.6087,
4.82143,4.82143,
1.86667,1.86667,
1.46667,1.46667,
9.83333,9.83333,
9.20833,9.20833,
3.74074,3.74074,
5.53846,5.53846,
6.53333,6.53333,
5,5,
3.66667,3.66667,
1.8125,1.8125,
6.76,6.76,
12,12,
2.73077,2.73077,
10.4643,10.4643,
0.8,0.8,
7.67857,7.67857,
8.48148,8.48148,
4.72727,4.72727,
2,2,
6.95238,6.95238,
2,2,
8.70833,8.70833,
2.36364,2.36364,
4.42857,4.42857,
2.4,2.4,
0.470588,0.470588,
2.5,2.5,
6.56,6.56,
0.882353,0.882353,
3.88889,3.88889,
5.92593,5.92593,
5.88462,5.88462,
6.66667,6.66667,
2.68421,2.68421,
8.5,8.5,
6.32143,6.32143,
2.42105,2.42105,
7.11538,7.11538,
2.33333,2.33333,
1.73684,1.73684,
3.71429,3.71429,
2.8125,2.8125,
6.6,6.6,
5.68,5.68,
0.846154,0.846154,
1.92857,1.92857,
8.32,8.32,
4.28571,4.28571,
6.11538,6.11538,
3.18182,3.18182,
1.66667,1.66667,
2.42105,2.42105,
10.875,10.875,
8.96154,8.96154,
2.5,2.5,
1,1,
3.47059,3.47059,
2.81818,2.81818,
5.72727,5.72727,
10.9167,10.9167,
6.81818,6.81818,
5.95238,5.95238,
6.04,6.04,
11.48,11.48,
9.65385,9.65385,
8.18519,8.18519,
1.36364,1.36364,
1.52941,1.52941,
12.5926,12.5926,
1.84211,1.84211,
0.846154,0.846154,
1.8,1.8,
1.57143,1.57143,
1.4375,1.4375,
2.69231,2.69231,
10.931,10.931,
2.8125,2.8125,
2.8125,2.8125,
1.4375,1.4375,
3.82609,3.82609,
2.66667,2.66667,
2.45,2.45,
3.57143,3.57143,
2.96552,2.96552,
7.6,7.6,
4.26667,4.26667,
4.10345,4.10345,
12.1034,12.1034,
4.47826,4.47826,
7.85185,7.85185,
6.81481,6.81481,
3.26087,3.26087,
1.73684,1.73684,
3.625,3.625,
5.35714,5.35714,
5.04348,5.04348,
4.96154,4.96154,
4,4,
2.23077,2.23077,
5.66667,5.66667,
3.52174,3.52174,
1.66667,1.66667,
2.36842,2.36842,
3.95833,3.95833,
1.1875,1.1875,
8.41667,8.41667,
7.125,7.125,
2.13043,2.13043,
3.5,3.5,
1.42857,1.42857,
8.4,8.4,
3.1,3.1,
10.4231,10.4231,
6.28,6.28,
0.875,0.875,
1.21053,1.21053,
7.23077,7.23077,
1.22222,1.22222,
4.94118,4.94118,
2.625,2.625,
2.6087,2.6087,
3.86364,3.86364,
5.10526,5.10526,
3.9,3.9,
4.96429,4.96429,
3.79167,3.79167,
2.71429,2.71429,
6.72414,6.72414,
3.0625,3.0625,
0.5625,0.5625,
5.21739,5.21739,
2.44444,2.44444,
8.59259,8.59259,
0.294118,0.294118,
2.73333,2.73333,
0.823529,0.823529,
3.29167,3.29167,
3.27273,3.27273,
2.625,2.625,
3.31579,3.31579,
11,11,
10.4,10.4,
3.05263,3.05263,
4.74074,4.74074,
3.05882,3.05882,
7.42857,7.42857,
4,4,
3.21429,3.21429,
5.875,5.875,
8.30769,8.30769,
4.76,4.76,
2.14286,2.14286,
1.1875,1.1875,
3.14286,3.14286,
1.42857,1.42857,
6.95455,6.95455,
6.47619,6.47619,
5.45455,5.45455,
6.53571,6.53571,
9.33333,9.33333,
5.84615,5.84615,
3.95833,3.95833,
7.26923,7.26923,
3.7,3.7,
9.33333,9.33333,
1.4,1.4,
1.38462,1.38462,
3.71429,3.71429,
9.69231,9.69231,
2.5,2.5,
1.14286,1.14286,
1.54545,1.54545,
6.2,6.2,
5.63158,5.63158,
7.34615,7.34615,
1.44444,1.44444,
7.29167,7.29167,
3.2,3.2,
4.47368,4.47368,
7.77778,7.77778,
3.47368,3.47368,
4.95238,4.95238,
3.95652,3.95652,
4.82609,4.82609,
1.5625,1.5625,
0.272727,0.272727,
1.33333,1.33333,
6.34783,6.34783,
0.916667,0.916667,
2.85,2.85,
4,4,
3.79167,3.79167,
2.4,2.4,
10.7308,10.7308,
3.69231,3.69231,
5.73077,5.73077,
3,3,
6.18182,6.18182,
7.67857,7.67857,
4.25,4.25,
2.70588,2.70588,
6.65385,6.65385,
3.52941,3.52941,
2.57143,2.57143,
1.86667,1.86667,
3.86957,3.86957,
5.09524,5.09524,
2.375,2.375,
2.125,2.125,
5.47826,5.47826,
3,3,
11.9231,11.9231,
6.25926,6.25926,
3.73333,3.73333,
3.76923,3.76923,
3.76923,3.76923,
0.692308,0.692308,
3.5,3.5,
4.85714,4.85714,
6.21429,6.21429,
6.43478,6.43478,
1.15385,1.15385,
7.3913,7.3913,
2.35,2.35,
3.66667,3.66667,
6.70833,6.70833,
4.73913,4.73913,
5.83333,5.83333,
2.84211,2.84211,
8.22222,8.22222,
4.59259,4.59259,
5.08696,5.08696,
8.67857,8.67857,
2.78947,2.78947,
3.47619,3.47619,
6.125,6.125,
1.35294,1.35294,
2.2,2.2,
9.1,9.1,
2.94737,2.94737,
7.84615,7.84615,
1.85714,1.85714,
1.61905,1.61905,
2.52381,2.52381,
3.52381,3.52381,
9.88462,9.88462,
13,13,
2.38462,2.38462,
3.28571,3.28571,
3.36842,3.36842,
5.36842,5.36842,
5.15,5.15,
9.33333,9.33333,
4.44444,4.44444,
2.45455,2.45455,
2.44444,2.44444,
7.2,7.2,
6.14286,6.14286,
3.45,3.45,
1.14286,1.14286,
5.125,5.125,
2.5,2.5,
3.57143,3.57143,
1.27273,1.27273,
3.16667,3.16667,
1.25,1.25,
5.67857,5.67857,
13.6333,13.6333,
2.92857,2.92857,
1.45455,1.45455,
2.61538,2.61538,
4.76,4.76,
2.47059,2.47059,
5.7,5.7,
5.44,5.44,
5.56,5.56,
6.28,6.28,
4.73333,4.73333,
1.72222,1.72222,
1,1,
9.81481,9.81481,
7.73913,7.73913,
0.666667,0.666667,
7.07407,7.07407,
9.38462,9.38462,
0.588235,0.588235,
4.33333,4.33333,
7.45455,7.45455,
11.92,11.92,
5.33333,5.33333,
3,3,
2.07143,2.07143,
5.68421,5.68421,
2.18182,2.18182,
3.05,3.05,
0.75,0.75,
7.33333,7.33333,
6.27273,6.27273,
6.43478,6.43478,
4.57143,4.57143,
6.71429,6.71429,
8.80769,8.80769,
8.30769,8.30769,
4.58333,4.58333,
4.72727,4.72727,
13.0345,13.0345,
2.13333,2.13333,
4.30435,4.30435,
7.51852,7.51852,
1.95455,1.95455,
5,5,
1.92857,1.92857,
5.45455,5.45455,
2.8125,2.8125,
5.66667,5.66667,
8.625,8.625,
3.66667,3.66667,
3.45455,3.45455,
3.05556,3.05556,
3.11111,3.11111,
0.625,0.625,
6.12,6.12,
3.1,3.1,
7.24,7.24,
6.125,6.125,
8.96154,8.96154,
1.72222,1.72222,
1.9375,1.9375,
2.44444,2.44444,
5.54545,5.54545,
4.4,4.4,
10.6538,10.6538,
5.73913,5.73913,
5.79167,5.79167,
2.5,2.5,
2.84615,2.84615,
9.48,9.48,
5.25,5.25,
2.57143,2.57143,
2.47059,2.47059,
5.07143,5.07143,
6,6,
5.04545,5.04545,
4,4,
5.39286,5.39286,
3.42105,3.42105,
3.86957,3.86957,
9.03846,9.03846,
5.19231,5.19231,
3.25,3.25,
1.14286,1.14286,
3.88889,3.88889,
6.6,6.6,
2.57143,2.57143,
9.31818,9.31818,
7.69565,7.69565,
11.08,11.08,
6.32,6.32,
4.2381,4.2381,
3.66667,3.66667,
4.25,4.25,
5.27273,5.27273,
5.26087,5.26087,
1,1,
4.46154,4.46154,
7.5,7.5,
5.18182,5.18182,
4,4,
6.80769,6.80769,
8.84,8.84,
0.818182,0.818182,
10.4583,10.4583,
4.2381,4.2381,
1.95455,1.95455,
3.43478,3.43478,
2,2,
5.65385,5.65385,
6.04,6.04,
2.21739,2.21739,
1.42105,1.42105,
11.3448,11.3448,
10.12,10.12,
3.15789,3.15789,
3.47059,3.47059,
2.3125,2.3125,
6.86957,6.86957,
2.68421,2.68421,
9.88889,9.88889,
4.32,4.32,
1.17647,1.17647,
0.9375,0.9375,
5.45833,5.45833,
8.27586,8.27586,
7.45,7.45,
5.85714,5.85714,
2.05882,2.05882,
1.33333,1.33333,
6.72727,6.72727,
4.125,4.125,
4.44444,4.44444,
9.46154,9.46154,
9.88889,9.88889,
0.75,0.75,
5.1,5.1,
9.87097,9.87097,
1.18182,1.18182,
5.82609,5.82609,
2.54167,2.54167,
3.07407,3.07407,
4.56522,4.56522,
2.70588,2.70588,
13.5333,13.5333,
3.78571,3.78571,
6.84,6.84,
4.47619,4.47619,
3.25,3.25,
1.53333,1.53333,
3.25,3.25,
9.26087,9.26087,
3.05882,3.05882,
12.3448,12.3448,
5.95,5.95,
3.59091,3.59091,
4.92,4.92,
3.04,3.04,
1.52632,1.52632,
6.39286,6.39286,
2.05263,2.05263,
11.7857,11.7857,
3.55556,3.55556,
4.59091,4.59091,
3.19231,3.19231,
3.73684,3.73684,
4.25,4.25,
9.82609,9.82609,
3.8,3.8,
7.33333,7.33333,
6.07692,6.07692,
6.08696,6.08696,
10.2857,10.2857,
3.93333,3.93333,
4.6,4.6,
2,2,
1.82353,1.82353,
2.18182,2.18182,
2.90476,2.90476,
2.34783,2.34783,
9.03571,9.03571,
1.42857,1.42857,
2.94118,2.94118,
9,9,
3.88235,3.88235,
2.42105,2.42105,
3,3,
4.63158,4.63158,
3.26667,3.26667,
0.777778,0.777778,
3.5,3.5,
4.94737,4.94737,
1.16667,1.16667,
3.1,3.1,
7.22222,7.22222,
8.58333,8.58333,
1.04545,1.04545,
4.66667,4.66667,
2.44444,2.44444,
2.58824,2.58824,
4.6,4.6,
10,10,
1.15385,1.15385,
7.15,7.15,
3.04545,3.04545,
10,10,
4.125,4.125,
2.125,2.125,
2.90909,2.90909,
3.04762,3.04762,
9.10345,9.10345,
6.32,6.32,
3.72727,3.72727,
5.04348,5.04348,
0.923077,0.923077,
5.56522,5.56522,
2.58824,2.58824,
1.6,1.6,
4.125,4.125,
2.17647,2.17647,
1.08696,1.08696,
8.25,8.25,
7.5,7.5,
7.32143,7.32143,
2.125,2.125,
3.66667,3.66667,
1.23529,1.23529,
6.13043,6.13043,
1.76923,1.76923,
1.06667,1.06667,
3.13636,3.13636,
3.3913,3.3913,
2.09091,2.09091,
3,3,
2.29167,2.29167,
8,8,
4.875,4.875,
9,9,
2.46154,2.46154,
2.94444,2.94444,
0.181818,0.181818,
2,2,
2.13333,2.13333,
1.40909,1.40909,
3.26667,3.26667,
4.96296,4.96296,
3.95833,3.95833,
1,1,
6.86957,6.86957,
11,11,
1.46154,1.46154,
2.6875,2.6875,
3,3,
6.6087,6.6087,
5.18182,5.18182,
3.92593,3.92593,
7.69565,7.69565,
9.2963,9.2963,
4.04167,4.04167,
9.26923,9.26923,
3.8,3.8,
4,4,
4.9375,4.9375,
4.84211,4.84211,
3.89474,3.89474,
3.66667,3.66667,
1.92,1.92,
3.91667,3.91667,
2.1875,2.1875,
1.45455,1.45455,
4.78261,4.78261,
0.692308,0.692308,
5.34783,5.34783,
7.04,7.04,
7.66667,7.66667,
5.26087,5.26087,
1.38462,1.38462,
7.17391,7.17391,
7.42857,7.42857,
2.52941,2.52941,
9.77778,9.77778,
11.963,11.963,
2.13636,2.13636,
2.88235,2.88235,
7.13636,7.13636,
10.7143,10.7143,
5.95455,5.95455,
7.07143,7.07143,
0.142857,0.142857,
1.44444,1.44444,
2.75,2.75,
3.8,3.8,
4.24,4.24,
3.28571,3.28571,
3.38462,3.38462,
3.2381,3.2381,
1.58824,1.58824,
13.6897,13.6897,
3.09524,3.09524,
2.36842,2.36842,
1.6,1.6,
9.96552,9.96552,
7.96296,7.96296,
6.10714,6.10714,
7.70833,7.70833,
8.45,8.45,
4.10526,4.10526,
4.75,4.75,
6.85714,6.85714,
3.875,3.875,
8.59259,8.59259,
2.47059,2.47059,
2.28571,2.28571,
1.92857,1.92857,
5.80769,5.80769,
2.4375,2.4375,
3.52632,3.52632,
2.14286,2.14286,
8.33333,8.33333,
1.63636,1.63636,
6.6,6.6,
1.66667,1.66667,
11.3214,11.3214,
10.3448,10.3448,
2.5,2.5,
7.55556,7.55556,
2.125,2.125,
1.85714,1.85714,
2.5625,2.5625,
7.05,7.05,
5.17241,5.17241,
5.52941,5.52941,
3.24,3.24,
5.125,5.125,
0.8,0.8,
2.5,2.5,
1.26316,1.26316,
1.26667,1.26667,
2.45,2.45,
6.30769,6.30769,
4.42308,4.42308,
3,3,
3.78571,3.78571,
2.7037,2.7037,
1.56522,1.56522,
3.21053,3.21053,
2.84211,2.84211,
4.91304,4.91304,
2.52941,2.52941,
3.68,3.68,
0.846154,0.846154,
4.88889,4.88889,
0.25,0.25,
1.78571,1.78571,
9.40741,9.40741,
2.88235,2.88235,
5.92593,5.92593,
6.33333,6.33333,
1.09091,1.09091,
4.03448,4.03448,
0.777778,0.777778,
8.68,8.68,
3.14286,3.14286,
3.55,3.55,
1.38462,1.38462,
3.96154,3.96154,
6.2,6.2,
3.92,3.92,
6.78261,6.78261,
5.13636,5.13636,
4.29412,4.29412,
3.72414,3.72414,
7.125,7.125,
12.9286,12.9286,
13.4643,13.4643,
3.875,3.875,
1.16667,1.16667,
6.8,6.8,
4.78947,4.78947,
6.16,6.16,
1.38462,1.38462,
5.29412,5.29412,
4.625,4.625,
10.2414,10.2414,
6.48276,6.48276,
0.894737,0.894737,
3.33333,3.33333,
4,4,
6.52174,6.52174,
5.81481,5.81481,
3.71429,3.71429,
1.72222,1.72222,
5.88,5.88,
9.14815,9.14815,
5,5,
10.6429,10.6429,
1.92857,1.92857,
9.31818,9.31818,
5.04545,5.04545,
7.2069,7.2069,
1.36842,1.36842,
4.47619,4.47619,
2.84211,2.84211,
8.06897,8.06897,
3.89474,3.89474,
4.16667,4.16667,
6.5,6.5,
3.11111,3.11111,
1.69231,1.69231,
4.58824,4.58824,
3.65,3.65,
3.83333,3.83333,
2.8,2.8,
1.6,1.6,
8.375,8.375,
7.59091,7.59091,
2.29167,2.29167,
2.71429,2.71429,
6.26667,6.26667,
1.42857,1.42857,
4.26316,4.26316,
1.23077,1.23077,
3.23529,3.23529,
4.95652,4.95652,
5.55556,5.55556,
1.33333,1.33333,
2,2,
0.944444,0.944444,
4.29412,4.29412,
2.76471,2.76471,
7.54167,7.54167,
1.46667,1.46667,
1.21053,1.21053,
6.57692,6.57692,
1.73333,1.73333,
4.04348,4.04348,
0.818182,0.818182,
5.48148,5.48148,
2.5,2.5,
3.26316,3.26316,
2.55,2.55,
7.7,7.7,
5.91304,5.91304,
2.75,2.75,
10.56,10.56,
2.25,2.25,
4.69231,4.69231,
2.86667,2.86667,
5.27273,5.27273,
2.8,2.8,
6,6,
8.5,8.5,
2.65,2.65,
1.6,1.6,
7.96,7.96,
2.2,2.2,
5.72727,5.72727,
3.72222,3.72222,
9.30769,9.30769,
4.31579,4.31579,
0.909091,0.909091,
4.5,4.5,
1.17647,1.17647,
3.07143,3.07143,
4.75,4.75,
8.91304,8.91304,
1.71429,1.71429,
11.36,11.36,
1.53846,1.53846,
5.46154,5.46154,
10.4444,10.4444,
1.38889,1.38889,
4.64286,4.64286,
3,3,
8.84615,8.84615,
1.85714,1.85714,
7.7,7.7,
5.63636,5.63636,
10.4783,10.4783,
2.35,2.35,
8.85,8.85,
2.26667,2.26667,
5.71429,5.71429,
1.91667,1.91667,
1,1,
2.19048,2.19048,
3.82353,3.82353,
3.05,3.05,
1.83333,1.83333,
3.45,3.45,
1.66667,1.66667,
2.17647,2.17647,
13.1379,13.1379,
3.27778,3.27778,
2.9375,2.9375,
5.32143,5.32143,
3.2,3.2,
1.35714,1.35714,
2.35,2.35,
2,2,
0.736842,0.736842,
4.27778,4.27778,
2.625,2.625,
10.6786,10.6786,
0.846154,0.846154,
2.89474,2.89474,
4.96296,4.96296,
1.27778,1.27778,
5.65217,5.65217,
5.11111,5.11111,
0.538462,0.538462,
8.875,8.875,
7.19231,7.19231,
3.05263,3.05263,
1.15789,1.15789,
1.35294,1.35294,
11.6667,11.6667,
6.59091,6.59091,
4.75,4.75,
5.33333,5.33333,
2.8125,2.8125,
1.375,1.375,
6.68182,6.68182,
3.74074,3.74074,
2.33333,2.33333,
1.85714,1.85714,
5.5,5.5,
3.88462,3.88462,
3.38889,3.38889,
9.27586,9.27586,
11.12,11.12,
4.6,4.6,
13.4333,13.4333,
2.25,2.25,
5.05,5.05,
3.88889,3.88889,
4.09524,4.09524,
2.92857,2.92857,
7.84615,7.84615,
9,9,
6.90909,6.90909,
7.04762,7.04762,
3.75,3.75,
7.91667,7.91667,
4.04167,4.04167,
1.95652,1.95652,
4.47826,4.47826,
3.2381,3.2381,
4.375,4.375,
2.66667,2.66667,
2.22222,2.22222,
2.47368,2.47368,
5.85714,5.85714,
6.25,6.25,
7.57692,7.57692,
6.82353,6.82353,
10.44,10.44,
4.31818,4.31818,
8.68966,8.68966,
2.95238,2.95238,
6.84,6.84,
4.28571,4.28571,
6.86364,6.86364,
4.43478,4.43478,
3.45833,3.45833,
11.3704,11.3704,
5,5,
4.34615,4.34615,
8.04762,8.04762,
4.10345,4.10345,
2.5,2.5,
8.88,8.88,
8.74074,8.74074,
4.7,4.7,
1.40909,1.40909,
7.72,7.72,
1.46667,1.46667,
5.14286,5.14286,
3.33333,3.33333,
0.5,0.5,
3.84211,3.84211,
2.14286,2.14286,
11.2143,11.2143,
3.2,3.2,
7.31818,7.31818,
5.94737,5.94737,
2.91304,2.91304,
3.47826,3.47826,
9.625,9.625,
9.27586,9.27586,
1.29412,1.29412,
5.96296,5.96296,
8.33333,8.33333,
1.93333,1.93333,
1.15385,1.15385,
3.11111,3.11111,
2.64286,2.64286,
5.47826,5.47826,
5.09091,5.09091,
9.18519,9.18519,
2.72727,2.72727,
6.42857,6.42857,
3.53333,3.53333,
1.22222,1.22222,
9.37037,9.37037,
5.92593,5.92593,
2.26667,2.26667,
0.461538,0.461538,
1.16667,1.16667,
3.12,3.12,
4.30769,4.30769,
1.57895,1.57895,
3,3,
1.55,1.55,
2.55,2.55,
3.68421,3.68421,
8.26087,8.26087,
3.07143,3.07143,
3.52381,3.52381,
1,1,
11.6,11.6,
5.46667,5.46667,
1.23529,1.23529,
0.65,0.65,
6.2,6.2,
8.56522,8.56522,
3.53846,3.53846,
8.48148,8.48148,
1.81818,1.81818,
7.23077,7.23077,
4.2,4.2,
5.29167,5.29167,
7.45455,7.45455,
1.05556,1.05556,
8,8,
11.3214,11.3214,
6.63636,6.63636,
1.71429,1.71429,
5.34483,5.34483,
9.5,9.5,
1,1,
1.4,1.4,
2.11111,2.11111,
2.82353,2.82353,
9.44444,9.44444,
4.19048,4.19048,
4,4,
2.61538,2.61538,
7.03704,7.03704,
9.20833,9.20833,
8.13043,8.13043,
7.69565,7.69565,
8.16,8.16,
8.56,8.56,
3.82353,3.82353,
2.77273,2.77273,
4.61111,4.61111,
2.38889,2.38889,
3.90909,3.90909,
8.54545,8.54545,
10.2222,10.2222,
8.24138,8.24138,
2.17647,2.17647,
3.85714,3.85714,
3.42105,3.42105,
3.71429,3.71429,
6.14286,6.14286,
6.80952,6.80952,
4.95833,4.95833,
5.18182,5.18182,
2.07692,2.07692,
2.18182,2.18182,
6.20833,6.20833,
2.23529,2.23529,
2.47619,2.47619,
10.5,10.5,
3.55,3.55,
9.30769,9.30769,
1.6,1.6,
8.68,8.68,
1.7,1.7,
4.875,4.875,
4.52632,4.52632,
4.78261,4.78261,
3.23529,3.23529,
6.31818,6.31818,
2.45,2.45,
1.36364,1.36364,
9.48148,9.48148,
3.35714,3.35714,
5.15789,5.15789,
5.96429,5.96429,
5.89474,5.89474,
4.17647,4.17647,
3,3,
1.8,1.8,
2.05556,2.05556,
4.36667,4.36667,
3.81818,3.81818,
5.65,5.65,
2,2,
0.916667,0.916667,
4.89286,4.89286,
4.65,4.65,
1.42857,1.42857,
8.28,8.28,
11.04,11.04,
3.7,3.7,
1.52941,1.52941,
4.17391,4.17391,
1,1,
8.5,8.5,
2.82353,2.82353,
9.82143,9.82143,
5.17857,5.17857,
1.9375,1.9375,
4.72727,4.72727,
0.5,0.5,
1.2,1.2,
2.25,2.25,
4.125,4.125,
4.54545,4.54545,
6.34783,6.34783,
5.61538,5.61538,
12.7407,12.7407,
4.55,4.55,
7.13043,7.13043,
4.17647,4.17647,
2.5,2.5,
3.76471,3.76471,
12.2,12.2,
5.13636,5.13636,
10.28,10.28,
2.04762,2.04762,
1,1,
2.70588,2.70588,
5.68421,5.68421,
6.13636,6.13636,
7.14815,7.14815,
3.04545,3.04545,
5.25,5.25,
3.92857,3.92857,
5.66667,5.66667,
3.0625,3.0625,
6.56667,6.56667,
1.31818,1.31818,
1.27778,1.27778,
1.94737,1.94737,
7.2963,7.2963,
6,6,
1.94118,1.94118,
1.35294,1.35294,
2.80952,2.80952,
0.8,0.8,
2.27778,2.27778,
5.47368,5.47368,
4.4,4.4,
2.40741,2.40741,
6.38095,6.38095,
1.4,1.4,
2.35,2.35,
7.96552,7.96552,
1.68421,1.68421,
4.76,4.76,
5.96429,5.96429,
1.72727,1.72727,
10.913,10.913,
9.54167,9.54167,
9.55556,9.55556,
8.37037,8.37037,
8.32258,8.32258,
2.64706,2.64706,
1.47368,1.47368,
10.4643,10.4643,
11.56,11.56,
8.68,8.68,
3.26667,3.26667,
5.25,5.25,
1.09091,1.09091,
2.95,2.95,
4.78261,4.78261,
4.9,4.9,
8.62963,8.62963,
1.89474,1.89474,
3.33333,3.33333,
4.38462,4.38462,
3.16,3.16,
1.58824,1.58824,
9.58333,9.58333,
2.05556,2.05556,
5.78947,5.78947,
4.15,4.15,
2.69231,2.69231,
4.21053,4.21053,
1.41667,1.41667,
5.58333,5.58333,
2.16667,2.16667,
2.72222,2.72222,
9.78571,9.78571,
1.09091,1.09091,
2.82353,2.82353,
1.4375,1.4375,
1,1,
8.07692,8.07692,
8.11538,8.11538,
9.125,9.125,
1.68421,1.68421,
3.42105,3.42105,
0.7,0.7,
3.47826,3.47826,
10.7692,10.7692,
3.82609,3.82609,
1.1,1.1,
4.16667,4.16667,
1.27273,1.27273,
3.92857,3.92857,
3.52381,3.52381,
5.44444,5.44444,
4.55,4.55,
0.545455,0.545455,
5.18182,5.18182,
8.20833,8.20833,
5.7619,5.7619,
2.31579,2.31579,
3.5,3.5,
2.17647,2.17647,
2.95,2.95,
6.81481,6.81481,
6.22727,6.22727,
5.8,5.8,
5.35,5.35,
4.2,4.2,
0.692308,0.692308,
1.93333,1.93333,
3.25926,3.25926,
3.83333,3.83333,
2.88889,2.88889,
1,1,
2.27273,2.27273,
1.47059,1.47059,
4.22727,4.22727,
3.79167,3.79167,
1.52632,1.52632,
4.56522,4.56522,
6.26316,6.26316,
8.04167,8.04167,
8.36842,8.36842,
2.21053,2.21053,
3.40909,3.40909,
8.96429,8.96429,
6.64,6.64,
7.60714,7.60714,
3,3,
2.27778,2.27778,
1.16667,1.16667,
1.4,1.4,
6.375,6.375,
1.28571,1.28571,
11.1538,11.1538,
4.84,4.84,
0.666667,0.666667,
0.666667,0.666667,
3.70833,3.70833,
4.18519,4.18519,
3,3,
0.8,0.8,
1.52941,1.52941,
1.42105,1.42105,
3.53846,3.53846,
2.6,2.6,
2.96154,2.96154,
11.7308,11.7308,
3.26923,3.26923,
9.69231,9.69231,
1,1,
2.92857,2.92857,
10,10,
7.93333,7.93333,
1.125,1.125,
3.48276,3.48276,
1.125,1.125,
2.4,2.4,
6.78571,6.78571,
5.6087,5.6087,
4.9375,4.9375,
8.2963,8.2963,
9.625,9.625,
6,6,
2.33333,2.33333,
5.14815,5.14815,
1.4375,1.4375,
3.65,3.65,
1.25,1.25,
10.32,10.32,
3.88235,3.88235,
8.3,8.3,
6.52381,6.52381,
8.67857,8.67857,
5.91304,5.91304,
9.45,9.45,
2,2,
3.94737,3.94737,
2.88235,2.88235,
3.375,3.375,
5.33333,5.33333,
2.5,2.5,
1.94444,1.94444,
5.56522,5.56522,
4.03571,4.03571,
7.53333,7.53333,
9.26923,9.26923,
4,4,
2.62069,2.62069,
3.16,3.16,
3.85,3.85,
6.24138,6.24138,
0.5625,0.5625,
0.555556,0.555556,
6.14815,6.14815,
2.91304,2.91304,
2.57143,2.57143,
0.333333,0.333333,
8.04545,8.04545,
10.1379,10.1379,
9,9,
3.28571,3.28571,
5.91304,5.91304,
1.31579,1.31579,
4.34783,4.34783,
2.35294,2.35294,
3.64286,3.64286,
8.25,8.25,
2.58824,2.58824,
3.52941,3.52941,
8.8,8.8,
0.8,0.8,
2.35714,2.35714,
10.3333,10.3333,
4.36364,4.36364,
10.8621,10.8621,
1.61111,1.61111,
11.2692,11.2692,
7.10714,7.10714,
5.35,5.35,
2,2,
9.40741,9.40741,
3.96552,3.96552,
1.33333,1.33333,
14.2,14.2,
9.22222,9.22222,
1.21429,1.21429,
1.22222,1.22222,
1.72222,1.72222,
4.90476,4.90476,
6.3,6.3,
2.9375,2.9375,
11.88,11.88,
3.26087,3.26087,
2.46667,2.46667,
2.35,2.35,
1.7,1.7,
4.10526,4.10526,
5.7619,5.7619,
7.2,7.2,
4.77778,4.77778,
0.3,0.3,
5.86957,5.86957,
8.08,8.08,
3.05882,3.05882,
6.79167,6.79167,
8.75,8.75,
2.73333,2.73333,
9.31034,9.31034,
2.35294,2.35294,
5.45455,5.45455,
5,5,
6.96296,6.96296,
8.19048,8.19048,
2.0625,2.0625,
5.52381,5.52381,
3.66667,3.66667,
1.5,1.5,
1.28,1.28,
1.20833,1.20833,
1.33333,1.33333,
2.15789,2.15789,
6.69231,6.69231,
1.53333,1.53333,
6.54545,6.54545,
4.96,4.96,
3.82353,3.82353,
6.60714,6.60714,
1.9,1.9,
5.82759,5.82759,
7.95833,7.95833,
6.09524,6.09524,
6.75,6.75,
2.75,2.75,
0.846154,0.846154,
9.85185,9.85185,
6.84,6.84,
1.75,1.75,
2.5,2.5,
1.58824,1.58824,
2.4375,2.4375,
7.30769,7.30769,
8.57143,8.57143,
1.06667,1.06667,
7.51852,7.51852,
3.82353,3.82353,
4.16667,4.16667,
2.52174,2.52174,
6.25,6.25,
1.25,1.25,
3.29412,3.29412,
4.54167,4.54167,
13.1,13.1,
6.22222,6.22222,
3.33333,3.33333,
8.13793,8.13793,
8.90476,8.90476,
0.454545,0.454545,
4.13636,4.13636,
0.666667,0.666667,
3.51852,3.51852,
4.16667,4.16667,
0.818182,0.818182,
2,2,
1.63636,1.63636,
1.69231,1.69231,
1.71429,1.71429,
11.28,11.28,
2.72727,2.72727,
0.736842,0.736842,
1.72222,1.72222,
4.77778,4.77778,
3.38889,3.38889,
1.94444,1.94444,
3.51852,3.51852,
0.5,0.5,
1.11111,1.11111,
5.72727,5.72727,
1,1,
0.846154,0.846154,
2.47059,2.47059,
3.65217,3.65217,
6.95652,6.95652,
5.07407,5.07407,
3.73913,3.73913,
2.4375,2.4375,
3.42308,3.42308,
1.84615,1.84615,
2.76923,2.76923,
1.58824,1.58824,
1.42857,1.42857,
5.37037,5.37037,
6.32,6.32,
1.57143,1.57143,
3.05882,3.05882,
3.70833,3.70833,
5.55556,5.55556,
4,4,
0.363636,0.363636,
1.9375,1.9375,
1.5,1.5,
12.5357,12.5357,
1.46154,1.46154,
8.37037,8.37037,
0.8,0.8,
2.75,2.75,
5.04,5.04,
3,3,
7,7,
7.41379,7.41379,
8.32,8.32,
4,4,
4.2381,4.2381,
11.0714,11.0714,
1.73684,1.73684,
2.10526,2.10526,
2.88235,2.88235,
6.68182,6.68182,
3.33333,3.33333,
8.66667,8.66667,
2,2,
4.78261,4.78261,
2.4375,2.4375,
6,6,
7.34615,7.34615,
5.95833,5.95833,
4.58824,4.58824,
11.9,11.9,
2.625,2.625,
3.875,3.875,
1.06667,1.06667,
10.64,10.64,
7.58333,7.58333,
1.875,1.875,
3.05263,3.05263,
1.44444,1.44444,
4,4,
5.24,5.24,
3.35,3.35,
4.64706,4.64706,
3.42857,3.42857,
5.46667,5.46667,
6.18182,6.18182,
1.46667,1.46667,
5.63158,5.63158,
0.75,0.75,
2,2,
2.71429,2.71429,
3.71429,3.71429,
8.24,8.24,
8.72414,8.72414,
1.46667,1.46667,
4.58333,4.58333,
5.56522,5.56522,
4.33333,4.33333,
2.19048,2.19048,
1.46154,1.46154,
5.51852,5.51852,
5.33333,5.33333,
12.7143,12.7143,
9.82143,9.82143,
6.52174,6.52174,
3.25,3.25,
1.69231,1.69231,
3.5,3.5,
6.19231,6.19231,
3.3913,3.3913,
4.84615,4.84615,
2.17391,2.17391,
2.11111,2.11111,
8.5,8.5,
0.6875,0.6875,
2.75,2.75,
1.375,1.375,
4.73077,4.73077,
3.9,3.9,
3.3125,3.3125,
2.63636,2.63636,
6.34615,6.34615,
2.55556,2.55556,
3.03846,3.03846,
5,5,
1.9,1.9,
1.70588,1.70588,
3,3,
10.1154,10.1154,
0.785714,0.785714,
7,7,
2.95833,2.95833,
3.35294,3.35294,
1,1,
2.73077,2.73077,
6.61538,6.61538,
5.51852,5.51852,
6.88462,6.88462,
1.70588,1.70588,
4.8,4.8,
1.5625,1.5625,
3.53571,3.53571,
8.40741,8.40741,
4.1,4.1,
3.70833,3.70833,
8.61905,8.61905,
3.17647,3.17647,
6.4,6.4,
1.66667,1.66667,
5.5,5.5,
2.75,2.75,
7.63636,7.63636,
10.8276,10.8276,
2.72222,2.72222,
5.09524,5.09524,
10.8276,10.8276,
5.7,5.7,
1.27778,1.27778,
1.95,1.95,
7.5,7.5,
8.04,8.04,
5.6,5.6,
3.55556,3.55556,
2.73913,2.73913,
3.32,3.32,
0.8125,0.8125,
3.4375,3.4375,
1.94737,1.94737,
3.71429,3.71429,
3.54545,3.54545,
6.32,6.32,
4.44,4.44,
5.08696,5.08696,
3.73333,3.73333,
1.08333,1.08333,
7.51613,7.51613,
3.74074,3.74074,
1.15789,1.15789,
4.66667,4.66667,
5.82759,5.82759,
5.45,5.45,
7.43478,7.43478,
2.86667,2.86667,
5.83333,5.83333,
6.2381,6.2381,
1,1,
2.4,2.4,
5.66667,5.66667,
7.43478,7.43478,
9.89286,9.89286,
5,5,
2.22222,2.22222,
10.0417,10.0417,
4.0625,4.0625,
6.54167,6.54167,
5.05263,5.05263,
6.17391,6.17391,
11.2647,11.2647,
1,1,
3.65217,3.65217,
1.41667,1.41667,
4.88,4.88,
9.44444,9.44444,
5.875,5.875,
6.08696,6.08696,
1.75,1.75,
5.28571,5.28571,
1.5,1.5,
3.625,3.625,
1.47368,1.47368,
4.96154,4.96154,
11.8889,11.8889,
0.722222,0.722222,
2.27778,2.27778,
9.47826,9.47826,
6.76,6.76,
3.52632,3.52632,
4.33333,4.33333,
8.96552,8.96552,
6.83333,6.83333,
4.84211,4.84211,
1.80952,1.80952,
10.2857,10.2857,
4.375,4.375,
5,5,
2.25,2.25,
7.37931,7.37931,
6.31818,6.31818,
5,5,
6.86667,6.86667,
3.64706,3.64706,
2.375,2.375,
7.53846,7.53846,
6.68,6.68,
6.48148,6.48148,
0.727273,0.727273,
5.89655,5.89655,
2.86364,2.86364,
6.78261,6.78261,
3,3,
11.9643,11.9643,
2,2,
5.18519,5.18519,
4,4,
8.64286,8.64286,
5.21053,5.21053,
10.6786,10.6786,
1,1,
1.5,1.5,
7.46429,7.46429,
2.18519,2.18519,
5.79167,5.79167,
4.56522,4.56522,
5.47619,5.47619,
0.944444,0.944444,
3.04545,3.04545,
0.285714,0.285714,
5.57143,5.57143,
2.54545,2.54545,
5.42105,5.42105,
2.23529,2.23529,
6.04348,6.04348,
1.46154,1.46154,
10,10,
5.83333,5.83333,
5.12,5.12,
2.4,2.4,
6.76,6.76,
2.75,2.75,
1.5,1.5,
3.47368,3.47368,
5.08333,5.08333,
3.0625,3.0625,
3.73684,3.73684,
4.61111,4.61111,
1.83333,1.83333,
1.82353,1.82353,
5.10714,5.10714,
6.16667,6.16667,
6.46875,6.46875,
4.33333,4.33333,
1.5,1.5,
6.2381,6.2381,
2,2,
6.125,6.125,
4.1875,4.1875,
3.69565,3.69565,
6.40909,6.40909,
5.33333,5.33333,
9.70833,9.70833,
6.10526,6.10526,
1.88889,1.88889,
3.75,3.75,
6.29167,6.29167,
7.35714,7.35714,
9.24138,9.24138,
1.6,1.6,
6.30769,6.30769,
0.714286,0.714286,
9.10714,9.10714,
2.72222,2.72222,
8,8,
2.68421,2.68421,
9.03704,9.03704,
6.25926,6.25926,
2.78261,2.78261,
3.38095,3.38095,
8.74194,8.74194,
4.47059,4.47059,
6.79167,6.79167,
5.5,5.5,
6.33333,6.33333,
1.8,1.8,
8.18519,8.18519,
3.63636,3.63636,
1.22222,1.22222,
0.384615,0.384615,
2.2,2.2,
1.13333,1.13333,
2.57895,2.57895,
2,2,
7.83333,7.83333,
8.33333,8.33333,
0.25,0.25,
6.59091,6.59091,
10.3929,10.3929,
2.40909,2.40909,
7.96154,7.96154,
1.25,1.25,
4.66667,4.66667,
7.15385,7.15385,
1.42105,1.42105,
1.26667,1.26667,
2.7,2.7,
9.35714,9.35714,
8,8,
4.48,4.48,
2.23529,2.23529,
1.63636,1.63636,
6,6,
1.73333,1.73333,
5.25,5.25,
1.625,1.625,
1.55,1.55,
1.70588,1.70588,
1.0625,1.0625,
9.69565,9.69565,
10.5,10.5,
4.34783,4.34783,
1.46667,1.46667,
11.04,11.04,
5.59091,5.59091,
1.33333,1.33333,
7.22727,7.22727,
10.1111,10.1111,
3.71429,3.71429,
5.61538,5.61538,
6.53846,6.53846,
1.6875,1.6875,
2.15385,2.15385,
1.46154,1.46154,
9.76923,9.76923,
9.23077,9.23077,
4.35714,4.35714,
3.38462,3.38462,
9.65217,9.65217,
5.05,5.05,
3.875,3.875,
2.53846,2.53846,
6.1,6.1,
6.36364,6.36364,
6.95455,6.95455,
4.64,4.64,
3.76471,3.76471,
3.77273,3.77273,
3.86957,3.86957,
11.8519,11.8519,
4.31579,4.31579,
4.53571,4.53571,
4.77273,4.77273,
8.65385,8.65385,
8.91667,8.91667,
3,3,
3.45,3.45,
8.71429,8.71429,
3.16667,3.16667,
7.05263,7.05263,
6,6,
8.71429,8.71429,
4.68,4.68,
5.82609,5.82609,
2.52941,2.52941,
0.470588,0.470588,
2.35294,2.35294,
6.70833,6.70833,
4.59091,4.59091,
2.35294,2.35294,
1.75,1.75,
0.4,0.4,
3.85185,3.85185,
3.63636,3.63636,
7.10526,7.10526,
1,1,
6.44444,6.44444,
1.78571,1.78571,
6.29167,6.29167,
1.53333,1.53333,
3.33333,3.33333,
1.6087,1.6087,
9.80952,9.80952,
7.03846,7.03846,
8.52381,8.52381,
8.45,8.45,
6,6,
4.6087,4.6087,
1.72222,1.72222,
10,10,
10.12,10.12,
0.222222,0.222222,
3.38889,3.38889,
3.625,3.625,
13.931,13.931,
2.47059,2.47059,
5.72222,5.72222,
1.94737,1.94737,
2.88889,2.88889,
5.3,5.3,
3.125,3.125,
6.86364,6.86364,
8.07143,8.07143,
2.90476,2.90476,
3.54167,3.54167,
9.7931,9.7931,
7.17391,7.17391,
9.34615,9.34615,
5.89474,5.89474,
5,5,
0.785714,0.785714,
6.7,6.7,
2.63636,2.63636,
5.71429,5.71429,
1.6875,1.6875,
2.9375,2.9375,
4.29167,4.29167,
5.2963,5.2963,
4.95652,4.95652,
2.6,2.6,
10.5385,10.5385,
3.64,3.64,
7.65517,7.65517,
3.10526,3.10526,
0.933333,0.933333,
1.57895,1.57895,
2.5,2.5,
6.47826,6.47826,
3.64286,3.64286,
5.82759,5.82759,
0.7,0.7,
7.07143,7.07143,
9.77778,9.77778,
1.3125,1.3125,
2.35294,2.35294,
2.65385,2.65385,
5.33333,5.33333,
0.4,0.4,
5.88889,5.88889,
0.636364,0.636364,
3.70833,3.70833,
2.69231,2.69231,
11.56,11.56,
2.63158,2.63158,
3.45,3.45,
1.75,1.75,
2,2,
4.21053,4.21053,
0.636364,0.636364,
2,2,
0.866667,0.866667,
6.375,6.375,
1.75,1.75,
11.8276,11.8276,
1,1,
1.52941,1.52941,
6.95455,6.95455,
7.51852,7.51852,
6.14286,6.14286,
5.17241,5.17241,
3.88235,3.88235,
6.31579,6.31579,
6.6129,6.6129,
9.30769,9.30769,
5.35714,5.35714,
5.31579,5.31579,
4.73684,4.73684,
5.75,5.75,
3.63158,3.63158,
6.38095,6.38095,
5.94737,5.94737,
2,2,
5.88462,5.88462,
5.7619,5.7619,
12.6552,12.6552,
6.88,6.88,
7.23077,7.23077,
1.16667,1.16667,
1.57143,1.57143,
2.8,2.8,
4.18182,4.18182,
5.04167,5.04167,
4.22727,4.22727,
1,1,
4.38095,4.38095,
3.23077,3.23077,
3.2,3.2,
6.2,6.2,
4.88889,4.88889,
2.91667,2.91667,
3.55556,3.55556,
11.8276,11.8276,
9.19231,9.19231,
3.96154,3.96154,
1.63636,1.63636,
3.33333,3.33333,
4.79167,4.79167,
2.15,2.15,
6.42308,6.42308,
5.21739,5.21739,
3.2069,3.2069,
5.52174,5.52174,
7,7,
8,8,
2.1875,2.1875,
1.94737,1.94737,
3.75,3.75,
8.44,8.44,
6.16667,6.16667,
2.5,2.5,
1.4,1.4,
2.63158,2.63158,
1.15385,1.15385,
7.32143,7.32143,
5.03448,5.03448,
7.28571,7.28571,
3.31818,3.31818,
4.21053,4.21053,
3.5,3.5,
4.35714,4.35714,
10,10,
3.21053,3.21053,
2.58824,2.58824,
3.94737,3.94737,
1.31579,1.31579,
9.03704,9.03704,
2.9,2.9,
2.53333,2.53333,
8.69231,8.69231,
2.45455,2.45455,
6.26087,6.26087,
3.76471,3.76471,
9.89286,9.89286,
3.33333,3.33333,
4.57143,4.57143,
0.461538,0.461538,
4.1875,4.1875,
3.53846,3.53846,
5.1,5.1,
8.60714,8.60714,
3.72727,3.72727,
1.64286,1.64286,
3.86667,3.86667,
1.9375,1.9375,
3.07692,3.07692,
0.923077,0.923077,
8.84,8.84,
1.08333,1.08333,
0.615385,0.615385,
1.47059,1.47059,
4.2,4.2,
5.66667,5.66667,
1.07692,1.07692,
3.84,3.84,
10.6429,10.6429,
4.61905,4.61905,
8.73077,8.73077,
7.03846,7.03846,
4.16667,4.16667,
1.47368,1.47368,
1.58824,1.58824,
4.10714,4.10714,
5.07692,5.07692,
10.75,10.75,
9.34483,9.34483,
12.4615,12.4615,
1.91667,1.91667,
0.636364,0.636364,
4.85,4.85,
5.73913,5.73913,
10.84,10.84,
0.526316,0.526316,
2.53333,2.53333,
12.3846,12.3846,
6.59259,6.59259,
2.63158,2.63158,
1.95238,1.95238,
3.66667,3.66667,
4.29412,4.29412,
3.11111,3.11111,
8.80952,8.80952,
8.65517,8.65517,
2.33333,2.33333,
4.5,4.5,
3.88235,3.88235,
7,7,
8.31818,8.31818,
7.6,7.6,
6,6,
7.82609,7.82609,
1.10526,1.10526,
5.88,5.88,
3.4,3.4,
1.45455,1.45455,
3.35,3.35,
9.26087,9.26087,
1.2,1.2,
6.27586,6.27586,
4.62963,4.62963,
0.684211,0.684211,
1.875,1.875,
1.66667,1.66667,
5.54167,5.54167,
5.41667,5.41667,
1.44444,1.44444,
7.34615,7.34615,
1.75,1.75,
2.83333,2.83333,
6.36,6.36,
6.56,6.56,
0.916667,0.916667,
5.83333,5.83333,
10,10,
0.615385,0.615385,
2.125,2.125,
2.29412,2.29412,
0.882353,0.882353,
5.76471,5.76471,
8.14815,8.14815,
0.933333,0.933333,
5.26087,5.26087,
8.84615,8.84615,
8.6087,8.6087,
2.3,2.3,
3.94444,3.94444,
2.66667,2.66667,
2.05556,2.05556,
3,3,
12,12,
4.05,4.05,
2.39286,2.39286,
7.93103,7.93103,
8.34783,8.34783,
8.75,8.75,
1.33333,1.33333,
2,2,
2.46667,2.46667,
0.5,0.5,
1.14286,1.14286,
3.375,3.375,
0.25,0.25,
11.0333,11.0333,
8.4,8.4,
9.68966,9.68966,
6.10526,6.10526,
11.5357,11.5357,
1.5,1.5,
5.77778,5.77778,
3.46667,3.46667,
13.1786,13.1786,
11.8846,11.8846,
3.96552,3.96552,
8.57143,8.57143,
1.16667,1.16667,
2.86364,2.86364,
8.76,8.76,
7.96,7.96,
4.61111,4.61111,
4.10714,4.10714,
1.875,1.875,
5.6,5.6,
5.62963,5.62963,
8.2963,8.2963,
5,5,
1.88889,1.88889,
2.375,2.375,
5.35714,5.35714,
5.15385,5.15385,
3.18182,3.18182,
1.71429,1.71429,
3.86364,3.86364,
6.45455,6.45455,
4.28571,4.28571,
6.81481,6.81481,
2.05882,2.05882,
2.1,2.1,
8.43478,8.43478,
5.65,5.65,
5.77778,5.77778,
7.90909,7.90909,
8.16667,8.16667,
3.40909,3.40909,
8.4,8.4,
7.6,7.6,
4.80952,4.80952,
1.75,1.75,
0.875,0.875,
5.94444,5.94444,
3.14286,3.14286,
3.71429,3.71429,
6,6,
4.19231,4.19231,
3.28571,3.28571,
5.28,5.28,
2.47368,2.47368,
4.26923,4.26923,
0.833333,0.833333,
6.84211,6.84211,
11.2069,11.2069,
7.89474,7.89474,
5.59259,5.59259,
2.33333,2.33333,
1.92308,1.92308,
2.42857,2.42857,
4.42857,4.42857,
5.94444,5.94444,
10.2222,10.2222,
4.73684,4.73684,
10.7241,10.7241,
5,5,
5.44444,5.44444,
2.07692,2.07692,
4.875,4.875,
10.32,10.32,
3.2,3.2,
5.65385,5.65385,
2.55556,2.55556,
3.8125,3.8125,
8.76923,8.76923,
5.74074,5.74074,
1.94118,1.94118,
5.79167,5.79167,
4.47368,4.47368,
4,4,
2,2,
0.333333,0.333333,
8.64,8.64,
0.454545,0.454545,
5.91304,5.91304,
6.2,6.2,
2.29412,2.29412,
8.20833,8.20833,
1.72222,1.72222,
3.22727,3.22727,
2.39286,2.39286,
4.61905,4.61905,
10.0741,10.0741,
6.28571,6.28571,
3.10714,3.10714,
11.1538,11.1538,
4.65,4.65,
3.04762,3.04762,
3.10526,3.10526,
7.42308,7.42308,
6.81481,6.81481,
3.7619,3.7619,
0.5,0.5,
0.8,0.8,
8.15385,8.15385,
2.23529,2.23529,
4.16667,4.16667,
10,10,
1.91667,1.91667,
0.923077,0.923077,
13.3667,13.3667,
0.588235,0.588235,
2.53333,2.53333,
3.04762,3.04762,
4.10714,4.10714,
4.08696,4.08696,
1.08333,1.08333,
1.1875,1.1875,
0.416667,0.416667,
2.47368,2.47368,
3.73333,3.73333,
5.70833,5.70833,
1.61111,1.61111,
1.93333,1.93333,
1.33333,1.33333,
10.3214,10.3214,
1.7,1.7,
2.07692,2.07692,
4.63636,4.63636,
1.46154,1.46154,
5.07692,5.07692,
5.95455,5.95455,
3.13043,3.13043,
8.88462,8.88462,
9.3913,9.3913,
2.35714,2.35714,
12.6667,12.6667,
3.07143,3.07143,
3.86957,3.86957,
4.1875,4.1875,
2.11765,2.11765,
2.125,2.125,
2.82609,2.82609,
8.3,8.3,
7.06667,7.06667,
0.6,0.6,
5.2381,5.2381,
8.43478,8.43478,
11.5556,11.5556,
11.3704,11.3704,
1.0625,1.0625,
7.45833,7.45833,
8.90476,8.90476,
4,4,
4.19231,4.19231,
0.666667,0.666667,
6.92857,6.92857,
1.53846,1.53846,
0.6875,0.6875,
7.51724,7.51724,
6.40741,6.40741,
4.77273,4.77273,
1.30769,1.30769,
8.44,8.44,
1.27778,1.27778,
8.13043,8.13043,
6.04167,6.04167,
4.2381,4.2381,
8.36364,8.36364,
3.28571,3.28571,
3.76471,3.76471,
3.06667,3.06667,
3.83333,3.83333,
10.1667,10.1667,
7.33333,7.33333,
1.63636,1.63636,
3.94737,3.94737,
1.21429,1.21429,
4.67857,4.67857,
1.5625,1.5625,
0.153846,0.153846,
1.38889,1.38889,
1.06667,1.06667,
4.52381,4.52381,
8.16,8.16,
9.85714,9.85714,
3.95,3.95,
5,5,
7.125,7.125,
6.36364,6.36364,
7.05,7.05,
5.23077,5.23077,
9.88889,9.88889,
7.21429,7.21429,
2.55556,2.55556,
0.833333,0.833333,
5.51724,5.51724,
5.65,5.65,
6.77778,6.77778,
2.57143,2.57143,
5.34783,5.34783,
8.61538,8.61538,
2.26316,2.26316,
3.75,3.75,
5.47368,5.47368,
6.05263,6.05263,
5.31579,5.31579,
5.77778,5.77778,
4.73684,4.73684,
8.72414,8.72414,
6.5,6.5,
4.56,4.56,
6.58333,6.58333,
3.63636,3.63636,
2,2,
6.33333,6.33333,
1.83333,1.83333,
9.03571,9.03571,
6.61538,6.61538,
1.79167,1.79167,
1.66667,1.66667,
4.45833,4.45833,
5,5,
1.63636,1.63636,
2.07143,2.07143,
1.15,1.15,
11.1724,11.1724,
0.8,0.8,
4.5,4.5,
7.12,7.12,
3.95,3.95,
4.94444,4.94444,
8.48148,8.48148,
1.52632,1.52632,
4.45,4.45,
4.41176,4.41176,
0.833333,0.833333,
2.88235,2.88235,
5.45455,5.45455,
4.11111,4.11111,
2.8,2.8,
3.61111,3.61111,
2.61538,2.61538,
6.21429,6.21429,
0.333333,0.333333,
6.78261,6.78261,
5.1,5.1,
4.10526,4.10526,
1.36364,1.36364,
4.43478,4.43478,
1.84211,1.84211,
5.95455,5.95455,
3.6,3.6,
7.25,7.25,
2.33333,2.33333,
0.272727,0.272727,
0.8,0.8,
1.35714,1.35714,
4.8,4.8,
8.96296,8.96296,
6.13636,6.13636,
3.04762,3.04762,
2,2,
9.08,9.08,
0.928571,0.928571,
3.77778,3.77778,
8.69565,8.69565,
2.58824,2.58824,
4.04762,4.04762,
4.73077,4.73077,
7.68,7.68,
7.04762,7.04762,
8.96667,8.96667,
0.875,0.875,
4.5,4.5,
2.85714,2.85714,
3.58824,3.58824,
6.11111,6.11111,
1.625,1.625,
2.35,2.35,
6.73333,6.73333,
3.59259,3.59259,
8.70833,8.70833,
3.05882,3.05882,
3.07692,3.07692,
3.38095,3.38095,
4.875,4.875,
2.55556,2.55556,
7.70833,7.70833,
4.25,4.25,
1.53846,1.53846,
11.7037,11.7037,
10.2083,10.2083,
5.42105,5.42105,
8.44444,8.44444,
8.13333,8.13333,
10.1667,10.1667,
9.85714,9.85714,
2.73077,2.73077,
5.13043,5.13043,
2.16667,2.16667,
2.875,2.875,
4.21053,4.21053,
3.83333,3.83333,
0.916667,0.916667,
7.65217,7.65217,
3.86364,3.86364,
4,4,
4.92308,4.92308,
3.05263,3.05263,
4.41176,4.41176,
0.454545,0.454545,
0.75,0.75,
4,4,
5.9,5.9,
2.94118,2.94118,
4.76,4.76,
3.71429,3.71429,
3.35,3.35,
8.55556,8.55556,
4.68,4.68,
2.05263,2.05263,
6.15789,6.15789,
2.82353,2.82353,
4.57692,4.57692,
4.73913,4.73913,
4.34783,4.34783,
1.58824,1.58824,
2.09091,2.09091,
7.19231,7.19231,
4.13043,4.13043,
7.5,7.5,
8.53846,8.53846,
4.1,4.1,
9.51724,9.51724,
1.85714,1.85714,
1,1,
8.875,8.875,
6.36364,6.36364,
4.3913,4.3913,
6.04,6.04,
3.07692,3.07692,
6.13043,6.13043,
9.17241,9.17241,
4.1,4.1,
7.72414,7.72414,
3.61905,3.61905,
7.38095,7.38095,
0.666667,0.666667,
1.33333,1.33333,
5.45455,5.45455,
3.92857,3.92857,
5.95455,5.95455,
5.04545,5.04545,
1.8,1.8,
4.52381,4.52381,
7.08,7.08,
1.9,1.9,
3.42308,3.42308,
9.39286,9.39286,
2.375,2.375,
2.18182,2.18182,
9.62963,9.62963,
6.30435,6.30435,
7.62963,7.62963,
10.6333,10.6333,
0.3,0.3,
9.96,9.96,
6.3125,6.3125,
3.29412,3.29412,
3.47619,3.47619,
3.05882,3.05882,
1.5,1.5,
2.3913,2.3913,
2.48,2.48,
2.77778,2.77778,
4.95,4.95,
2.625,2.625,
2.35294,2.35294,
2.52632,2.52632,
4.93333,4.93333,
1.79167,1.79167,
1.5,1.5,
7.72727,7.72727,
6.07692,6.07692,
6.82609,6.82609,
8.34615,8.34615,
13.5862,13.5862,
5.61905,5.61905,
4.26667,4.26667,
7.32143,7.32143,
4.79167,4.79167,
4.53846,4.53846,
5.04167,5.04167,
4.69565,4.69565,
5.04762,5.04762,
5.75,5.75,
3.6875,3.6875,
6.6,6.6,
8.19048,8.19048,
1.05263,1.05263,
5.18182,5.18182,
5.52941,5.52941,
3.61111,3.61111,
1.30769,1.30769,
4.78261,4.78261,
4.63636,4.63636,
5.95,5.95,
2,2,
2.7619,2.7619,
7,7,
2.07143,2.07143,
9.56667,9.56667,
3.21053,3.21053,
12.1667,12.1667,
6.375,6.375,
1.6,1.6,
7.52,7.52,
4.68182,4.68182,
0.818182,0.818182,
0.5,0.5,
5.71429,5.71429,
3.75,3.75,
2.26316,2.26316,
2.47059,2.47059,
2.23077,2.23077,
5.68966,5.68966,
5.73077,5.73077,
8.6,8.6,
1.35714,1.35714,
2.15385,2.15385,
4.8125,4.8125,
2.88235,2.88235,
2.55556,2.55556,
8.66667,8.66667,
3.875,3.875,
4.70588,4.70588,
1.76471,1.76471,
3.27778,3.27778,
6.95,6.95,
3.78261,3.78261,
3.73684,3.73684,
7.12,7.12,
2.84615,2.84615,
7.38095,7.38095,
0.875,0.875,
5.11111,5.11111,
2.04762,2.04762,
6.82609,6.82609,
2.17647,2.17647,
3.36842,3.36842,
9.25,9.25,
1.09091,1.09091,
1.73684,1.73684,
2.21429,2.21429,
10.8214,10.8214,
6.52,6.52,
6.36,6.36,
11.0417,11.0417,
8.2963,8.2963,
3.83333,3.83333,
3,3,
9.86957,9.86957,
4.77273,4.77273,
6.84,6.84,
0.454545,0.454545,
3.22222,3.22222,
6.73077,6.73077,
7.125,7.125,
2.77778,2.77778,
3.35294,3.35294,
8.66667,8.66667,
4.57895,4.57895,
2.84615,2.84615,
4.77778,4.77778,
9.82143,9.82143,
6.22727,6.22727,
8.32143,8.32143,
0.642857,0.642857,
11.8148,11.8148,
2.38095,2.38095,
2.91667,2.91667,
3.78947,3.78947,
4.45455,4.45455,
10.2083,10.2083,
9.47826,9.47826,
1.55556,1.55556,
4.95833,4.95833,
1.94118,1.94118,
2.11111,2.11111,
2.26316,2.26316,
4.16667,4.16667,
1.66667,1.66667,
6.26316,6.26316,
4.89286,4.89286,
9.30769,9.30769,
2.46667,2.46667,
1.77778,1.77778,
3.78947,3.78947,
1.38889,1.38889,
4.77273,4.77273,
3.75,3.75,
3.66667,3.66667,
4.71429,4.71429,
9.56,9.56,
1.23529,1.23529,
5.04348,5.04348,
6.81818,6.81818,
3.77273,3.77273,
4.22727,4.22727,
6.85,6.85,
0.933333,0.933333,
3.84211,3.84211,
4.92308,4.92308,
2.23529,2.23529,
2.8,2.8,
5.4,5.4,
6.55172,6.55172,
2.93333,2.93333,
7.32143,7.32143,
0.818182,0.818182,
8.45833,8.45833,
1.875,1.875,
7.96296,7.96296,
1.11111,1.11111,
2.28571,2.28571,
4.66667,4.66667,
5.23333,5.23333,
4,4,
9.35714,9.35714,
0.545455,0.545455,
4.86364,4.86364,
1.91667,1.91667,
2.33333,2.33333,
5.84615,5.84615,
1.27778,1.27778,
4.05,4.05,
11.9643,11.9643,
1.85714,1.85714,
6.32,6.32,
2.78571,2.78571,
6.06667,6.06667,
2.45,2.45,
3.73684,3.73684,
2.94737,2.94737,
0.818182,0.818182,
5.6875,5.6875,
1.55556,1.55556,
7.38095,7.38095,
2,2,
3.11111,3.11111,
11.4138,11.4138,
5.77273,5.77273,
2.05556,2.05556,
5.85,5.85,
6.14815,6.14815,
1.53333,1.53333,
7.11111,7.11111,
1.89474,1.89474,
3.66667,3.66667,
5.66667,5.66667,
8.05556,8.05556,
2.2,2.2,
2.29412,2.29412,
4.08696,4.08696,
0.933333,0.933333,
5,5,
5.55172,5.55172,
4.45455,4.45455,
5.85185,5.85185,
2.33333,2.33333,
9.84615,9.84615,
4.85714,4.85714,
2.33333,2.33333,
10.6957,10.6957,
2.05556,2.05556,
2.90476,2.90476,
2.15,2.15,
3.66667,3.66667,
5.72222,5.72222,
0.85,0.85,
7,7,
12.4074,12.4074,
2.05882,2.05882,
6.89286,6.89286,
5.15789,5.15789,
4.56522,4.56522,
3.5,3.5,
7.47059,7.47059,
5.42308,5.42308,
2.55556,2.55556,
1.94444,1.94444,
7.35714,7.35714,
1,1,
2.89474,2.89474,
7,7,
3.76667,3.76667,
3.05556,3.05556,
3.73913,3.73913,
3.25,3.25,
2.55556,2.55556,
2.92857,2.92857,
6.15385,6.15385,
2.14286,2.14286,
6.27273,6.27273,
10.963,10.963,
2.8,2.8,
2.57895,2.57895,
5.7619,5.7619,
2.8,2.8,
6.15789,6.15789,
4.34783,4.34783,
8.45,8.45,
9.82143,9.82143,
9.46154,9.46154,
6.375,6.375,
4.38462,4.38462,
2.25,2.25,
3.41176,3.41176,
8.64286,8.64286,
2.13043,2.13043,
3.18182,3.18182,
2.41176,2.41176,
6.37037,6.37037,
8.88462,8.88462,
0.461538,0.461538,
5.04348,5.04348,
7.5,7.5,
0.642857,0.642857,
9.92,9.92,
6.45161,6.45161,
3.8,3.8,
4.55556,4.55556,
4.86364,4.86364,
8.44828,8.44828,
4.19231,4.19231,
8.72414,8.72414,
6.25,6.25,
5.57143,5.57143,
0.625,0.625,
3.53846,3.53846,
5.2,5.2,
5.08696,5.08696,
4.63636,4.63636,
3.36842,3.36842,
1.66667,1.66667,
7.88889,7.88889,
10.1667,10.1667,
1.82353,1.82353,
1.45455,1.45455,
5.625,5.625,
5.07692,5.07692,
8.4,8.4,
5.05263,5.05263,
2.05263,2.05263,
11.12,11.12,
11.6296,11.6296,
1.3,1.3,
3.125,3.125,
2.95238,2.95238,
5.3913,5.3913,
1.47059,1.47059,
6.48,6.48,
9.54167,9.54167,
1.77778,1.77778,
10.25,10.25,
3.16667,3.16667,
8.70833,8.70833,
1.42857,1.42857,
3.52,3.52,
0.375,0.375,
2.28571,2.28571,
2.63158,2.63158,
6.78261,6.78261,
3.44444,3.44444,
5.52941,5.52941,
2.06667,2.06667,
2.80952,2.80952,
8.4,8.4,
4.21053,4.21053,
1.76471,1.76471,
2.3125,2.3125,
6.90323,6.90323,
4.95652,4.95652,
2.72727,2.72727,
5.89655,5.89655,
6.11111,6.11111,
5.92593,5.92593,
7.64,7.64,
1.875,1.875,
13.7241,13.7241,
9.2,9.2,
9.65217,9.65217,
2.23529,2.23529,
